0	0	0	0	0	23	0	1	4	0	0	0	0	0	0	0	37	0	11	0	28	51	0	32	20	6	0	0	3	0	15	0	7	19	9	0	0	0	2	10	0	0	0	0	6	0	0	0	0	0	0	15	16	0	24	0	0	3	0	0	1	0	0	0	0	0	13	54	0	0	0	0	0	1
0	52	43	4	82	3	0	47	3	14	0	0	280	25	3	0	43	14	0	50	2	3	0	0	0	0	0	0	3	1	14	1889	8	217	29	1	0	16	1	75	0	36	0	105	11	54	16	1	0	1	0	7	0	0	3	2	19	13	51	0	65	102	0	6	0	2	3	32	0	21	13	26	21	15
0	43	0	0	0	0	0	0	2	520	0	0	1	292	91	0	7	34	0	8	8	0	0	0	0	0	0	0	0	0	0	52	0	5	0	0	0	0	0	0	0	0	0	0	2	0	0	3	0	0	0	0	0	0	0	0	187	0	10	0	0	106	0	0	0	57	0	0	0	12	0	43	29	4
0	4	0	0	0	0	0	0	2	1	0	0	0	2	0	0	2	0	0	0	1	0	0	0	0	1	0	0	0	0	0	6	0	0	0	0	0	0	0	0	0	0	0	0	0	0	0	0	0	0	0	0	0	0	0	0	0	0	0	0	0	1	0	0	0	38	0	0	0	0	0	4	17	0
0	82	0	0	0	1	0	0	0	0	4	0	247	91	0	0	6	1	2	4	0	0	0	0	0	0	0	0	0	0	0	2865	1	1772	0	0	0	0	0	0	0	0	0	0	0	0	0	1	0	0	0	0	0	0	0	0	0	0	0	0	0	355	0	0	0	0	0	0	3	1	0	72	34	0
23	3	0	0	1	0	0	0	0	204	0	0	0	0	0	0	890	47	173	24	514	90	0	83	61	572	0	0	54	0	96	0	294	391	199	0	0	0	175	228	0	0	7	28	338	5	0	0	0	0	190	660	491	0	159	30	175	239	0	0	1	5	0	0	0	6	204	79	0	107	6	6	9	334
0	0	0	0	0	0	0	0	0	0	0	0	0	0	0	0	0	0	0	0	0	0	0	0	0	0	0	0	0	0	0	0	0	0	0	0	0	0	0	0	0	0	0	0	0	0	0	0	0	0	0	0	0	0	0	0	0	0	0	0	0	0	0	0	0	0	0	0	0	0	0	0	0	0
1	47	0	0	0	0	0	0	1	6	0	0	486	0	0	0	41	0	10	4	80	0	0	0	0	8	0	0	0	0	2	2357	14	961	0	0	0	0	0	0	0	0	0	0	0	0	0	0	0	0	0	0	0	0	0	0	0	0	170	0	0	0	0	0	0	0	0	0	0	0	2	37	0	0
4	3	2	2	0	0	0	1	0	4	0	0	5	10	0	0	2	0	2	0	0	0	0	0	0	0	0	0	1	0	0	7	2	1	1	0	0	0	0	5	0	1	0	0	0	0	1	0	0	3	0	0	0	0	0	0	19	0	0	0	4	16	0	1	0	0	0	1	0	0	1	7	0	0
0	14	520	1	0	204	0	6	4	0	0	0	1	5	79	0	5	103	188	272	5	0	0	0	0	6	0	0	0	0	36	1	20	23	15	219	0	0	0	21	0	186	0	335	0	23	9	1	0	10	59	18	641	0	12	0	646	39	1	0	56	91	0	0	0	423	1	1	0	591	12	38	0	1
0	0	0	0	4	0	0	0	0	0	0	0	0	0	0	0	0	0	0	10	0	0	0	0	0	0	0	0	0	0	0	0	0	0	0	0	0	0	0	0	0	2	0	6	0	0	0	0	0	0	0	0	0	0	0	0	0	0	0	0	0	20	0	0	0	0	0	0	0	0	0	0	0	0
0	0	0	0	0	0	0	0	0	0	0	0	0	0	0	0	0	0	0	0	0	0	0	0	0	0	0	0	0	0	0	0	0	0	0	0	0	0	0	0	0	0	0	0	0	0	0	0	0	0	0	0	0	0	0	0	0	0	0	0	0	0	0	0	0	0	0	0	0	0	0	0	0	0
0	280	1	0	247	0	0	486	5	1	0	0	0	0	2	1	69	0	94	247	113	0	0	0	1	11	0	0	17	0	1	2966	503	3900	29	1	0	1	45	1115	0	1	0	1	3	432	1	0	0	21	0	3	3	0	18	9	125	22	28	0	1	3	0	0	0	7	6	1	0	53	302	120	0	34
0	25	292	2	91	0	0	0	10	5	0	0	0	0	1	0	0	0	2	5	17	0	0	0	0	0	0	0	1	0	72	2308	3	6	2	4	0	96	0	3	0	29	1	402	2	4	103	8	0	9	0	0	0	0	0	46	38	4	17	0	481	1355	0	118	0	18	1	0	0	9	1	73	44	0
0	3	91	0	0	0	0	0	0	79	0	0	2	1	0	0	1	0	166	0	19	0	0	15	16	0	0	0	0	0	0	1	0	0	0	33	0	0	0	0	0	0	0	113	0	0	0	68	0	0	0	0	4	0	0	0	45	0	2	0	0	2	0	0	0	80	0	36	0	2	0	3	0	0
0	0	0	0	0	0	0	0	0	0	0	0	1	0	0	0	0	0	0	0	0	0	0	0	0	0	0	0	0	0	0	10	0	8	0	0	0	0	0	0	0	0	0	0	0	0	0	0	0	0	0	0	0	0	0	0	0	0	0	0	0	0	0	0	0	0	0	0	0	0	0	0	0	0
37	43	7	2	6	890	0	41	2	5	0	0	69	0	1	0	0	4	241	58	1245	96	0	37	1	735	0	0	37	0	11	0	400	355	79	0	0	17	168	725	0	0	0	54	40	34	3	0	0	0	1	522	180	0	186	16	35	163	41	0	28	92	0	0	5	1	178	148	0	2	47	101	3	26
0	14	34	0	1	47	0	0	0	103	0	0	0	0	0	0	4	0	0	7	0	0	0	0	0	0	0	0	0	0	5	0	3	0	2	5	0	14	0	0	0	2	0	102	0	33	12	0	0	310	1	0	39	0	0	0	20	31	0	0	34	30	0	0	0	1	0	0	0	1	1	46	0	4
11	0	0	0	2	173	0	10	2	188	0	0	94	2	166	0	241	0	0	470	313	86	4	10	2	235	0	0	37	0	24	3	72	167	22	0	0	6	2	26	0	0	0	156	6	0	0	0	0	0	0	43	198	0	2	18	228	134	172	0	0	1	0	0	0	1	14	176	0	21	22	0	1	419
0	50	8	0	4	24	0	4	0	272	10	0	247	5	0	0	58	7	470	0	9	46	0	297	278	9	0	0	22	0	38	14	54	363	76	1	0	0	1	188	0	2	0	37	127	44	1	1	0	0	4	2	329	0	301	361	500	161	135	0	3	22	0	0	0	35	126	142	1	319	152	43	1	1
28	2	8	1	0	514	0	80	0	5	0	0	113	17	19	0	1245	0	313	9	0	66	0	12	2	895	0	0	51	1	1	0	840	1033	113	0	0	2	139	957	0	0	0	17	51	23	9	0	0	0	0	334	99	0	94	34	21	169	9	0	8	3	0	2	0	0	21	101	0	9	262	7	0	2
51	3	0	0	0	90	0	0	0	0	0	0	0	0	0	0	96	0	86	46	66	0	0	258	103	137	0	0	5	0	1	0	4	319	0	0	0	0	0	0	0	0	6	0	156	0	0	0	0	0	2	309	0	0	0	0	0	0	8	0	0	0	0	0	0	0	0	0	0	0	0	3	0	107
0	0	0	0	0	0	0	0	0	0	0	0	0	0	0	0	0	0	4	0	0	0	0	0	0	0	0	0	0	0	0	0	0	0	0	0	0	0	0	0	0	0	0	0	0	0	0	0	0	0	0	3	0	0	0	17	0	0	0	0	0	0	0	0	0	0	0	0	0	0	0	0	0	0
32	0	0	0	0	83	0	0	0	0	0	0	0	0	15	0	37	0	10	297	12	258	0	0	1129	3	0	0	0	0	0	0	15	7	42	0	0	0	4	2	0	0	0	0	144	2	0	0	0	0	0	368	0	0	455	548	15	10	2	0	0	0	0	0	0	0	0	521	0	0	0	0	0	4
20	0	0	0	0	61	0	0	0	0	0	0	1	0	16	0	1	0	2	278	2	103	0	1129	0	0	0	0	0	0	1	0	2	7	2	0	0	0	0	0	0	0	0	2	55	0	0	0	0	0	0	1	42	0	117	170	4	0	0	0	0	0	0	0	0	0	0	151	0	1	0	0	1	0
6	0	0	1	0	572	0	8	0	6	0	0	11	0	0	0	735	0	235	9	895	137	0	3	0	0	0	0	64	0	4	0	577	124	90	0	0	1	82	398	0	0	0	0	23	6	1	0	0	0	0	319	140	0	197	15	12	182	3	0	0	0	0	0	0	0	179	80	0	2	195	4	0	8
0	0	0	0	0	0	0	0	0	0	0	0	0	0	0	0	0	0	0	0	0	0	0	0	0	0	0	0	0	22	0	0	0	0	0	0	0	0	0	0	0	0	0	0	0	0	0	0	0	0	0	0	0	0	0	0	0	0	0	0	0	0	0	0	0	0	0	0	0	0	0	0	0	0
0	0	0	0	0	0	0	0	0	0	0	0	0	0	0	0	0	0	0	0	0	0	0	0	0	0	0	0	0	0	0	0	0	0	0	0	0	0	0	0	0	0	0	0	0	0	0	0	0	0	0	0	0	0	0	0	0	0	0	0	0	0	0	0	0	0	0	0	0	0	0	0	0	0
3	3	0	0	0	54	0	0	1	0	0	0	17	1	0	0	37	0	37	22	51	5	0	0	0	64	0	0	0	0	0	0	31	191	17	0	0	1	0	20	0	0	0	0	9	0	0	0	0	0	0	99	0	0	1	1	18	13	238	0	0	0	0	0	0	0	11	8	0	1	2	3	0	0
0	1	0	0	0	0	0	0	0	0	0	0	0	0	0	0	0	0	0	0	1	0	0	0	0	0	22	0	0	0	0	6	0	0	0	0	0	0	0	0	0	0	0	0	0	0	0	0	0	0	0	0	0	0	0	0	0	0	0	0	0	0	0	0	0	251	0	0	0	0	0	1	3	0
15	14	0	0	0	96	0	2	0	36	0	0	1	72	0	0	11	5	24	38	1	1	0	0	1	4	0	0	0	0	0	80	0	57	0	0	0	0	0	0	0	0	0	0	50	0	0	0	0	0	163	6	4	0	0	0	84	2	2	0	0	4	0	0	0	0	4	0	0	1	0	14	0	158
0	1889	52	6	2865	0	0	2357	7	1	0	0	2966	2308	1	10	0	0	3	14	0	0	0	0	0	0	0	0	0	6	80	0	16	945	0	0	0	0	0	2845	0	0	1	668	1	1700	135	0	0	0	0	0	0	0	0	2	100	56	2	0	9	865	0	3225	0	1	0	0	714	11	2	407	18	1
7	8	0	0	1	294	0	14	2	20	0	0	503	3	0	0	400	3	72	54	840	4	0	15	2	577	0	0	31	0	0	16	0	255	25	0	0	6	20	91	0	0	12	4	3	6	0	0	0	0	0	191	0	0	3	6	5	11	12	1	1	17	0	0	0	1	1	8	3	1	45	5	0	2
19	217	5	0	1772	391	0	961	1	23	0	0	3900	6	0	8	355	0	167	363	1033	319	0	7	7	124	0	0	191	0	57	945	255	0	168	0	0	1	37	3093	0	0	4	14	13	2099	0	0	0	185	5	588	83	0	371	16	308	1756	107	0	2	5	0	2	0	42	1170	122	3	384	972	169	5	156
9	29	0	0	0	199	0	0	1	15	0	0	29	2	0	0	79	2	22	76	113	0	0	42	2	90	0	0	17	0	0	0	25	168	0	0	0	0	10	0	0	0	0	0	2	0	0	0	0	0	0	167	0	0	0	0	10	0	320	1	0	23	0	0	0	0	0	0	0	0	0	29	0	0
0	1	0	0	0	0	0	0	0	219	0	0	1	4	33	0	0	5	0	1	0	0	0	0	0	0	0	0	0	0	0	0	0	0	0	0	0	0	0	0	0	0	0	0	0	0	0	12	0	0	1	0	0	0	0	0	3	0	0	0	0	18	0	0	0	190	0	0	0	0	0	1	30	18
0	0	0	0	0	0	0	0	0	0	0	0	0	0	0	0	0	0	0	0	0	0	0	0	0	0	0	0	0	0	0	0	0	0	0	0	0	0	0	0	0	0	0	0	0	0	0	0	0	0	0	0	0	0	0	0	0	0	0	0	0	0	0	0	0	0	0	0	0	0	0	0	0	0
0	16	0	0	0	0	0	0	0	0	0	0	1	96	0	0	17	14	6	0	2	0	0	0	0	1	0	0	1	0	0	0	6	1	0	0	0	0	0	0	0	0	0	0	2	0	0	0	0	0	0	0	0	0	0	2	3	0	74	0	0	2	0	0	0	0	0	0	0	0	0	15	1	0
2	1	0	0	0	175	0	0	0	0	0	0	45	0	0	0	168	0	2	1	139	0	0	4	0	82	0	0	0	0	0	0	20	37	10	0	0	0	0	15	0	0	0	0	4	0	1	0	0	0	0	85	0	0	0	0	0	0	0	0	0	0	0	0	0	0	0	0	0	0	0	1	0	0
10	75	0	0	0	228	0	0	5	21	0	0	1115	3	0	0	725	0	26	188	957	0	0	2	0	398	0	0	20	0	0	2845	91	3093	0	0	0	0	15	0	0	0	12	0	6	0	0	0	0	0	0	206	0	0	0	0	4	0	58	2	0	0	0	0	0	1	0	0	0	4	2	52	1	24
0	0	0	0	0	0	0	0	0	0	0	0	0	0	0	0	0	0	0	0	0	0	0	0	0	0	0	0	0	0	0	0	0	0	0	0	0	0	0	0	0	0	0	0	0	0	0	0	0	0	0	0	0	0	0	0	0	0	0	0	0	0	0	0	0	0	0	0	0	0	0	0	0	0
0	36	0	0	0	0	0	0	1	186	2	0	1	29	0	0	0	2	0	2	0	0	0	0	0	0	0	0	0	0	0	0	0	0	0	0	0	0	0	0	0	0	0	0	0	0	0	0	0	0	0	0	0	0	0	0	13	0	148	0	0	1	0	0	0	0	0	0	0	0	0	36	1	0
0	0	0	0	0	7	0	0	0	0	0	0	0	1	0	0	0	0	0	0	0	6	0	0	0	0	0	0	0	0	0	1	12	4	0	0	0	0	0	12	0	0	0	1	0	0	0	0	0	0	0	12	0	0	0	0	1	0	0	0	0	1	0	0	0	0	1	0	0	0	0	4	0	0
0	105	0	0	0	28	0	0	0	335	6	0	1	402	113	0	54	102	156	37	17	0	0	0	2	0	0	0	0	0	0	668	4	14	0	0	0	0	0	0	0	0	1	0	0	0	0	5	0	0	3	0	0	0	0	0	69	0	0	0	0	614	0	0	0	3	0	0	3	4	0	105	50	243
6	11	2	0	0	338	0	0	0	0	0	0	3	2	0	0	40	0	6	127	51	156	0	144	55	23	0	0	9	0	50	1	3	13	2	0	0	2	4	6	0	0	0	0	428	3	0	0	0	0	170	92	206	0	181	9	108	1	0	0	0	3	0	0	0	0	14	14	0	2	4	11	2	49
0	54	0	0	0	5	0	0	0	23	0	0	432	4	0	0	34	33	0	44	23	0	0	2	0	6	0	0	0	0	0	1700	6	2099	0	0	0	0	0	0	0	0	0	0	3	0	0	0	0	0	0	24	0	0	0	0	0	0	0	0	0	40	0	0	0	0	0	0	0	2	0	38	25	1
0	16	0	0	0	0	0	0	1	9	0	0	1	103	0	0	3	12	0	1	9	0	0	0	0	1	0	0	0	0	0	135	0	0	0	0	0	0	1	0	0	0	0	0	0	0	0	0	0	0	0	0	0	0	0	0	0	0	102	0	0	11	0	0	0	0	0	0	0	0	0	16	0	1
0	1	3	0	1	0	0	0	0	1	0	0	0	8	68	0	0	0	0	1	0	0	0	0	0	0	0	0	0	0	0	0	0	0	0	12	0	0	0	0	0	0	0	5	0	0	0	0	0	0	0	0	0	0	0	0	5	0	0	0	2	5	0	0	0	1	0	0	1	0	0	4	0	0
0	0	0	0	0	0	0	0	0	0	0	0	0	0	0	0	0	0	0	0	0	0	0	0	0	0	0	0	0	0	0	0	0	0	0	0	0	0	0	0	0	0	0	0	0	0	0	0	0	0	0	0	0	0	0	0	0	0	0	0	0	0	0	0	0	0	0	0	0	0	0	0	0	0
0	1	0	0	0	0	0	0	3	10	0	0	21	9	0	0	0	310	0	0	0	0	0	0	0	0	0	0	0	0	0	0	0	185	0	0	0	0	0	0	0	0	0	0	0	0	0	0	0	0	0	0	0	0	0	0	0	0	0	0	0	0	0	0	0	0	0	0	0	0	0	1	0	0
0	0	0	0	0	190	0	0	0	59	0	0	0	0	0	0	1	1	0	4	0	2	0	0	0	0	0	0	0	0	163	0	0	5	0	1	0	0	0	0	0	0	0	3	170	0	0	0	0	0	0	1	119	0	6	0	38	0	0	0	0	0	0	0	0	0	0	0	0	22	0	0	0	193
15	7	0	0	0	660	0	0	0	18	0	0	3	0	0	0	522	0	43	2	334	309	3	368	1	319	0	0	99	0	6	0	191	588	167	0	0	0	85	206	0	0	12	0	92	24	0	0	0	0	1	0	13	0	280	7	11	41	1	0	0	0	0	0	0	0	143	152	0	0	10	7	0	2
16	0	0	0	0	491	0	0	0	641	0	0	3	0	4	0	180	39	198	329	99	0	0	0	42	140	0	0	0	0	4	0	0	83	0	0	0	0	0	0	0	0	0	0	206	0	0	0	0	0	119	13	0	0	0	0	331	0	2	0	0	0	0	0	0	0	0	0	0	12	0	0	0	715
0	0	0	0	0	0	0	0	0	0	0	0	0	0	0	0	0	0	0	0	0	0	0	0	0	0	0	0	0	0	0	0	0	0	0	0	0	0	0	0	0	0	0	0	0	0	0	0	0	0	0	0	0	0	0	0	0	0	0	0	0	0	0	0	0	0	0	0	0	0	0	0	0	0
24	3	0	0	0	159	0	0	0	12	0	0	18	0	0	0	186	0	2	301	94	0	0	455	117	197	0	0	1	0	0	0	3	371	0	0	0	0	0	0	0	0	0	0	181	0	0	0	0	0	6	280	0	0	0	29	0	0	6	0	0	0	0	0	0	0	0	0	0	0	0	3	5	4
0	2	0	0	0	30	0	0	0	0	0	0	9	46	0	0	16	0	18	361	34	0	17	548	170	15	0	0	1	0	0	2	6	16	0	0	0	2	0	0	0	0	0	0	9	0	0	0	0	0	0	7	0	0	29	0	113	0	2	0	0	1	0	0	0	0	0	1	0	23	2	2	0	1
0	19	187	0	0	175	0	0	19	646	0	0	125	38	45	0	35	20	228	500	21	0	0	15	4	12	0	0	18	0	84	100	5	308	10	3	0	3	0	4	0	13	1	69	108	0	0	5	0	0	38	11	331	0	0	113	0	14	92	0	0	85	0	0	0	18	7	1	4	351	9	21	19	163
3	13	0	0	0	239	0	0	0	39	0	0	22	4	0	0	163	31	134	161	169	0	0	10	0	182	0	0	13	0	2	56	11	1756	0	0	0	0	0	0	0	0	0	0	1	0	0	0	0	0	0	41	0	0	0	0	14	0	484	0	0	42	0	0	0	3	0	0	0	3	0	13	9	308
0	51	10	0	0	0	0	170	0	1	0	0	28	17	2	0	41	0	172	135	9	8	0	2	0	3	0	0	238	0	2	2	12	107	320	0	0	74	0	58	0	148	0	0	0	0	102	0	0	0	0	1	2	0	6	2	92	484	0	0	22	2	0	0	0	0	644	60	0	228	42	77	7	25
0	0	0	0	0	0	0	0	0	0	0	0	0	0	0	0	0	0	0	0	0	0	0	0	0	0	0	0	0	0	0	0	1	0	1	0	0	0	0	2	0	0	0	0	0	0	0	0	0	0	0	0	0	0	0	0	0	0	0	0	0	0	0	0	0	0	0	0	0	0	0	0	0	0
1	65	0	0	0	1	0	0	4	56	0	0	1	481	0	0	28	34	0	3	8	0	0	0	0	0	0	0	0	0	0	9	1	2	0	0	0	0	0	0	0	0	0	0	0	0	0	2	0	0	0	0	0	0	0	0	0	0	22	0	0	310	0	0	0	6	0	0	0	1	1	65	11	0
0	102	106	1	355	5	0	0	16	91	20	0	3	1355	2	0	92	30	1	22	3	0	0	0	0	0	0	0	0	0	4	865	17	5	23	18	0	2	0	0	0	1	1	614	3	40	11	5	0	0	0	0	0	0	0	1	85	42	2	0	310	0	0	21	0	3	0	34	94	27	1	167	63	19
0	0	0	0	0	0	0	0	0	0	0	0	0	0	0	0	0	0	0	0	0	0	0	0	0	0	0	0	0	0	0	0	0	0	0	0	0	0	0	0	0	0	0	0	0	0	0	0	0	0	0	0	0	0	0	0	0	0	0	0	0	0	0	0	0	0	0	0	0	0	0	0	0	0
0	6	0	0	0	0	0	0	1	0	0	0	0	118	0	0	0	0	0	0	2	0	0	0	0	0	0	0	0	0	0	3225	0	2	0	0	0	0	0	0	0	0	0	0	0	0	0	0	0	0	0	0	0	0	0	0	0	0	0	0	0	21	0	0	0	0	0	0	0	0	0	4	0	0
0	0	0	0	0	0	0	0	0	0	0	0	0	0	0	0	5	0	0	0	0	0	0	0	0	0	0	0	0	0	0	0	0	0	0	0	0	0	0	0	0	0	0	0	0	0	0	0	0	0	0	0	0	0	0	0	0	0	0	0	0	0	0	0	0	0	0	0	0	0	0	0	0	0
0	2	57	38	0	6	0	0	0	423	0	0	7	18	80	0	1	1	1	35	0	0	0	0	0	0	0	0	0	251	0	1	1	42	0	190	0	0	0	1	0	0	0	3	0	0	0	1	0	0	0	0	0	0	0	0	18	3	0	0	6	3	0	0	0	0	0	0	0	0	1	2	1	1
13	3	0	0	0	204	0	0	0	1	0	0	6	1	0	0	178	0	14	126	21	0	0	0	0	179	0	0	11	0	4	0	1	1170	0	0	0	0	0	0	0	0	1	0	14	0	0	0	0	0	0	143	0	0	0	0	7	0	644	0	0	0	0	0	0	0	0	0	0	0	0	3	0	102
54	32	0	0	0	79	0	0	1	1	0	0	1	0	36	0	148	0	176	142	101	0	0	521	151	80	0	0	8	0	0	0	8	122	0	0	0	0	0	0	0	0	0	0	14	0	0	0	0	0	0	152	0	0	0	1	1	0	60	0	0	34	0	0	0	0	0	0	0	0	0	32	1	433
0	0	0	0	3	0	0	0	0	0	0	0	0	0	0	0	0	0	0	1	0	0	0	0	0	0	0	0	0	0	0	714	3	3	0	0	0	0	0	0	0	0	0	3	0	0	0	1	0	0	0	0	0	0	0	0	4	0	0	0	0	94	0	0	0	0	0	0	0	1	0	3	11	0
0	21	12	0	1	107	0	0	0	591	0	0	53	9	2	0	2	1	21	319	9	0	0	0	1	2	0	0	1	0	1	11	1	384	0	0	0	0	0	4	0	0	0	4	2	2	0	0	0	0	22	0	12	0	0	23	351	3	228	0	1	27	0	0	0	0	0	0	1	0	4	20	2	9
0	13	0	0	0	6	0	2	1	12	0	0	302	1	0	0	47	1	22	152	262	0	0	0	0	195	0	0	2	0	0	2	45	972	0	0	0	0	0	2	0	0	0	0	4	0	0	0	0	0	0	10	0	0	0	2	9	0	42	0	1	1	0	0	0	1	0	0	0	4	0	12	1	0
0	26	43	4	72	6	0	37	7	38	0	0	120	73	3	0	101	46	0	43	7	3	0	0	0	4	0	0	3	1	14	407	5	169	29	1	0	15	1	52	0	36	4	105	11	38	16	4	0	1	0	7	0	0	3	2	21	13	77	0	65	167	0	4	0	2	3	32	3	20	12	0	67	36
0	21	29	17	34	9	0	0	0	0	0	0	0	44	0	0	3	0	1	1	0	0	0	0	1	0	0	0	0	3	0	18	0	5	0	30	0	1	0	1	0	1	0	50	2	25	0	0	0	0	0	0	0	0	5	0	19	9	7	0	11	63	0	0	0	1	0	1	11	2	1	67	0	0
1	15	4	0	0	334	0	0	0	1	0	0	34	0	0	0	26	4	419	1	2	107	0	4	0	8	0	0	0	0	158	1	2	156	0	18	0	0	0	24	0	0	0	243	49	1	1	0	0	0	193	2	715	0	4	1	163	308	25	0	0	19	0	0	0	1	102	433	0	9	0	36	0	0
