0	0	0	0	0	0	0	2	0	0	0	0	108	0	0	0	2	0	7	3	0	0	0	123	121	0	0	0	107	0	7	0	18	68	68	0	0	0	0	43	1	0	0	0	31	0	0	0	0	0	1	129	0	0	239	19	1	3	0	0	0	0	0	0	0	0	153	0	0	1	80	0	0	0
0	0	18	3	168	0	5	338	0	2	1	0	335	17	6	32	150	1	16	3	112	4	0	3	1	81	1	0	98	0	0	0	163	144	187	1	0	0	0	321	23	7	0	2	12	6	14	3	0	0	0	316	3	0	7	1	19	10	76	0	21	30	0	170	0	1	2	1	1	2	259	0	3	0
0	18	0	8	205	0	5	11	0	461	61	0	23	646	403	108	12	17	13	19	7	0	25	0	0	5	754	0	18	0	40	0	179	12	20	242	0	0	0	16	345	137	0	258	9	0	178	345	0	0	0	16	1	0	0	2	427	4	9	0	220	375	0	42	0	231	0	2	7	95	8	144	31	10
0	3	8	0	9	0	0	0	0	4	0	0	0	0	4	0	1	1	0	0	0	0	0	0	0	0	162	0	0	0	0	0	1	0	6	0	0	0	0	0	37	0	0	0	0	0	0	0	0	0	0	0	0	0	0	1	2	5	0	0	0	8	0	0	0	0	0	0	0	0	8	0	4	0
0	168	205	9	0	0	0	2	0	1	372	0	454	182	21	359	14	57	1	3	6	0	1	0	0	0	16	0	0	0	14	0	50	719	3	14	0	0	0	403	95	378	0	2	0	10	10	4	0	0	0	1	0	0	9	1	53	95	4	0	149	1239	0	416	0	0	2	2	73	26	56	371	1256	6
0	0	0	0	0	0	0	0	0	0	0	0	0	0	0	0	0	0	0	0	0	0	0	0	0	0	0	0	0	0	0	0	0	0	0	0	0	0	0	0	0	0	0	0	0	0	0	0	0	0	0	0	0	0	0	0	0	0	0	0	0	0	0	0	0	0	0	0	0	0	0	0	0	0
0	5	5	0	0	0	0	0	0	0	35	0	0	0	6	0	12	27	0	1	9	0	0	4	0	5	0	0	1	0	1	0	5	0	1	0	0	0	0	1	144	20	0	0	19	0	0	0	0	0	0	5	0	0	0	1	0	35	0	0	0	4	0	0	0	0	0	0	0	0	0	0	11	0
2	338	11	0	2	0	0	0	0	0	3	0	771	0	1	0	199	1	0	118	68	1	0	2	0	119	0	0	75	0	1	0	42	86	34	0	0	0	0	232	0	0	0	0	2	0	0	0	0	0	0	107	0	0	1	0	4	59	52	0	0	0	0	0	0	0	0	0	0	5	164	0	1	0
0	0	0	0	0	0	0	0	0	0	0	0	0	0	0	0	0	0	0	0	0	0	0	0	0	0	0	0	0	0	0	0	0	0	0	0	0	0	0	0	0	0	0	0	0	0	0	0	0	1	0	0	0	0	0	0	0	0	0	0	0	0	0	0	0	0	0	0	0	0	0	0	0	0
0	2	461	4	1	0	0	0	0	0	0	0	7	26	661	16	7	35	167	169	13	0	7	0	0	0	26	0	20	0	226	0	2	0	0	260	0	0	0	4	145	417	0	503	1	10	6	491	0	0	48	1	216	0	1	0	632	23	0	0	32	105	0	0	0	326	0	16	0	64	0	37	0	0
0	1	61	0	372	0	35	3	0	0	0	0	22	182	4	131	9	0	3	30	0	4	0	0	0	3	1	0	5	0	18	0	4	7	25	1	0	0	0	29	24	214	0	7	0	0	9	0	0	0	0	88	0	0	1	0	21	110	0	0	79	149	0	38	0	12	26	5	67	0	44	11	302	0
0	0	0	0	0	0	0	0	0	0	0	0	0	0	0	0	0	0	0	0	0	0	0	0	0	0	0	0	0	0	0	0	0	0	0	0	0	0	0	0	0	0	0	0	0	0	0	0	0	0	0	0	0	0	0	0	0	0	0	0	0	0	0	0	0	0	0	0	0	0	0	0	0	0
108	335	23	0	454	0	0	771	0	7	22	0	0	7	4	109	283	11	288	19	289	1	9	8	1	8	0	0	27	0	2	0	530	1028	103	1	0	0	0	1145	56	10	0	2	3	62	3	2	0	0	0	22	2	0	17	7	110	119	96	0	3	31	0	37	0	0	19	44	0	6	724	279	17	10
0	17	646	0	182	0	0	0	0	26	182	0	7	0	39	25	0	7	0	5	2	0	0	0	0	1	23	0	0	0	26	0	84	2	4	9	0	0	0	1	46	73	0	10	0	0	193	91	0	0	0	3	0	0	1	43	29	21	0	0	690	1635	0	131	0	8	1	0	0	2	2	261	66	0
0	6	403	4	21	0	6	1	0	661	4	0	4	39	0	18	2	52	169	4	2	0	0	0	0	1	0	0	1	0	5	0	9	0	1	474	0	0	0	3	153	496	0	538	0	11	4	482	0	0	0	3	25	0	1	0	310	23	6	0	25	62	0	1	0	261	38	0	2	89	0	16	2	3
0	32	108	0	359	0	0	0	0	16	131	0	109	25	18	0	11	9	0	4	6	0	0	0	0	28	1	0	3	0	30	0	12	125	1	0	0	0	0	21	0	6	0	0	34	0	0	0	0	0	0	39	0	0	11	0	7	14	4	0	1	321	0	0	0	0	0	0	0	0	0	0	249	0
2	150	12	1	14	0	12	199	0	7	9	0	283	0	2	11	0	7	271	5	647	53	1	12	6	517	0	0	91	0	28	0	369	245	75	1	0	0	0	731	30	0	0	4	16	28	0	0	0	0	2	1005	15	0	228	7	28	54	12	0	10	2	0	0	0	1	310	117	0	31	254	9	2	13
0	1	17	1	57	0	27	1	0	35	0	0	11	7	52	9	7	0	1	2	0	0	0	0	1	2	1	0	0	0	22	0	25	1	1	21	0	0	0	0	36	11	0	88	27	0	16	77	0	750	10	0	21	0	0	0	44	31	0	0	14	139	0	0	0	2	5	8	0	9	1	10	58	2
7	16	13	0	1	0	0	0	0	167	3	0	288	0	169	0	271	1	0	246	190	6	0	28	0	390	0	0	400	0	55	0	15	29	15	0	0	0	0	234	0	15	0	0	38	0	0	0	0	0	56	262	0	0	10	38	114	44	228	0	0	1	0	0	0	0	0	0	0	12	23	0	1	0
3	3	19	0	3	0	1	118	0	169	30	0	19	5	4	4	5	2	246	0	29	3	164	284	190	23	0	0	61	0	35	0	83	31	79	4	0	0	0	158	7	28	0	0	28	1	2	129	0	0	34	98	172	0	56	302	435	17	17	0	7	36	0	0	0	21	1	0	0	37	127	80	1	11
0	112	7	0	6	0	9	68	0	13	0	0	289	2	2	6	647	0	190	29	0	10	0	25	4	746	0	0	31	0	4	0	190	216	27	1	0	0	0	549	10	1	0	1	41	0	1	0	0	0	1	490	1	0	81	29	6	22	1	0	7	17	0	0	0	1	1	31	0	4	87	3	3	2
0	4	0	0	0	0	0	1	0	0	4	0	1	0	0	0	53	0	6	3	10	0	6	735	127	109	0	0	122	0	112	0	0	10	24	0	0	0	0	6	1	0	0	0	18	0	0	0	0	0	38	149	0	0	344	16	0	99	6	0	0	0	0	0	0	0	50	12	0	2	1	1	1	7
0	0	25	0	1	0	0	0	0	7	0	0	9	0	0	0	1	0	0	164	0	6	0	316	104	1	0	0	0	0	0	0	0	2	0	0	0	0	0	0	0	0	0	0	0	0	0	0	0	0	0	2	0	0	151	179	9	4	0	0	0	23	0	0	0	0	0	0	0	3	0	0	2	0
123	3	0	0	0	0	4	2	0	0	0	0	8	0	0	0	12	0	28	284	25	735	316	0	2110	18	0	0	78	0	85	0	24	7	143	0	0	0	0	19	0	0	0	0	376	0	0	2	0	0	70	42	638	0	1178	1378	124	10	0	0	0	4	0	0	0	0	20	302	0	4	10	0	0	4
121	1	0	0	0	0	0	0	0	0	0	0	1	0	0	0	6	1	0	190	4	127	104	2110	0	7	0	0	5	0	9	0	2	1	14	0	0	0	0	3	0	0	0	0	119	0	0	0	0	0	11	26	42	0	325	447	17	3	0	0	0	2	0	0	0	0	1	91	0	4	1	0	0	0
0	81	5	0	0	0	5	119	0	0	3	0	8	1	1	28	517	2	390	23	746	109	1	18	7	0	0	0	144	0	8	0	512	66	228	0	0	0	0	725	26	0	0	2	14	18	0	1	0	0	0	986	5	0	215	26	20	41	1	0	1	20	0	0	0	1	166	82	0	4	206	36	1	7
0	1	754	162	16	0	0	0	0	26	1	0	0	23	0	1	0	1	0	0	0	0	0	0	0	0	0	0	0	0	4	0	9	1	0	567	0	0	0	0	808	2	0	10	0	1	4	285	0	0	0	0	0	0	0	0	2	2	0	0	19	24	0	2	0	488	0	0	1	3	0	11	1	0
0	0	0	0	0	0	0	0	0	0	0	0	0	0	0	0	0	0	0	0	0	0	0	0	0	0	0	0	0	0	0	0	0	0	0	0	0	0	0	0	0	0	0	0	0	0	0	0	0	0	0	0	0	0	0	0	0	0	0	0	0	0	0	0	0	0	0	0	0	0	0	0	0	0
107	98	18	0	0	0	1	75	0	20	5	0	27	0	1	3	91	0	400	61	31	122	0	78	5	144	0	0	0	0	2	0	158	62	469	0	0	0	0	589	3	9	0	0	7	33	0	0	0	0	0	446	3	0	50	46	60	580	219	0	0	0	0	0	0	0	302	53	0	18	207	35	0	3
0	0	0	0	0	0	0	0	0	0	0	0	0	0	0	0	0	0	0	0	0	0	0	0	0	0	0	0	0	0	0	0	0	0	0	0	0	0	0	0	0	0	0	0	0	0	0	0	0	0	0	0	0	0	0	0	0	0	0	0	0	0	0	0	0	0	0	0	0	0	0	0	0	0
7	0	40	0	14	0	1	1	0	226	18	0	2	26	5	30	28	22	55	35	4	112	0	85	9	8	4	0	2	0	0	0	1	13	6	14	0	0	0	3	11	62	0	232	74	0	124	45	0	0	1040	16	355	0	306	0	385	40	9	0	8	50	0	31	0	0	270	10	10	70	1	5	3	230
0	0	0	0	0	0	0	0	0	0	0	0	0	0	0	0	0	0	0	0	0	0	0	0	0	0	0	0	0	0	0	0	0	0	0	0	0	0	0	0	0	0	0	0	0	0	0	0	0	0	0	0	0	0	0	0	0	0	0	0	0	0	0	0	0	0	0	0	0	0	0	0	0	0
18	163	179	1	50	0	5	42	0	2	4	0	530	84	9	12	369	25	15	83	190	0	0	24	2	512	9	0	158	0	1	0	0	27	88	4	0	0	0	270	17	5	0	0	20	3	1	0	0	0	0	345	0	0	12	9	15	82	18	0	1	247	0	0	0	0	1	0	0	7	179	3	67	1
68	144	12	0	719	0	0	86	0	0	7	0	1028	2	0	125	245	1	29	31	216	10	2	7	1	66	1	0	62	0	13	0	27	0	31	0	0	0	0	380	3	0	0	15	8	98	0	0	0	0	10	179	13	0	42	0	39	404	10	0	0	14	0	0	0	0	45	10	0	13	293	149	929	7
68	187	20	6	3	0	1	34	0	0	25	0	103	4	1	1	75	1	15	79	27	24	0	143	14	228	0	0	469	0	6	0	88	31	0	0	0	0	0	133	0	10	0	1	11	1	0	0	0	0	0	449	0	0	29	2	38	366	332	0	1	23	0	1	0	0	35	2	0	12	70	2	2	0
0	1	242	0	14	0	0	0	0	260	1	0	1	9	474	0	1	21	0	4	1	0	0	0	0	0	567	0	0	0	14	0	4	0	0	0	0	0	0	0	81	103	0	0	1	0	0	0	0	0	0	1	0	0	0	0	61	20	0	0	0	6	0	0	0	0	0	0	0	0	0	0	29	0
0	0	0	0	0	0	0	0	0	0	0	0	0	0	0	0	0	0	0	0	0	0	0	0	0	0	0	0	0	0	0	0	0	0	0	0	0	0	0	0	0	0	0	0	0	0	0	0	0	0	0	0	0	0	0	0	0	0	0	0	0	0	0	0	0	0	0	0	0	0	0	0	0	0
0	0	0	0	0	0	0	0	0	0	0	0	0	0	0	0	0	0	0	0	0	0	0	0	0	0	0	0	0	0	0	0	0	0	0	0	0	0	0	0	0	0	0	0	0	0	0	0	0	0	0	0	0	0	0	0	0	0	0	0	0	0	0	0	0	0	0	0	0	0	0	0	0	0
0	0	0	0	0	0	0	0	0	0	0	0	0	0	0	0	0	0	0	0	0	0	0	0	0	0	0	0	0	0	0	0	0	0	0	0	0	0	0	0	0	0	0	0	0	0	0	0	0	0	0	0	0	0	0	0	0	0	0	0	0	0	0	0	0	0	0	0	0	0	0	0	0	0
43	321	16	0	403	0	1	232	0	4	29	0	1145	1	3	21	731	0	234	158	549	6	0	19	3	725	0	0	589	0	3	0	270	380	133	0	0	0	0	0	1	2	0	0	8	30	0	0	0	0	0	679	1	0	41	2	79	192	49	0	0	0	0	0	0	0	0	0	0	22	420	51	7	2
1	23	345	37	95	0	144	0	0	145	24	0	56	46	153	0	30	36	0	7	10	1	0	0	0	26	808	0	3	0	11	0	17	3	0	81	0	0	0	1	0	14	0	152	6	0	0	200	0	0	3	30	1	0	1	9	1	41	18	0	1	141	0	0	0	42	0	0	0	0	0	0	39	1
0	7	137	0	378	0	20	0	0	417	214	0	10	73	496	6	0	11	15	28	1	0	0	0	0	0	2	0	9	0	62	0	5	0	10	103	0	0	0	2	14	0	0	241	0	25	89	88	0	0	0	0	0	0	0	0	84	147	350	1	0	145	0	0	0	5	4	0	0	1	7	9	73	0
0	0	0	0	0	0	0	0	0	0	0	0	0	0	0	0	0	0	0	0	0	0	0	0	0	0	0	0	0	0	0	0	0	0	0	0	0	0	0	0	0	0	0	0	0	0	0	0	0	0	0	0	0	0	0	0	0	0	0	0	0	0	0	0	0	0	0	0	0	0	0	0	0	0
0	2	258	0	2	0	0	0	0	503	7	0	2	10	538	0	4	88	0	0	1	0	0	0	0	2	10	0	0	0	232	0	0	15	1	0	0	0	0	0	152	241	0	0	8	0	0	0	0	0	85	0	9	0	0	0	259	286	0	0	0	53	0	0	0	0	0	0	2	8	0	0	28	0
31	12	9	0	0	0	19	2	0	1	0	0	3	0	0	34	16	27	38	28	41	18	0	376	119	14	0	0	7	0	74	0	20	8	11	1	0	0	0	8	6	0	0	8	0	0	0	17	0	0	24	16	194	0	315	20	281	36	3	0	39	48	0	0	0	0	63	4	0	17	0	2	2	40
0	6	0	0	10	0	0	0	0	10	0	0	62	0	11	0	28	0	0	1	0	0	0	0	0	18	1	0	33	0	0	0	3	98	1	0	0	0	0	30	0	25	0	0	0	0	0	0	0	0	0	6	0	0	2	0	5	111	0	0	0	9	0	0	0	0	0	0	0	8	1	0	23	0
0	14	178	0	10	0	0	0	0	6	9	0	3	193	4	0	0	16	0	2	1	0	0	0	0	0	4	0	0	0	124	0	1	0	0	0	0	0	0	0	0	89	0	0	0	0	0	0	0	0	0	0	0	0	0	0	2	3	134	0	0	18	0	0	0	0	0	0	0	0	0	0	14	0
0	3	345	0	4	0	0	0	0	491	0	0	2	91	482	0	0	77	0	129	0	0	0	2	0	1	285	0	0	0	45	0	0	0	0	0	0	0	0	0	200	88	0	0	17	0	0	0	0	0	5	0	7	0	11	0	433	12	0	0	0	133	0	0	0	0	0	0	0	26	0	0	5	0
0	0	0	0	0	0	0	0	0	0	0	0	0	0	0	0	0	0	0	0	0	0	0	0	0	0	0	0	0	0	0	0	0	0	0	0	0	0	0	0	0	0	0	0	0	0	0	0	0	0	0	0	0	0	0	0	0	0	0	0	0	0	0	0	0	0	0	0	0	0	0	0	0	0
0	0	0	0	0	0	0	0	1	0	0	0	0	0	0	0	0	750	0	0	0	0	0	0	0	0	0	0	0	0	0	0	0	0	0	0	0	0	0	0	0	0	0	0	0	0	0	0	0	0	0	0	0	0	0	0	0	0	0	0	0	1	0	0	0	0	0	0	0	0	0	0	0	0
1	0	0	0	0	0	0	0	0	48	0	0	0	0	0	0	2	10	56	34	1	38	0	70	11	0	0	0	0	0	1040	0	0	10	0	0	0	0	0	0	3	0	0	85	24	0	0	5	0	0	0	2	103	0	60	0	107	7	0	0	3	0	0	0	0	0	81	0	0	72	0	0	0	61
129	316	16	0	1	0	5	107	0	1	88	0	22	3	3	39	1005	0	262	98	490	149	2	42	26	986	0	0	446	0	16	0	345	179	449	1	0	0	0	679	30	0	0	0	16	6	0	0	0	0	2	0	18	0	241	15	72	427	0	0	1	0	0	0	0	0	694	137	0	5	375	34	1	8
0	3	1	0	0	0	0	0	0	216	0	0	2	0	25	0	15	21	0	172	1	0	0	638	42	5	0	0	3	0	355	0	0	13	0	0	0	0	0	1	1	0	0	9	194	0	0	7	0	0	103	18	0	0	121	2	192	19	0	0	0	0	0	0	0	0	1	0	0	100	0	0	0	8
0	0	0	0	0	0	0	0	0	0	0	0	0	0	0	0	0	0	0	0	0	0	0	0	0	0	0	0	0	0	0	0	0	0	0	0	0	0	0	0	0	0	0	0	0	0	0	0	0	0	0	0	0	0	0	0	0	0	0	0	0	0	0	0	0	0	0	0	0	0	0	0	0	0
239	7	0	0	9	0	0	1	0	1	1	0	17	1	1	11	228	0	10	56	81	344	151	1178	325	215	0	0	50	0	306	0	12	42	29	0	0	0	0	41	1	0	0	0	315	2	0	11	0	0	60	241	121	0	0	504	5	35	0	0	0	2	0	0	0	0	99	182	0	10	9	0	5	0
19	1	2	1	1	0	1	0	0	0	0	0	7	43	0	0	7	0	38	302	29	16	179	1378	447	26	0	0	46	0	0	0	9	0	2	0	0	0	0	2	9	0	0	0	20	0	0	0	0	0	0	15	2	0	504	0	574	0	0	0	4	19	0	0	0	0	0	8	0	244	2	1	2	0
1	19	427	2	53	0	0	4	0	632	21	0	110	29	310	7	28	44	114	435	6	0	9	124	17	20	2	0	60	0	385	0	15	39	38	61	0	0	0	79	1	84	0	259	281	5	2	433	0	0	107	72	192	0	5	574	0	192	134	0	5	105	0	1	0	63	15	0	6	262	29	10	16	84
3	10	4	5	95	0	35	59	0	23	110	0	119	21	23	14	54	31	44	17	22	99	4	10	3	41	2	0	580	0	40	0	82	404	366	20	0	0	0	192	41	147	0	286	36	111	3	12	0	0	7	427	19	0	35	0	192	0	104	0	56	86	0	15	0	2	469	27	42	19	371	54	29	306
0	76	9	0	4	0	0	52	0	0	0	0	96	0	6	4	12	0	228	17	1	6	0	0	0	1	0	0	219	0	9	0	18	10	332	0	0	0	0	49	18	350	0	0	3	0	134	0	0	0	0	0	0	0	0	0	134	104	0	0	0	3	0	0	0	0	432	0	0	66	90	8	0	0
0	0	0	0	0	0	0	0	0	0	0	0	0	0	0	0	0	0	0	0	0	0	0	0	0	0	0	0	0	0	0	0	0	0	0	0	0	0	0	0	0	1	0	0	0	0	0	0	0	0	0	0	0	0	0	0	0	0	0	0	0	0	0	0	0	0	0	0	0	0	0	0	0	0
0	21	220	0	149	0	0	0	0	32	79	0	3	690	25	1	10	14	0	7	7	0	0	0	0	1	19	0	0	0	8	0	1	0	1	0	0	0	0	0	1	0	0	0	39	0	0	0	0	0	3	1	0	0	0	4	5	56	0	0	0	478	0	0	0	0	0	0	0	0	0	0	14	0
0	30	375	8	1239	0	4	0	0	105	149	0	31	1635	62	321	2	139	1	36	17	0	23	4	2	20	24	0	0	0	50	0	247	14	23	6	0	0	0	0	141	145	0	53	48	9	18	133	0	1	0	0	0	0	2	19	105	86	3	0	478	0	0	38	0	2	0	0	6	24	1	154	489	14
0	0	0	0	0	0	0	0	0	0	0	0	0	0	0	0	0	0	0	0	0	0	0	0	0	0	0	0	0	0	0	0	0	0	0	0	0	0	0	0	0	0	0	0	0	0	0	0	0	0	0	0	0	0	0	0	0	0	0	0	0	0	0	0	0	0	0	0	0	0	0	0	0	0
0	170	42	0	416	0	0	0	0	0	38	0	37	131	1	0	0	0	0	0	0	0	0	0	0	0	2	0	0	0	31	0	0	0	1	0	0	0	0	0	0	0	0	0	0	0	0	0	0	0	0	0	0	0	0	0	1	15	0	0	0	38	0	0	0	0	0	0	0	0	0	0	208	0
0	0	0	0	0	0	0	0	0	0	0	0	0	0	0	0	0	0	0	0	0	0	0	0	0	0	0	0	0	0	0	0	0	0	0	0	0	0	0	0	0	0	0	0	0	0	0	0	0	0	0	0	0	0	0	0	0	0	0	0	0	0	0	0	0	0	0	0	0	0	0	0	0	0
0	1	231	0	0	0	0	0	0	326	12	0	0	8	261	0	1	2	0	21	1	0	0	0	0	1	488	0	0	0	0	0	0	0	0	0	0	0	0	0	42	5	0	0	0	0	0	0	0	0	0	0	0	0	0	0	63	2	0	0	0	2	0	0	0	0	0	0	0	0	0	0	5	0
153	2	0	0	2	0	0	0	0	0	26	0	19	1	38	0	310	5	0	1	1	50	0	20	1	166	0	0	302	0	270	0	1	45	35	0	0	0	0	0	0	4	0	0	63	0	0	0	0	0	81	694	1	0	99	0	15	469	432	0	0	0	0	0	0	0	0	0	0	7	1	0	0	0
0	1	2	0	2	0	0	0	0	16	5	0	44	0	0	0	117	8	0	0	31	12	0	302	91	82	0	0	53	0	10	0	0	10	2	0	0	0	0	0	0	0	0	0	4	0	0	0	0	0	0	137	0	0	182	8	0	27	0	0	0	0	0	0	0	0	0	0	0	2	0	0	4	0
0	1	7	0	73	0	0	0	0	0	67	0	0	0	2	0	0	0	0	0	0	0	0	0	0	0	1	0	0	0	10	0	0	0	0	0	0	0	0	0	0	0	0	2	0	0	0	0	0	0	0	0	0	0	0	0	6	42	0	0	0	6	0	0	0	0	0	0	0	0	1	4	62	0
1	2	95	0	26	0	0	5	0	64	0	0	6	2	89	0	31	9	12	37	4	2	3	4	4	4	3	0	18	0	70	0	7	13	12	0	0	0	0	22	0	1	0	8	17	8	0	26	0	0	72	5	100	0	10	244	262	19	66	0	0	24	0	0	0	0	7	2	0	0	18	4	2	5
80	259	8	8	56	0	0	164	0	0	44	0	724	2	0	0	254	1	23	127	87	1	0	10	1	206	0	0	207	0	1	0	179	293	70	0	0	0	0	420	0	7	0	0	0	1	0	0	0	0	0	375	0	0	9	2	29	371	90	0	0	1	0	0	0	0	1	0	1	18	0	0	0	0
0	0	144	0	371	0	0	0	0	37	11	0	279	261	16	0	9	10	0	80	3	1	0	0	0	36	11	0	35	0	5	0	3	149	2	0	0	0	0	51	0	9	0	0	2	0	0	0	0	0	0	34	0	0	0	1	10	54	8	0	0	154	0	0	0	0	0	0	4	4	0	0	59	0
0	3	31	4	1256	0	11	1	0	0	302	0	17	66	2	249	2	58	1	1	3	1	2	0	0	1	1	0	0	0	3	0	67	929	2	29	0	0	0	7	39	73	0	28	2	23	14	5	0	0	0	1	0	0	5	2	16	29	0	0	14	489	0	208	0	5	0	4	62	2	0	59	0	0
0	0	10	0	6	0	0	0	0	0	0	0	10	0	3	0	13	2	0	11	2	7	0	4	0	7	0	0	3	0	230	0	1	7	0	0	0	0	0	2	1	0	0	0	40	0	0	0	0	0	61	8	8	0	0	0	84	306	0	0	0	14	0	0	0	0	0	0	0	5	0	0	0	0
