0	0	0	0	0	0	0	0	0	21	0	0	0	0	0	0	3	0	7	4	2	272	0	210	1	122	0	0	240	0	53	0	2	2	53	0	0	0	16	2	0	0	2	0	11	0	0	0	0	3	0	0	4	0	176	1	0	47	8	0	0	0	0	0	0	0	4	113	0	0	0	0	0	0
0	0	0	0	3	0	0	2	1	0	0	0	3	0	0	0	0	0	0	0	0	2	0	0	0	0	0	2	6	0	0	0	5	3	4	0	0	0	0	0	1	0	3	0	1	0	0	0	0	3	0	0	0	0	2	0	1	3	5	0	1	3	0	0	0	0	0	0	0	0	0	0	0	0
0	0	0	0	0	0	0	0	16	563	0	0	5	109	27	0	0	2	0	12	0	0	0	0	0	6	0	0	0	17	2	0	0	5	0	0	0	0	0	0	14	0	0	0	0	44	0	25	0	0	0	0	0	0	0	1	61	4	6	0	0	0	0	0	0	101	0	0	6	7	0	0	0	5
0	0	0	0	0	0	0	0	1	21	0	0	0	0	0	0	0	0	0	1	0	0	0	0	0	1	0	0	0	663	0	0	0	2	0	0	0	0	0	0	19	0	0	8	0	0	0	5	0	0	0	0	0	0	0	0	0	0	0	0	0	0	0	0	0	162	1	0	0	1	0	0	0	1
0	3	0	0	0	0	0	0	18	2	4	0	291	157	3	0	0	0	2	15	0	0	0	0	0	1	0	0	0	0	2	0	22	1473	0	0	0	0	5	0	0	0	0	0	0	184	0	1	0	0	9	0	0	0	0	0	0	18	0	0	0	0	0	0	0	0	0	0	6	5	0	0	0	6
0	0	0	0	0	0	0	0	7	707	0	0	0	0	21	0	0	1	11	295	0	0	0	112	0	0	0	0	0	0	637	0	0	12	0	0	0	0	0	0	0	0	1	2	0	27	0	6	0	3	100	0	5	0	0	0	61	196	0	0	0	0	0	0	0	0	0	0	0	7	0	3	0	454
0	0	0	0	0	0	0	0	0	0	0	0	0	0	0	0	0	0	0	0	0	0	0	0	0	0	0	0	0	0	0	0	0	0	0	0	0	0	0	0	0	0	0	0	0	0	0	0	0	0	0	0	0	0	0	0	0	0	0	0	0	0	0	0	0	0	0	0	0	0	0	0	0	0
0	2	0	0	0	0	0	0	31	2	0	0	728	0	1	0	0	0	10	35	0	0	0	0	0	44	0	0	28	0	0	0	46	525	5	0	0	0	0	0	0	0	1	0	0	16	0	0	0	0	0	0	0	0	0	3	0	43	40	1	0	0	0	0	0	0	0	0	0	0	2	0	0	1
0	1	16	1	18	7	0	31	0	10	0	0	49	1	0	0	8	3	50	96	18	7	15	0	0	13	0	67	27	3	0	0	50	53	32	0	0	0	5	3	7	31	43	6	9	1	0	0	0	16	0	0	0	0	6	48	23	81	136	0	6	23	0	7	0	0	6	8	47	7	43	16	4	1
21	0	563	21	2	707	0	2	10	0	0	0	2	1	320	0	0	31	290	331	2	0	1	0	0	0	0	0	0	3	49	0	8	20	2	275	0	0	0	1	217	361	62	825	18	4	0	54	0	41	27	0	941	0	0	0	658	73	39	0	56	51	0	0	0	632	8	22	4	337	9	19	0	0
0	0	0	0	4	0	0	0	0	0	0	0	0	1	0	0	0	0	0	0	0	0	0	0	0	0	0	0	0	0	0	0	0	0	0	0	0	2	0	0	0	0	0	0	0	4	0	0	0	0	0	0	0	0	0	0	0	0	0	0	0	22	0	0	0	0	0	0	4	0	0	0	0	0
0	0	0	0	0	0	0	0	0	0	0	0	0	0	0	0	0	0	0	0	0	0	0	0	0	0	0	0	0	0	0	0	0	0	0	0	0	0	0	0	0	0	0	0	0	0	0	0	0	0	0	0	0	0	0	0	0	0	0	0	0	0	0	0	0	0	0	0	0	0	0	0	0	0
0	3	5	0	291	0	0	728	49	2	0	0	0	1	1	1	80	0	314	23	127	3	43	0	0	15	0	499	174	0	2	0	751	2892	52	0	0	1	118	225	19	2	468	0	6	560	0	9	0	0	0	0	0	0	10	5	53	252	43	1	2	12	0	3	0	25	12	1	0	4	353	0	5	22
0	0	109	0	157	0	0	0	1	1	1	0	1	0	7	0	0	16	0	1	0	0	2	0	0	0	0	70	0	0	5	0	11	67	1	0	0	51	0	0	13	73	0	139	12	2	0	1	0	3	0	0	0	0	1	36	1	5	4	0	454	575	0	44	0	1	0	1	5	1	2	13	29	0
0	0	27	0	3	21	0	1	0	320	0	0	1	7	0	0	0	1	67	32	2	0	0	0	0	0	0	0	0	0	0	0	1	6	0	31	0	0	0	0	4	185	42	246	0	0	0	5	0	0	0	0	30	0	2	0	75	1	2	0	3	12	0	2	0	51	2	26	4	0	3	0	0	2
0	0	0	0	0	0	0	0	0	0	0	0	1	0	0	0	0	0	0	0	0	0	0	0	0	0	0	0	0	0	0	0	0	1	0	0	0	0	0	0	0	0	0	0	0	2	0	0	0	0	0	0	0	0	0	0	0	0	0	0	0	0	0	0	0	0	0	0	0	0	0	0	0	0
3	0	0	0	0	0	0	0	8	0	0	0	80	0	0	0	0	0	8	14	6	15	0	0	0	596	0	0	0	0	52	0	330	110	1	0	0	0	106	0	0	0	0	0	3	2	0	0	0	0	0	0	9	0	37	0	0	65	2	0	0	0	0	0	0	2	25	13	0	2	2	0	0	20
0	0	2	0	0	1	0	0	3	31	0	0	0	16	1	0	0	0	0	0	0	0	0	0	0	0	0	2	0	0	8	0	0	8	1	2	0	0	0	0	4	5	0	4	0	25	0	0	0	10	0	0	1	0	0	0	0	1	0	0	2	8	0	0	0	2	0	0	7	0	0	0	0	0
7	0	0	0	2	11	0	10	50	290	0	0	314	0	67	0	8	0	0	383	6	14	2	0	2	80	0	4	360	0	101	0	60	358	45	0	0	2	11	0	2	1	23	4	46	85	0	2	0	0	0	0	10	0	6	163	70	456	144	0	0	0	0	0	0	3	24	8	0	11	8	0	2	324
4	0	12	1	15	295	0	35	96	331	0	0	23	1	32	0	14	0	383	0	23	16	28	230	44	26	0	50	122	0	303	0	74	73	72	0	0	6	14	26	10	38	140	13	382	18	0	33	0	12	30	0	472	0	266	695	486	58	45	0	15	18	0	0	0	20	9	92	25	280	206	17	3	5
2	0	0	0	0	0	0	0	18	2	0	0	127	0	2	0	6	0	6	23	0	0	0	2	0	821	0	0	2	1	8	0	937	535	1	0	0	0	159	0	0	0	1	0	0	60	0	0	0	0	8	0	0	0	0	6	0	34	36	0	0	0	0	0	0	0	0	0	0	0	0	0	0	13
272	2	0	0	0	0	0	0	7	0	0	0	3	0	0	0	15	0	14	16	0	0	0	106	0	248	0	0	198	0	218	0	21	9	9	0	0	0	19	0	0	0	0	0	64	29	0	0	0	0	0	0	0	0	0	10	3	140	0	0	0	0	0	0	0	0	0	0	0	0	0	0	0	136
0	0	0	0	0	0	0	0	15	1	0	0	43	2	0	0	0	0	2	28	0	0	0	0	0	13	0	0	0	0	0	0	0	42	2	0	0	0	0	0	0	0	2	0	0	66	0	0	0	0	0	0	0	0	0	0	0	78	64	0	0	0	0	0	0	0	0	0	0	0	0	0	0	5
210	0	0	0	0	112	0	0	0	0	0	0	0	0	0	0	0	0	0	230	2	106	0	0	30	10	0	0	10	0	0	0	2	57	2	0	0	0	0	0	0	0	0	0	88	0	0	0	0	0	0	0	50	0	194	316	0	11	0	0	0	2	0	0	0	0	0	128	0	0	0	0	0	0
1	0	0	0	0	0	0	0	0	0	0	0	0	0	0	0	0	0	2	44	0	0	0	30	0	2	0	0	0	0	6	0	0	0	0	0	0	0	0	0	0	0	0	0	63	0	0	0	0	0	0	0	0	0	0	146	0	0	0	0	0	0	0	0	0	0	0	0	0	0	0	0	0	0
122	0	6	1	1	0	0	44	13	0	0	0	15	0	0	0	596	0	80	26	821	248	13	10	2	0	0	23	65	1	47	0	505	38	86	1	0	1	308	182	34	1	43	2	219	17	0	4	0	2	4	0	200	0	249	40	28	45	6	0	2	1	0	0	0	10	109	64	0	2	105	2	3	5
0	0	0	0	0	0	0	0	0	0	0	0	0	0	0	0	0	0	0	0	0	0	0	0	0	0	0	0	0	0	0	0	0	0	0	0	0	0	0	0	0	0	0	0	0	0	0	0	0	0	0	0	0	0	0	0	0	0	0	0	0	0	0	0	0	0	0	0	0	0	0	0	0	0
0	2	0	0	0	0	0	0	67	0	0	0	499	70	0	0	0	2	4	50	0	0	0	0	0	23	0	0	1	1	2	0	9	1031	4	0	0	0	0	0	0	0	1	4	0	104	0	0	0	0	0	0	0	0	0	3	0	38	54	0	0	0	0	0	0	3	1	0	0	9	0	1	0	19
240	6	0	0	0	0	0	28	27	0	0	0	174	0	0	0	0	0	360	122	2	198	0	10	0	65	0	1	0	1	14	0	1004	806	593	0	0	0	18	0	0	2	8	0	39	117	0	0	0	0	0	0	0	0	2	7	12	762	392	0	0	0	0	0	0	1	505	290	0	0	35	0	0	13
0	0	17	663	0	0	0	0	3	3	0	0	0	0	0	0	0	0	0	0	1	0	0	0	0	1	0	1	1	0	22	0	0	6	0	435	0	0	0	0	551	0	0	0	5	0	0	4	0	1	0	0	0	0	18	0	1	0	0	0	0	0	0	0	0	1116	1	0	0	0	0	0	0	0
53	0	2	0	2	637	0	0	0	49	0	0	2	5	0	0	52	8	101	303	8	218	0	0	6	47	0	2	14	22	0	0	28	7	6	0	0	0	2	0	10	0	24	390	675	19	0	0	0	0	215	0	958	0	484	0	367	75	0	0	4	4	0	0	0	14	354	30	0	248	57	0	0	450
0	0	0	0	0	0	0	0	0	0	0	0	0	0	0	0	0	0	0	0	0	0	0	0	0	0	0	0	0	0	0	0	0	0	0	0	0	0	0	0	0	0	0	0	0	0	0	0	0	0	0	0	0	0	0	0	0	0	0	0	0	0	0	0	0	0	0	0	0	0	0	0	0	0
2	5	0	0	22	0	0	46	50	8	0	0	751	11	1	0	330	0	60	74	937	21	0	2	0	505	0	9	1004	0	28	0	0	288	156	0	0	0	920	754	2	6	14	0	3	35	0	0	0	0	0	0	28	0	179	35	29	145	21	1	0	9	0	0	0	2	1	47	2	2	749	0	0	47
2	3	5	2	1473	12	0	525	53	20	0	0	2892	67	6	1	110	8	358	73	535	9	42	57	0	38	0	1031	806	6	7	0	288	0	11	0	2	58	25	37	23	14	238	50	135	2242	0	0	0	0	40	0	2	0	348	7	46	1781	2	0	101	89	0	1	0	35	154	41	62	1	1073	1	12	19
53	4	0	0	0	0	0	5	32	2	0	0	52	1	0	0	1	1	45	72	1	9	2	2	0	86	0	4	593	0	6	0	156	11	0	0	0	0	37	20	0	0	8	0	2	24	0	1	0	0	0	0	1	0	3	5	7	477	75	1	0	1	0	0	0	0	20	0	0	2	3	0	0	10
0	0	0	0	0	0	0	0	0	275	0	0	0	0	31	0	0	2	0	0	0	0	0	0	0	1	0	0	0	435	0	0	0	0	0	0	0	0	0	0	23	0	0	0	0	1	0	5	0	0	0	0	0	0	0	0	0	0	0	0	0	0	0	0	0	207	0	0	0	2	0	0	0	4
0	0	0	0	0	0	0	0	0	0	0	0	0	0	0	0	0	0	0	0	0	0	0	0	0	0	0	0	0	0	0	0	0	2	0	0	0	0	0	0	0	0	0	1	0	0	0	0	0	0	0	0	0	0	0	0	0	0	0	0	3	11	0	0	0	0	0	0	0	0	0	0	0	0
0	0	0	0	0	0	0	0	0	0	2	0	1	51	0	0	0	0	2	6	0	0	0	0	0	1	0	0	0	0	0	0	0	58	0	0	0	0	0	0	0	0	0	0	0	22	0	0	0	0	0	0	0	0	0	0	0	131	0	0	0	0	0	0	0	0	0	0	0	0	0	0	0	0
16	0	0	0	5	0	0	0	5	0	0	0	118	0	0	0	106	0	11	14	159	19	0	0	0	308	0	0	18	0	2	0	920	25	37	0	0	0	0	79	0	0	1	0	17	0	0	0	0	0	0	0	0	0	91	0	0	25	0	0	0	0	0	0	0	1	2	0	0	4	20	0	0	2
2	0	0	0	0	0	0	0	3	1	0	0	225	0	0	0	0	0	0	26	0	0	0	0	0	182	0	0	0	0	0	0	754	37	20	0	0	0	79	0	0	0	1	0	1	1	0	0	0	0	0	0	0	0	0	2	0	0	0	0	0	0	0	0	0	0	0	0	0	0	0	0	0	1
0	1	14	19	0	0	0	0	7	217	0	0	19	13	4	0	0	4	2	10	0	0	0	0	0	34	0	0	0	551	10	0	2	23	0	23	0	0	0	0	0	2	1	28	0	22	0	54	0	3	0	0	0	0	0	10	14	45	0	0	1	11	0	0	0	165	0	0	0	0	0	4	0	34
0	0	0	0	0	0	0	0	31	361	0	0	2	73	185	0	0	5	1	38	0	0	0	0	0	1	0	0	2	0	0	0	6	14	0	0	0	0	0	0	2	0	3	2	0	1	0	17	0	0	0	0	0	0	0	0	1	408	94	0	0	0	0	0	0	1	0	0	12	9	0	0	0	19
2	3	0	0	0	1	0	1	43	62	0	0	468	0	42	0	0	0	23	140	1	0	2	0	0	43	0	1	8	0	24	0	14	238	8	0	0	0	1	1	1	3	0	2	4	60	0	0	0	3	0	0	0	0	2	1	39	591	172	2	1	0	0	0	0	2	4	0	1	5	6	2	3	49
0	0	0	8	0	2	0	0	6	825	0	0	0	139	246	0	0	4	4	13	0	0	0	0	0	2	0	4	0	0	390	0	0	50	0	0	1	0	0	0	28	2	2	0	9	8	0	61	0	0	5	0	2	0	0	0	3	131	32	0	2	16	0	0	0	9	2	0	4	5	0	0	0	347
11	1	0	0	0	0	0	0	9	18	0	0	6	12	0	0	3	0	46	382	0	64	0	88	63	219	0	0	39	5	675	0	3	135	2	0	0	0	17	1	0	0	4	9	0	42	0	0	0	0	22	0	100	0	67	7	129	24	0	0	0	0	0	0	0	0	7	1	0	48	0	0	0	47
0	0	44	0	184	27	0	16	1	4	4	0	560	2	0	2	2	25	85	18	60	29	66	0	0	17	0	104	117	0	19	0	35	2242	24	1	0	22	0	1	22	1	60	8	42	0	0	6	0	16	0	0	54	0	62	0	20	318	11	0	72	82	0	0	0	15	102	4	9	0	108	1	10	3
0	0	0	0	0	0	0	0	0	0	0	0	0	0	0	0	0	0	0	0	0	0	0	0	0	0	0	0	0	0	0	0	0	0	0	0	0	0	0	0	0	0	0	0	0	0	0	0	0	0	0	0	0	0	0	0	0	0	0	0	0	0	0	0	0	0	0	0	0	0	0	0	0	0
0	0	25	5	1	6	0	0	0	54	0	0	9	1	5	0	0	0	2	33	0	0	0	0	0	4	0	0	0	4	0	0	0	0	1	5	0	0	0	0	54	17	0	61	0	6	0	0	0	0	1	0	23	0	0	0	36	0	1	0	0	0	0	0	0	50	1	0	1	28	0	0	0	0
0	0	0	0	0	0	0	0	0	0	0	0	0	0	0	0	0	0	0	0	0	0	0	0	0	0	0	0	0	0	0	0	0	0	0	0	0	0	0	0	0	0	0	0	0	0	0	0	0	0	0	0	0	0	0	0	0	0	0	0	0	0	0	0	0	0	0	0	0	0	0	0	0	0
3	3	0	0	0	3	0	0	16	41	0	0	0	3	0	0	0	10	0	12	0	0	0	0	0	2	0	0	0	1	0	0	0	0	0	0	0	0	0	0	3	0	3	0	0	16	0	0	0	0	0	0	0	0	0	0	0	3	0	0	0	0	0	0	0	0	4	0	0	4	0	3	0	4
0	0	0	0	9	100	0	0	0	27	0	0	0	0	0	0	0	0	0	30	8	0	0	0	0	4	0	0	0	0	215	0	0	40	0	0	0	0	0	0	0	0	0	5	22	0	0	1	0	0	0	0	97	0	12	0	65	9	0	0	0	0	0	0	0	0	1	0	0	44	0	0	0	9
0	0	0	0	0	0	0	0	0	0	0	0	0	0	0	0	0	0	0	0	0	0	0	0	0	0	0	0	0	0	0	0	0	0	0	0	0	0	0	0	0	0	0	0	0	0	0	0	0	0	0	0	0	0	0	0	0	0	0	0	0	0	0	0	0	0	0	0	0	0	0	0	0	0
4	0	0	0	0	5	0	0	0	941	0	0	0	0	30	0	9	1	10	472	0	0	0	50	0	200	0	0	0	0	958	0	28	2	1	0	0	0	0	0	0	0	0	2	100	54	0	23	0	0	97	0	0	0	0	0	94	90	0	0	0	0	0	0	0	0	0	0	0	7	0	0	0	713
0	0	0	0	0	0	0	0	0	0	0	0	0	0	0	0	0	0	0	0	0	0	0	0	0	0	0	0	0	0	0	0	0	0	0	0	0	0	0	0	0	0	0	0	0	0	0	0	0	0	0	0	0	0	0	0	0	0	0	0	0	0	0	0	0	0	0	0	0	0	0	0	0	0
176	2	0	0	0	0	0	0	6	0	0	0	10	1	2	0	37	0	6	266	0	0	0	194	0	249	0	0	2	18	484	0	179	348	3	0	0	0	91	0	0	0	2	0	67	62	0	0	0	0	12	0	0	0	0	107	0	84	6	0	0	0	0	0	0	0	1	0	0	3	4	0	0	9
1	0	1	0	0	0	0	3	48	0	0	0	5	36	0	0	0	0	163	695	6	10	0	316	146	40	0	3	7	0	0	0	35	7	5	0	0	0	0	2	10	0	1	0	7	0	0	0	0	0	0	0	0	0	107	0	172	6	28	0	2	0	0	0	0	0	0	228	0	150	1	2	4	7
0	1	61	0	0	61	0	0	23	658	0	0	53	1	75	0	0	0	70	486	0	3	0	0	0	28	0	0	12	1	367	0	29	46	7	0	0	0	0	0	14	1	39	3	129	20	0	36	0	0	65	0	94	0	0	172	0	87	68	2	0	4	0	1	0	83	6	0	0	12	15	3	0	145
47	3	4	0	18	196	0	43	81	73	0	0	252	5	1	0	65	1	456	58	34	140	78	11	0	45	0	38	762	0	75	0	145	1781	477	0	0	131	25	0	45	408	591	131	24	318	0	0	0	3	9	0	90	0	84	6	87	0	410	2	23	37	0	0	0	20	613	181	38	5	321	3	3	657
8	5	6	0	0	0	0	40	136	39	0	0	43	4	2	0	2	0	144	45	36	0	64	0	0	6	0	54	392	0	0	0	21	2	75	0	0	0	0	0	0	94	172	32	0	11	0	1	0	0	0	0	0	0	6	28	68	410	0	3	14	10	0	0	0	0	184	0	0	60	55	0	0	7
0	0	0	0	0	0	0	1	0	0	0	0	1	0	0	0	0	0	0	0	0	0	0	0	0	0	0	0	0	0	0	0	1	0	1	0	0	0	0	0	0	0	2	0	0	0	0	0	0	0	0	0	0	0	0	0	2	2	3	0	0	0	0	0	0	0	0	0	0	0	1	0	0	0
0	1	0	0	0	0	0	0	6	56	0	0	2	454	3	0	0	2	0	15	0	0	0	0	0	2	0	0	0	0	4	0	0	101	0	0	3	0	0	0	1	0	1	2	0	72	0	0	0	0	0	0	0	0	0	2	0	23	14	0	0	0	0	0	0	0	1	0	1	8	1	1	0	18
0	3	0	0	0	0	0	0	23	51	22	0	12	575	12	0	0	8	0	18	0	0	0	2	0	1	0	0	0	0	4	0	9	89	1	0	11	0	0	0	11	0	0	16	0	82	0	0	0	0	0	0	0	0	0	0	4	37	10	0	0	0	0	0	0	2	4	0	7	10	0	3	0	58
0	0	0	0	0	0	0	0	0	0	0	0	0	0	0	0	0	0	0	0	0	0	0	0	0	0	0	0	0	0	0	0	0	0	0	0	0	0	0	0	0	0	0	0	0	0	0	0	0	0	0	0	0	0	0	0	0	0	0	0	0	0	0	0	0	0	0	0	0	0	0	0	0	0
0	0	0	0	0	0	0	0	7	0	0	0	3	44	2	0	0	0	0	0	0	0	0	0	0	0	0	0	0	0	0	0	0	1	0	0	0	0	0	0	0	0	0	0	0	0	0	0	0	0	0	0	0	0	0	0	1	0	0	0	0	0	0	0	0	0	0	0	4	0	0	0	0	2
0	0	0	0	0	0	0	0	0	0	0	0	0	0	0	0	0	0	0	0	0	0	0	0	0	0	0	0	0	0	0	0	0	0	0	0	0	0	0	0	0	0	0	0	0	0	0	0	0	0	0	0	0	0	0	0	0	0	0	0	0	0	0	0	0	0	0	0	0	0	0	0	0	0
0	0	101	162	0	0	0	0	0	632	0	0	25	1	51	0	2	2	3	20	0	0	0	0	0	10	0	3	1	1116	14	0	2	35	0	207	0	0	1	0	165	1	2	9	0	15	0	50	0	0	0	0	0	0	0	0	83	20	0	0	0	2	0	0	0	0	0	0	0	0	1	0	0	12
4	0	0	1	0	0	0	0	6	8	0	0	12	0	2	0	25	0	24	9	0	0	0	0	0	109	0	1	505	1	354	0	1	154	20	0	0	0	2	0	0	0	4	2	7	102	0	1	0	4	1	0	0	0	1	0	6	613	184	0	1	4	0	0	0	0	0	0	0	8	2	4	0	30
113	0	0	0	0	0	0	0	8	22	0	0	1	1	26	0	13	0	8	92	0	0	0	128	0	64	0	0	290	0	30	0	47	41	0	0	0	0	0	0	0	0	0	0	1	4	0	0	0	0	0	0	0	0	0	228	0	181	0	0	0	0	0	0	0	0	0	0	0	0	0	0	0	123
0	0	6	0	6	0	0	0	47	4	4	0	0	5	4	0	0	7	0	25	0	0	0	0	0	0	0	0	0	0	0	0	2	62	0	0	0	0	0	0	0	12	1	4	0	9	0	1	0	0	0	0	0	0	0	0	0	38	0	0	1	7	0	4	0	0	0	0	0	7	1	0	0	20
0	0	7	1	5	7	0	0	7	337	0	0	4	1	0	0	2	0	11	280	0	0	0	0	0	2	0	9	0	0	248	0	2	1	2	2	0	0	4	0	0	9	5	5	48	0	0	28	0	4	44	0	7	0	3	150	12	5	60	0	8	10	0	0	0	0	8	0	7	0	3	4	4	4
0	0	0	0	0	0	0	2	43	9	0	0	353	2	3	0	2	0	8	206	0	0	0	0	0	105	0	0	35	0	57	0	749	1073	3	0	0	0	20	0	0	0	6	0	0	108	0	0	0	0	0	0	0	0	4	1	15	321	55	1	1	0	0	0	0	1	2	0	1	3	0	0	0	12
0	0	0	0	0	3	0	0	16	19	0	0	0	13	0	0	0	0	0	17	0	0	0	0	0	2	0	1	0	0	0	0	0	1	0	0	0	0	0	0	4	0	2	0	0	1	0	0	0	3	0	0	0	0	0	2	3	3	0	0	1	3	0	0	0	0	4	0	0	4	0	0	0	4
0	0	0	0	0	0	0	0	4	0	0	0	5	29	0	0	0	0	2	3	0	0	0	0	0	3	0	0	0	0	0	0	0	12	0	0	0	0	0	0	0	0	3	0	0	10	0	0	0	0	0	0	0	0	0	4	0	3	0	0	0	0	0	0	0	0	0	0	0	4	0	0	0	1
0	0	5	1	6	454	0	1	1	0	0	0	22	0	2	0	20	0	324	5	13	136	5	0	0	5	0	19	13	0	450	0	47	19	10	4	0	0	2	1	34	19	49	347	47	3	0	0	0	4	9	0	713	0	9	7	145	657	7	0	18	58	0	2	0	12	30	123	20	4	12	4	1	0
