0	0	0	0	1	20	18	0	0	8	0	0	13	0	1	10	78	0	53	5	38	691	0	506	236	11	0	0	23	0	11	0	31	6	349	0	0	0	1	31	8	0	0	0	17	0	0	0	0	5	5	127	81	0	504	79	2	76	2	0	0	1	0	0	0	0	199	736	0	6	11	1	1	50
0	10	18	0	245	0	10	134	9	12	15	0	733	32	10	153	5	31	75	11	2	2	24	0	1	5	1	0	0	0	10	0	36	368	9	27	0	0	5	338	8	5	0	9	7	348	15	4	0	1	0	1	1	0	13	1	112	48	27	308	0	62	0	21	0	2	6	5	22	57	186	21	341	4
0	18	0	0	0	0	0	20	13	466	22	0	22	226	325	0	5	26	0	16	9	0	0	0	0	0	224	0	0	0	73	0	6	0	1	0	0	0	0	1	176	2	0	2	19	0	0	296	0	0	0	9	0	0	1	0	358	8	138	48	0	150	0	2	0	0	0	0	27	8	0	12	39	0
0	0	0	0	0	0	0	0	0	3	0	0	0	0	1	0	0	1	0	0	0	0	0	0	0	0	0	0	0	0	0	0	0	0	12	0	0	0	0	0	0	0	0	0	0	0	0	0	0	0	0	0	0	0	0	0	0	0	0	0	0	1	0	0	0	1	0	0	0	0	23	0	1	1
1	245	0	0	0	0	0	11	9	22	562	0	207	54	8	0	2	23	0	2	3	0	0	0	0	8	4	0	9	0	69	0	2	0	1	0	0	0	0	24	12	31	0	0	15	0	0	29	0	0	0	0	0	0	3	0	3	1	6	32	0	613	0	60	0	0	0	0	27	5	0	8	696	0
20	0	0	0	0	0	0	0	0	1	0	0	1	0	0	0	283	0	0	8	187	10	0	16	0	246	0	0	29	0	6	0	9	0	6	0	0	0	0	7	0	0	0	0	148	0	0	0	0	0	0	245	0	0	2	0	1	1	0	0	0	0	0	0	0	0	0	0	0	0	0	0	0	0
18	10	0	0	0	0	0	38	11	6	0	0	0	2	70	0	23	13	0	0	0	9	0	0	0	19	0	0	0	0	6	0	3	0	0	0	0	0	0	2	334	0	0	120	105	0	0	1	0	0	0	62	0	0	13	0	6	0	0	3	0	1	0	0	0	0	0	0	4	0	0	5	3	0
0	134	20	0	11	0	38	0	33	15	0	0	1310	12	0	0	565	43	390	261	771	6	1	0	1	62	0	0	9	0	8	0	560	6	54	3	0	0	157	386	1	23	0	8	41	3	1	0	0	0	0	7	1	0	17	218	53	49	179	1497	0	9	0	1	0	0	1	2	31	83	772	44	1	0
0	9	13	0	9	0	11	33	0	1	0	0	10	6	0	4	3	13	5	58	4	0	0	0	0	1	0	0	0	0	11	0	68	19	44	3	0	0	0	0	24	21	0	16	109	0	11	1	0	3	0	0	1	0	2	13	25	0	39	42	0	8	0	14	0	0	5	6	0	39	35	32	17	14
8	12	466	3	22	1	6	15	1	0	77	0	12	35	1122	47	0	121	196	74	1	0	0	0	0	17	128	0	0	0	403	0	21	4	2	424	0	0	0	0	432	284	0	644	6	1	14	1135	0	7	183	3	594	0	13	7	966	17	5	1	0	140	0	1	0	136	4	24	35	445	120	20	69	0
0	15	22	0	562	0	0	0	0	77	0	0	5	497	74	172	0	81	0	29	0	0	30	0	2	1	0	0	0	0	6	0	62	126	0	64	0	0	0	2	35	621	0	40	0	68	122	0	0	2	0	0	0	0	0	0	24	2	20	0	0	1121	0	93	0	2	0	0	5	5	30	175	781	2
0	0	0	0	0	0	0	0	0	0	0	0	0	0	0	0	0	0	0	0	0	0	0	0	0	0	0	0	0	0	0	0	0	0	0	0	0	0	0	0	0	0	0	0	0	0	0	0	0	0	0	0	0	0	0	0	0	0	0	0	0	0	0	0	0	0	0	0	0	0	0	0	0	0
13	733	22	0	207	1	0	1310	10	12	5	0	0	11	9	86	484	3	364	65	368	1	7	4	8	14	0	0	36	0	3	0	403	740	87	2	0	0	170	790	24	12	0	9	10	435	1	1	0	0	0	23	2	0	45	38	137	84	128	960	0	28	0	11	0	3	3	18	0	80	518	112	42	19
0	32	226	0	54	0	2	12	6	35	497	0	11	0	176	11	1	74	1	8	3	1	13	0	0	2	11	0	0	0	196	0	21	0	2	10	0	0	16	3	13	178	0	5	20	11	132	2	0	2	0	5	0	0	0	45	37	47	99	17	0	1359	0	42	0	8	1	0	32	48	8	123	33	0
1	10	325	1	8	0	70	0	0	1122	74	0	9	176	0	20	0	114	81	7	1	1	0	0	0	35	89	0	1	0	7	0	7	1	2	597	0	0	0	3	260	723	0	911	10	0	67	943	0	14	1	0	23	0	18	0	478	11	44	3	0	195	0	5	0	67	2	49	94	299	52	22	12	16
10	153	0	0	0	0	0	0	4	47	172	0	86	11	20	0	4	2	2	1	2	1	0	0	0	12	0	0	0	0	12	0	1	0	11	0	0	0	0	1	1	2	0	0	2	0	0	12	0	0	0	17	0	0	8	0	0	1	2	16	0	221	0	33	0	0	0	0	11	2	0	8	228	0
78	5	5	0	2	283	23	565	3	0	0	0	484	1	0	4	0	1	300	58	1338	202	1	80	39	892	0	0	14	0	15	0	479	254	203	1	0	0	248	394	5	26	0	7	400	42	1	1	0	0	16	1547	215	0	457	28	18	108	27	82	0	4	0	1	0	0	155	140	0	48	216	20	3	44
0	31	26	1	23	0	13	43	13	121	81	0	3	74	114	2	1	0	2	2	3	0	9	0	0	0	3	0	0	0	105	0	22	9	4	85	0	0	1	0	60	65	0	162	77	5	24	132	0	629	38	1	53	0	0	0	74	16	0	0	0	137	0	7	0	1	2	1	89	46	0	107	53	15
53	75	0	0	0	0	0	390	5	196	0	0	364	1	81	2	300	2	0	276	328	72	0	68	1	289	16	0	129	0	51	0	35	0	286	0	0	0	2	276	3	21	0	32	79	0	0	102	0	0	4	694	44	0	28	13	229	204	134	883	0	4	0	0	0	0	3	28	0	16	10	1	1	26
5	11	16	0	2	8	0	261	58	74	29	0	65	8	7	1	58	2	276	0	293	38	2	415	100	158	0	0	7	0	239	0	197	24	104	0	0	0	82	407	5	11	0	17	57	2	4	85	0	0	91	64	404	0	379	511	710	23	167	268	0	17	0	8	0	2	23	159	0	336	464	12	3	22
38	2	9	0	3	187	0	771	4	1	0	0	368	3	1	2	1338	3	328	293	0	108	1	29	23	1082	0	0	10	0	2	0	569	408	151	2	0	0	248	741	48	1	0	4	336	120	3	0	0	0	0	937	135	0	179	71	6	38	18	78	0	2	0	0	0	1	27	77	0	13	415	8	1	25
691	2	0	0	0	10	9	6	0	0	0	0	1	1	1	1	202	0	72	38	108	0	0	1251	373	129	0	0	66	0	323	0	23	81	280	0	0	0	0	51	0	0	0	1	274	3	0	1	0	0	169	430	61	0	604	128	9	281	32	355	0	0	0	0	0	0	379	402	0	17	91	1	2	143
0	24	0	0	0	0	0	1	0	0	30	0	7	13	0	0	1	9	0	2	1	0	0	154	23	2	0	0	7	0	1	0	6	0	1	0	0	0	0	10	3	10	0	0	6	0	0	0	0	0	0	5	0	0	7	1	5	8	8	209	0	18	0	0	0	0	0	0	0	0	0	0	6	0
506	0	0	0	0	16	0	0	0	0	0	0	4	0	0	0	80	0	68	415	29	1251	154	0	2023	8	0	0	49	0	169	0	31	46	233	2	0	0	2	9	0	0	0	0	267	0	0	0	0	0	6	25	442	0	1123	1155	165	15	0	4	0	0	0	0	0	2	4	1721	0	50	349	0	4	154
236	1	0	0	0	0	0	1	0	0	2	0	8	0	0	0	39	0	1	100	23	373	23	2023	0	26	0	0	0	0	18	0	3	0	31	0	0	0	0	3	0	0	0	1	141	0	0	0	0	0	1	32	53	0	340	310	62	10	2	3	0	0	0	0	0	0	0	221	0	0	8	0	0	3
11	5	0	0	8	246	19	62	1	17	1	0	14	2	35	12	892	0	289	158	1082	129	2	8	26	0	0	0	5	0	5	0	489	45	98	3	0	0	185	500	3	14	0	1	193	26	0	0	0	0	1	739	205	0	340	31	22	59	7	53	0	22	0	0	0	2	156	140	0	56	243	11	1	23
0	1	224	0	4	0	0	0	0	128	0	0	0	11	89	0	0	3	16	0	0	0	0	0	0	0	0	0	0	0	8	0	0	0	0	193	0	0	1	0	488	0	0	0	1	0	4	199	0	0	0	0	0	0	0	0	0	0	8	0	0	7	0	0	0	153	0	0	0	1	0	5	3	0
0	0	0	0	0	0	0	0	0	0	0	0	0	0	0	0	0	0	0	0	0	0	0	0	0	0	0	0	0	0	0	0	0	0	0	0	0	0	0	0	0	0	0	0	0	0	0	0	0	0	0	0	0	0	0	0	0	0	0	0	0	0	0	0	0	0	0	0	0	0	0	0	0	0
23	0	0	0	9	29	0	9	0	0	0	0	36	0	1	0	14	0	129	7	10	66	7	49	0	5	0	0	0	0	0	0	17	15	130	0	0	0	0	151	0	2	0	0	2	4	0	0	0	0	0	185	0	0	13	57	7	69	115	182	0	0	0	0	0	0	102	111	0	0	4	1	6	0
0	0	0	0	0	0	0	0	0	0	0	0	0	0	0	0	0	0	0	0	0	0	0	0	0	0	0	0	0	0	0	0	0	0	0	0	0	0	0	0	0	0	0	0	0	0	0	0	0	0	0	0	0	0	0	0	0	0	0	0	0	0	0	0	0	0	0	0	0	0	0	0	0	0
11	10	73	0	69	6	6	8	11	403	6	0	3	196	7	12	15	105	51	239	2	323	1	169	18	5	8	0	0	0	0	0	9	43	9	1	0	0	1	1	17	11	0	369	106	0	252	75	0	0	561	24	820	0	443	28	672	98	1	3	0	170	0	8	0	0	314	49	74	299	23	57	87	270
0	0	0	0	0	0	0	0	0	0	0	0	0	0	0	0	0	0	0	0	0	0	0	0	0	0	0	0	0	0	0	0	0	0	0	0	0	0	0	0	0	0	0	0	0	0	0	0	0	0	0	0	0	0	0	0	0	0	0	0	0	0	0	0	0	0	0	0	0	0	0	0	0	0
31	36	6	0	2	9	3	560	68	21	62	0	403	21	7	1	479	22	35	197	569	23	6	31	3	489	0	0	17	0	9	0	0	2	102	0	0	0	13	116	40	5	0	11	214	3	0	1	0	0	0	249	1	0	5	40	42	32	36	156	0	174	0	1	0	0	2	7	21	18	96	23	33	9
6	368	0	0	0	0	0	6	19	4	126	0	740	0	1	0	254	9	0	24	408	81	0	46	0	45	0	0	15	0	43	0	2	0	27	0	0	0	0	142	0	0	0	0	90	0	0	0	0	0	0	143	0	0	33	0	8	481	60	480	0	32	0	0	0	0	0	0	2	2	0	2	512	0
349	9	1	12	1	6	0	54	44	2	0	0	87	2	2	11	203	4	286	104	151	280	1	233	31	98	0	0	130	0	9	0	102	27	0	2	0	0	48	345	7	5	0	9	199	0	3	0	0	0	0	643	63	0	44	74	34	558	614	768	0	55	0	3	0	0	174	230	0	16	150	11	8	1
0	27	0	0	0	0	0	3	3	424	64	0	2	10	597	0	1	85	0	0	2	0	0	2	0	3	193	0	0	0	1	0	0	0	2	0	0	0	0	0	392	39	0	208	12	0	0	562	0	0	0	1	0	0	0	0	87	6	0	4	0	7	0	1	0	20	0	0	6	1	0	25	70	0
0	0	0	0	0	0	0	0	0	0	0	0	0	0	0	0	0	0	0	0	0	0	0	0	0	0	0	0	0	0	0	0	0	0	0	0	0	0	0	0	0	0	0	0	0	0	0	0	0	0	0	0	0	0	0	0	0	0	0	0	0	0	0	0	0	0	0	0	0	0	0	0	0	0
0	0	0	0	0	0	0	0	0	0	0	0	0	0	0	0	0	0	0	0	0	0	0	0	0	0	0	0	0	0	0	0	0	0	0	0	0	0	0	0	0	0	0	0	0	0	0	0	0	0	0	0	0	0	0	0	0	0	0	0	0	0	0	0	0	0	0	0	0	0	0	0	0	0
1	5	0	0	0	0	0	157	0	0	0	0	170	16	0	0	248	1	2	82	248	0	0	2	0	185	1	0	0	0	1	0	13	0	48	0	0	0	0	0	0	0	0	0	52	0	0	0	0	0	0	214	0	0	1	1	0	3	4	17	0	0	0	0	0	0	0	0	0	0	0	0	0	0
31	338	1	0	24	7	2	386	0	0	2	0	790	3	3	1	394	0	276	407	741	51	10	9	3	500	0	0	151	0	1	0	116	142	345	0	0	0	0	0	0	0	0	0	57	11	0	0	0	0	0	431	19	0	57	5	29	31	3	736	0	4	0	1	0	0	0	0	0	5	4	17	3	4
8	8	176	0	12	0	334	1	24	432	35	0	24	13	260	1	5	60	3	5	48	0	3	0	0	3	488	0	0	0	17	0	40	0	7	392	0	0	0	0	0	1	0	510	56	1	21	748	0	1	0	3	3	0	3	26	9	1	4	3	0	65	0	0	0	168	1	0	0	2	2	27	11	16
0	5	2	0	31	0	0	23	21	284	621	0	12	178	723	2	26	65	21	11	1	0	10	0	0	14	0	0	2	0	11	0	5	0	5	39	0	0	0	0	1	0	0	242	50	0	163	183	0	2	0	5	0	0	0	0	81	387	670	35	0	440	0	24	0	0	30	0	12	3	1	6	129	0
0	0	0	0	0	0	0	0	0	0	0	0	0	0	0	0	0	0	0	0	0	0	0	0	0	0	0	0	0	0	0	0	0	0	0	0	0	0	0	0	0	0	0	0	0	0	0	0	0	0	0	0	0	0	0	0	0	0	0	0	0	0	0	0	0	0	0	0	0	0	0	0	0	0
0	9	2	0	0	0	120	8	16	644	40	0	9	5	911	0	7	162	32	17	4	1	0	0	1	1	0	0	0	0	369	0	11	0	9	208	0	0	0	0	510	242	0	0	113	0	0	904	0	0	74	0	26	0	3	0	211	217	4	4	0	105	0	0	0	4	0	0	10	1	6	17	80	0
17	7	19	0	15	148	105	41	109	6	0	0	10	20	10	2	400	77	79	57	336	274	6	267	141	193	1	0	2	0	106	0	214	90	199	12	0	0	52	57	56	50	0	113	0	26	13	0	0	5	21	415	248	0	242	90	152	50	9	39	0	64	0	27	0	0	180	50	0	26	37	60	8	28
0	348	0	0	0	0	0	3	0	1	68	0	435	11	0	0	42	5	0	2	120	3	0	0	0	26	0	0	4	0	0	0	3	0	0	0	0	0	0	11	1	0	0	0	26	0	0	7	0	0	0	60	0	0	0	0	0	247	18	178	0	14	0	0	0	0	0	0	2	0	0	1	286	0
0	15	0	0	0	0	0	1	11	14	122	0	1	132	67	0	1	24	0	4	3	0	0	0	0	0	4	0	0	0	252	0	0	0	3	0	0	0	0	0	21	163	0	0	13	0	0	2	0	0	0	0	0	0	4	0	4	47	330	2	0	76	0	15	0	0	0	0	16	5	0	13	45	0
0	4	296	0	29	0	1	0	1	1135	0	0	1	2	943	12	1	132	102	85	0	1	0	0	0	0	199	0	0	0	75	0	1	0	0	562	0	0	0	0	748	183	0	904	0	7	2	0	0	2	20	0	370	0	11	0	715	1	0	0	0	14	0	0	0	181	0	0	16	329	10	1	23	0
0	0	0	0	0	0	0	0	0	0	0	0	0	0	0	0	0	0	0	0	0	0	0	0	0	0	0	0	0	0	0	0	0	0	0	0	0	0	0	0	0	0	0	0	0	0	0	0	0	0	0	0	0	0	0	0	0	0	0	0	0	0	0	0	0	0	0	0	0	0	0	0	0	0
5	1	0	0	0	0	0	0	3	7	2	0	0	2	14	0	0	629	0	0	0	0	0	0	0	0	0	0	0	0	0	0	0	0	0	0	0	0	0	0	1	2	0	0	5	0	0	2	0	0	0	0	0	0	0	0	1	11	0	0	0	6	0	2	0	0	0	0	0	0	0	0	0	0
5	0	0	0	0	0	0	0	0	183	0	0	0	0	1	0	16	38	4	91	0	169	0	6	1	1	0	0	0	0	561	0	0	0	0	0	0	0	0	0	0	0	0	74	21	0	0	20	0	0	0	1	149	0	64	2	217	12	0	0	0	0	0	0	0	0	77	7	0	0	31	2	1	89
127	1	9	0	0	245	62	7	0	3	0	0	23	5	0	17	1547	1	694	64	937	430	5	25	32	739	0	0	185	0	24	0	249	143	643	1	0	0	214	431	3	5	0	0	415	60	0	0	0	0	1	0	249	0	485	120	38	196	3	50	0	3	0	0	0	0	366	83	0	73	152	15	1	47
81	1	0	0	0	0	0	1	1	594	0	0	2	0	23	0	215	53	44	404	135	61	0	442	53	205	0	0	0	0	820	0	1	0	63	0	0	0	0	19	3	0	0	26	248	0	0	370	0	0	149	249	0	0	92	0	420	63	0	5	0	0	0	0	0	0	0	0	0	3	0	1	2	0
0	0	0	0	0	0	0	0	0	0	0	0	0	0	0	0	0	0	0	0	0	0	0	0	0	0	0	0	0	0	0	0	0	0	0	0	0	0	0	0	0	0	0	0	0	0	0	0	0	0	0	0	0	0	0	0	0	0	0	0	0	0	0	0	0	0	0	0	0	0	0	0	0	0
504	13	1	0	3	2	13	17	2	13	0	0	45	0	18	8	457	0	28	379	179	604	7	1123	340	340	0	0	13	0	443	0	5	33	44	0	0	0	1	57	3	0	0	3	242	0	4	11	0	0	64	485	92	0	0	229	9	67	30	142	0	1	0	0	0	0	44	272	2	30	111	0	6	1
79	1	0	0	0	0	0	218	13	7	0	0	38	45	0	0	28	0	13	511	71	128	1	1155	310	31	0	0	57	0	28	0	40	0	74	0	0	0	1	5	26	0	0	0	90	0	0	0	0	0	2	120	0	0	229	0	370	55	255	301	0	0	0	0	0	0	0	48	0	18	39	1	2	1
2	112	358	0	3	1	6	53	25	966	24	0	137	37	478	0	18	74	229	710	6	9	5	165	62	22	0	0	7	0	672	0	42	8	34	87	0	0	0	29	9	81	0	211	152	0	4	715	0	1	217	38	420	0	9	370	0	172	201	267	0	115	0	1	0	38	18	9	8	361	132	36	28	151
76	48	8	0	1	1	0	49	0	17	2	0	84	47	11	1	108	16	204	23	38	281	8	15	10	59	0	0	69	0	98	0	32	481	558	6	0	0	3	31	1	387	0	217	50	247	47	1	0	11	12	196	63	0	67	55	172	0	643	757	0	143	0	1	0	0	486	83	14	45	305	28	6	174
2	27	138	0	6	0	0	179	39	5	20	0	128	99	44	2	27	0	134	167	18	32	8	0	2	7	8	0	115	0	1	0	36	60	614	0	0	0	4	3	4	670	0	4	9	18	330	0	0	0	0	3	0	0	30	255	201	643	0	2178	0	53	0	0	0	0	982	8	8	623	672	10	83	2
0	308	48	0	32	0	3	1497	42	1	0	0	960	17	3	16	82	0	883	268	78	355	209	4	3	53	0	0	182	0	3	0	156	480	768	4	0	0	17	736	3	35	0	4	39	178	2	0	0	0	0	50	5	0	142	301	267	757	2178	0	0	0	0	31	0	0	259	265	0	290	712	142	0	14
0	0	0	0	0	0	0	0	0	0	0	0	0	0	0	0	0	0	0	0	0	0	0	0	0	0	0	0	0	0	0	0	0	0	0	0	0	0	0	0	0	0	0	0	0	0	0	0	0	0	0	0	0	0	0	0	0	0	0	0	0	0	0	0	0	0	0	0	0	0	0	0	0	0
1	62	150	1	613	0	1	9	8	140	1121	0	28	1359	195	221	4	137	4	17	2	0	18	0	0	22	7	0	0	0	170	0	174	32	55	7	0	0	0	4	65	440	0	105	64	14	76	14	0	6	0	3	0	0	1	0	115	143	53	0	0	0	0	8	0	1	0	0	85	49	3	296	535	27
0	0	0	0	0	0	0	0	0	0	0	0	0	0	0	0	0	0	0	0	0	0	0	0	0	0	0	0	0	0	0	0	0	0	0	0	0	0	0	0	0	0	0	0	0	0	0	0	0	0	0	0	0	0	0	0	0	0	0	0	0	0	0	0	0	0	0	0	0	0	0	0	0	0
0	21	2	0	60	0	0	1	14	1	93	0	11	42	5	33	1	7	0	8	0	0	0	0	0	0	0	0	0	0	8	0	1	0	3	1	0	0	0	1	0	24	0	0	27	0	15	0	0	2	0	0	0	0	0	0	1	1	0	31	0	8	0	0	0	0	0	1	2	0	3	18	211	1
0	0	0	0	0	0	0	0	0	0	0	0	0	0	0	0	0	0	0	0	0	0	0	0	0	0	0	0	0	0	0	0	0	0	0	0	0	0	0	0	0	0	0	0	0	0	0	0	0	0	0	0	0	0	0	0	0	0	0	0	0	0	0	0	0	0	0	0	0	0	0	0	0	0
0	2	0	1	0	0	0	0	0	136	2	0	3	8	67	0	0	1	0	2	1	0	0	2	0	2	153	0	0	0	0	0	0	0	0	20	0	0	0	0	168	0	0	4	0	0	0	181	0	0	0	0	0	0	0	0	38	0	0	0	0	1	0	0	0	0	0	0	0	0	0	2	1	0
199	6	0	0	0	0	0	1	5	4	0	0	3	1	2	0	155	2	3	23	27	379	0	4	0	156	0	0	102	0	314	0	2	0	174	0	0	0	0	0	1	30	0	0	180	0	0	0	0	0	77	366	0	0	44	0	18	486	982	259	0	0	0	0	0	0	0	0	0	4	2	3	3	0
736	5	0	0	0	0	0	2	6	24	0	0	18	0	49	0	140	1	28	159	77	402	0	1721	221	140	0	0	111	0	49	0	7	0	230	0	0	0	0	0	0	0	0	0	50	0	0	0	0	0	7	83	0	0	272	48	9	83	8	265	0	0	0	1	0	0	0	0	0	0	0	0	0	0
0	22	27	0	27	0	4	31	0	35	5	0	0	32	94	11	0	89	0	0	0	0	0	0	0	0	0	0	0	0	74	0	21	2	0	6	0	0	0	0	0	12	0	10	0	2	16	16	0	0	0	0	0	0	2	0	8	14	8	0	0	85	0	2	0	0	0	0	0	24	0	21	71	0
6	57	8	0	5	0	0	83	39	445	5	0	80	48	299	2	48	46	16	336	13	17	0	50	0	56	1	0	0	0	299	0	18	2	16	1	0	0	0	5	2	3	0	1	26	0	5	329	0	0	0	73	3	0	30	18	361	45	623	290	0	49	0	0	0	0	4	0	24	0	8	23	45	1
11	186	0	23	0	0	0	772	35	120	30	0	518	8	52	0	216	0	10	464	415	91	0	349	8	243	0	0	4	0	23	0	96	0	150	0	0	0	0	4	2	1	0	6	37	0	0	10	0	0	31	152	0	0	111	39	132	305	672	712	0	3	0	3	0	0	2	0	0	8	0	5	4	0
1	21	12	0	8	0	5	44	32	20	175	0	112	123	22	8	20	107	1	12	8	1	0	0	0	11	5	0	1	0	57	0	23	2	11	25	0	0	0	17	27	6	0	17	60	1	13	1	0	0	2	15	1	0	0	1	36	28	10	142	0	296	0	18	0	2	3	0	21	23	5	0	136	2
1	341	39	1	696	0	3	1	17	69	781	0	42	33	12	228	3	53	1	3	1	2	6	4	0	1	3	0	6	0	87	0	33	512	8	70	0	0	0	3	11	129	0	80	8	286	45	23	0	0	1	1	2	0	6	2	28	6	83	0	0	535	0	211	0	1	3	0	71	45	4	136	0	2
50	4	0	1	0	0	0	0	14	0	2	0	19	0	16	0	44	15	26	22	25	143	0	154	3	23	0	0	0	0	270	0	9	0	1	0	0	0	0	4	16	0	0	0	28	0	0	0	0	0	89	47	0	0	1	1	151	174	2	14	0	27	0	1	0	0	0	0	0	1	0	2	2	0
