0	14	0	0	0	0	0	0	0	0	0	0	0	0	8	6	11	0	17	0	7	142	7	230	51	7	0	0	4	0	8	0	4	7	158	21	0	0	9	25	2	2	0	0	251	3	0	0	0	0	1	253	14	0	291	2	1	13	0	0	0	0	0	1	0	0	123	455	0	0	4	0	0	17
14	6	4	0	920	0	4	147	0	2	344	0	504	4	1	280	267	0	3	43	93	119	1	0	0	63	5	0	2	0	2	0	365	618	31	5	0	0	12	991	22	14	119	0	28	274	1	0	0	0	0	6	71	0	91	6	163	93	83	0	5	12	0	183	0	0	0	80	70	5	581	420	1080	23
0	4	0	0	53	0	1	6	0	621	24	0	23	113	187	9	1	93	0	65	16	0	12	0	0	15	382	0	50	84	63	0	45	1	27	130	0	0	0	29	392	60	7	268	0	2	59	159	0	0	0	14	10	0	11	3	297	6	28	0	38	214	0	26	0	30	1	2	3	163	39	49	41	0
0	0	0	0	0	0	0	0	0	20	0	0	0	0	2	0	0	0	0	0	0	0	0	1	0	0	5	0	0	0	0	0	1	4	0	1	0	0	0	0	1	0	0	0	0	0	0	0	0	0	0	0	0	0	1	0	0	0	0	0	0	0	0	0	0	0	0	0	0	0	1	0	0	3
0	920	53	0	0	0	0	1	0	36	422	0	271	122	49	79	13	2	0	1	6	0	21	0	0	3	10	0	0	12	3	0	9	161	2	17	0	0	0	148	12	145	4	29	1	2	10	2	0	0	0	0	1	0	1	1	18	41	5	0	9	1259	0	208	0	0	0	0	130	7	11	122	867	0
0	0	0	0	0	0	0	0	0	0	0	0	0	0	0	0	0	0	0	0	0	0	0	0	0	0	0	0	0	0	0	0	0	0	0	0	0	0	0	0	0	0	0	0	0	0	0	0	0	0	0	0	0	0	0	0	0	0	0	0	0	0	0	0	0	0	0	0	0	0	0	0	0	0
0	4	1	0	0	0	0	0	0	1	1	0	0	0	1	0	24	30	0	0	9	0	0	10	1	12	5	0	0	127	0	0	0	0	1	124	0	0	0	1	186	0	0	87	6	0	0	0	0	0	0	63	11	0	0	0	2	13	0	0	0	7	0	0	0	0	0	0	0	0	0	0	3	0
0	147	6	0	1	0	0	0	0	0	0	0	265	1	0	0	34	0	0	6	95	0	0	12	1	3	7	0	19	0	2	0	21	0	12	0	0	0	0	34	3	0	1	0	2	0	0	0	0	0	0	2	1	0	0	3	2	28	16	0	0	2	0	0	0	0	0	0	0	0	0	0	0	0
0	0	0	0	0	0	0	0	0	0	0	0	0	0	0	0	0	0	0	0	0	0	0	0	0	0	0	0	0	0	0	0	0	0	0	0	0	0	0	0	0	0	0	0	0	0	0	0	0	4	0	0	0	0	0	0	0	0	0	0	0	0	0	0	0	0	0	0	0	0	0	0	0	0
0	2	621	20	36	0	1	0	0	0	11	0	0	27	497	6	13	46	158	73	0	0	26	3	0	18	12	0	0	12	226	0	7	0	4	303	0	0	0	2	282	164	7	526	9	4	4	515	0	0	5	0	227	0	2	0	487	46	0	0	10	141	0	1	0	61	1	4	10	457	32	36	8	0
0	344	24	0	422	0	1	0	0	11	0	0	1	548	5	79	8	37	0	3	2	0	0	0	0	0	4	0	0	0	0	0	2	52	1	21	0	0	0	1	46	254	6	135	0	0	6	8	0	0	0	1	0	0	1	0	34	13	36	0	91	1182	0	80	0	0	1	1	123	36	1	208	807	0
0	0	0	0	0	0	0	0	0	0	0	0	0	0	0	0	0	0	0	0	0	0	0	0	0	0	0	0	0	0	0	0	0	0	0	0	0	0	0	0	0	0	0	0	0	0	0	0	0	0	0	0	0	0	0	0	0	0	0	0	0	0	0	0	0	0	0	0	0	0	0	0	0	0
0	504	23	0	271	0	0	265	0	0	1	0	0	3	0	51	258	3	1	6	124	77	8	1	0	17	1	0	9	0	2	0	392	424	97	1	0	0	0	548	16	9	0	2	0	221	0	0	0	0	0	0	6	0	4	4	18	24	111	0	1	7	0	20	0	1	6	17	6	4	501	277	34	1
0	4	113	0	122	0	0	1	0	27	548	0	3	0	3	27	5	10	0	0	11	1	10	0	0	0	60	0	0	0	1	0	6	0	2	37	0	0	17	3	44	259	4	137	34	1	235	4	0	0	0	0	0	0	1	55	70	12	36	0	286	1647	0	106	0	1	1	1	135	2	5	152	75	4
8	1	187	2	49	0	1	0	0	497	5	0	0	3	0	29	1	0	156	0	3	0	1	2	0	0	4	0	0	0	1	0	0	1	3	174	0	0	0	0	39	369	0	360	0	1	6	248	0	0	0	0	60	0	0	0	255	86	22	0	0	17	0	1	0	81	1	15	78	26	32	17	14	0
6	280	9	0	79	0	0	0	0	6	79	0	51	27	29	0	20	0	0	0	2	0	0	0	0	16	6	0	3	0	30	0	2	1	2	0	0	0	9	4	3	0	1	3	14	0	0	0	0	0	0	8	14	0	1	0	3	16	2	0	0	271	0	0	0	0	0	0	5	0	0	0	247	0
11	267	1	0	13	0	24	34	0	13	8	0	258	5	1	20	0	1	9	26	1137	368	4	63	18	802	10	0	109	0	25	0	669	148	206	0	0	0	239	946	72	2	8	33	247	32	15	0	0	0	0	554	544	0	434	3	53	180	14	0	36	114	0	1	0	0	156	366	16	3	311	51	4	5
0	0	93	0	2	0	30	0	0	46	37	0	3	10	0	0	1	0	0	17	4	0	67	0	0	27	5	0	0	50	105	0	19	1	0	22	0	0	0	1	154	9	0	86	1	0	44	60	0	680	0	19	121	0	0	0	27	15	0	0	60	278	0	0	0	0	2	5	86	13	111	65	63	4
17	3	0	0	0	0	0	0	0	158	0	0	1	0	156	0	9	0	0	0	0	12	0	100	13	4	0	0	175	0	92	0	1	0	54	0	0	0	0	0	1	0	25	0	94	0	0	0	0	0	5	0	229	0	2	229	65	196	470	0	0	0	0	0	0	0	0	0	0	5	0	0	1	1
0	43	65	0	1	0	0	6	0	73	3	0	6	0	0	0	26	17	0	0	37	16	0	175	70	47	0	0	146	0	30	0	165	21	48	0	0	0	81	246	5	2	2	0	73	0	1	14	0	0	0	42	159	0	11	200	27	10	53	0	0	9	0	1	0	0	5	18	14	13	21	12	7	5
7	93	16	0	6	0	9	95	0	0	2	0	124	11	3	2	1137	4	0	37	0	22	2	15	1	852	3	0	29	0	2	0	386	239	134	0	0	0	145	429	61	12	1	0	145	0	19	0	0	0	0	249	302	0	79	28	50	135	1	0	0	1	0	1	0	0	1	143	0	2	221	27	7	1
142	119	0	0	0	0	0	0	0	0	0	0	77	1	0	0	368	0	12	16	22	0	1	477	95	260	3	0	252	0	144	0	10	10	47	0	0	0	12	27	6	0	0	0	239	10	0	0	0	0	5	176	204	0	276	17	5	176	87	0	9	2	0	0	0	0	38	38	2	0	0	3	3	4
7	1	12	0	21	0	0	0	0	26	0	0	8	10	1	0	4	67	0	0	2	1	0	786	80	2	2	0	4	10	28	0	0	0	1	0	0	0	0	0	21	0	0	0	1	0	0	0	0	0	0	92	14	0	151	325	4	4	0	0	0	44	0	0	0	0	0	0	0	2	0	0	0	0
230	0	0	1	0	0	10	12	0	3	0	0	1	0	2	0	63	0	100	175	15	477	786	0	1448	12	14	0	42	0	167	0	23	34	80	0	0	0	6	56	4	0	0	0	239	22	0	0	0	0	0	521	318	0	555	1046	45	6	2	0	2	0	0	0	0	0	12	726	0	3	52	6	1	4
51	0	0	0	0	0	1	1	0	0	0	0	0	0	0	0	18	0	13	70	1	95	80	1448	0	14	5	0	12	0	37	0	2	4	7	0	0	0	0	2	0	0	0	0	15	1	0	0	0	0	0	126	109	0	277	391	13	1	1	0	0	2	0	0	0	0	2	74	0	0	1	0	1	1
7	63	15	0	3	0	12	3	0	18	0	0	17	0	0	16	802	27	4	47	852	260	2	12	14	0	1	0	30	0	7	0	631	123	122	1	0	0	225	757	46	5	5	18	156	75	2	6	0	0	0	449	374	0	318	24	59	74	21	0	2	37	0	0	0	1	237	386	1	3	256	27	13	3
0	5	382	5	10	0	5	7	0	12	4	0	1	60	4	6	10	5	0	0	3	3	2	14	5	1	0	0	2	43	0	0	4	3	8	320	0	0	0	23	634	13	1	3	1	0	38	52	0	0	0	4	3	0	26	0	21	13	2	0	3	27	0	3	0	76	6	7	19	1	13	32	7	2
0	0	0	0	0	0	0	0	0	0	0	0	0	0	0	0	0	0	0	0	0	0	0	0	0	0	0	0	0	0	0	0	0	0	0	0	0	0	0	0	0	0	0	0	0	0	0	0	0	0	0	0	0	0	0	0	0	0	0	0	0	0	0	0	0	0	0	0	0	0	0	0	0	0
4	2	50	0	0	0	0	19	0	0	0	0	9	0	0	3	109	0	175	146	29	252	4	42	12	30	2	0	0	0	6	0	227	43	578	0	0	0	82	555	20	5	108	1	31	43	0	0	0	0	0	187	291	0	49	8	23	246	130	0	0	0	0	0	0	0	471	310	28	4	84	18	0	4
0	0	84	0	12	0	127	0	0	12	0	0	0	0	0	0	0	50	0	0	0	0	10	0	0	0	43	0	0	0	51	0	0	0	0	119	0	0	0	0	88	2	0	1	0	0	21	37	0	0	0	0	0	0	0	0	4	5	0	0	5	32	0	0	0	0	0	0	0	0	26	17	12	0
8	2	63	0	3	0	0	2	0	226	0	0	2	1	1	30	25	105	92	30	2	144	28	167	37	7	0	0	6	51	0	0	5	39	2	0	0	0	4	5	8	5	0	263	377	16	73	42	0	0	134	4	395	0	135	2	176	45	1	0	4	85	0	5	0	0	172	12	1	134	15	27	6	226
0	0	0	0	0	0	0	0	0	0	0	0	0	0	0	0	0	0	0	0	0	0	0	0	0	0	0	0	0	0	0	0	0	0	0	0	0	0	0	0	0	0	0	0	0	0	0	0	0	0	0	0	0	0	0	0	0	0	0	0	0	0	0	0	0	0	0	0	0	0	0	0	0	0
4	365	45	1	9	0	0	21	0	7	2	0	392	6	0	2	669	19	1	165	386	10	0	23	2	631	4	0	227	0	5	0	0	11	71	4	0	0	85	212	29	1	7	0	68	5	1	1	0	0	0	126	237	0	49	7	10	78	22	0	0	62	0	0	0	0	4	27	23	4	83	21	9	0
7	618	1	4	161	0	0	0	0	0	52	0	424	0	1	1	148	1	0	21	239	10	0	34	4	123	3	0	43	0	39	0	11	0	12	0	0	0	22	59	7	0	13	0	74	0	0	0	0	0	0	23	187	0	31	1	7	310	62	0	0	2	0	0	0	0	0	5	0	0	5	0	687	0
158	31	27	0	2	0	1	12	0	4	1	0	97	2	3	2	206	0	54	48	134	47	1	80	7	122	8	0	578	0	2	0	71	12	0	2	0	0	11	235	27	2	23	0	64	16	2	0	0	0	0	136	194	0	39	16	24	357	210	0	0	36	0	0	0	0	55	73	2	1	33	6	3	0
21	5	130	1	17	0	124	0	0	303	21	0	1	37	174	0	0	22	0	0	0	0	0	0	0	1	320	0	0	119	0	0	4	0	2	0	0	0	0	0	337	121	0	185	0	0	0	6	0	0	0	6	5	0	0	1	9	3	3	0	1	28	0	0	0	0	0	0	2	2	0	1	44	0
0	0	0	0	0	0	0	0	0	0	0	0	0	0	0	0	0	0	0	0	0	0	0	0	0	0	0	0	0	0	0	0	0	0	0	0	0	0	0	0	0	0	0	0	0	0	0	0	0	0	0	0	0	0	0	0	0	0	0	0	0	0	0	0	0	0	0	0	0	0	0	0	0	0
0	0	0	0	0	0	0	0	0	0	0	0	0	0	0	0	0	0	0	0	0	0	0	0	0	0	0	0	0	0	0	0	0	0	0	0	0	0	0	0	0	0	0	0	0	0	0	0	0	0	0	0	0	0	0	0	0	0	0	0	0	0	0	0	0	0	0	0	0	0	0	0	0	0
9	12	0	0	0	0	0	0	0	0	0	0	0	17	0	9	239	0	0	81	145	12	0	6	0	225	0	0	82	0	4	0	85	22	11	0	0	0	0	86	18	0	1	0	104	1	0	0	0	0	0	100	233	0	29	2	5	16	0	0	0	0	0	1	0	0	0	41	1	0	8	3	4	1
25	991	29	0	148	0	1	34	0	2	1	0	548	3	0	4	946	1	0	246	429	27	0	56	2	757	23	0	555	0	5	0	212	59	235	0	0	0	86	0	22	2	26	0	268	22	10	0	0	0	0	172	430	0	126	5	19	76	202	0	0	1	0	0	0	0	2	21	2	2	153	38	8	2
2	22	392	1	12	0	186	3	0	282	46	0	16	44	39	3	72	154	1	5	61	6	21	4	0	46	634	0	20	88	8	0	29	7	27	337	0	0	18	22	0	3	7	417	79	3	2	288	0	0	0	69	65	0	19	10	37	51	1	0	30	274	0	0	0	0	0	12	48	1	7	26	31	4
2	14	60	0	145	0	0	0	0	164	254	0	9	259	369	0	2	9	0	2	12	0	0	0	0	5	13	0	5	2	5	0	1	0	2	121	0	0	0	2	3	0	10	176	0	0	57	1	0	0	0	2	1	0	1	0	33	329	732	0	0	445	0	0	0	0	33	0	46	3	1	1	115	0
0	119	7	0	4	0	0	1	0	7	6	0	0	4	0	1	8	0	25	2	1	0	0	0	0	5	1	0	108	0	0	0	7	13	23	0	0	0	1	26	7	10	0	5	0	0	3	0	0	0	0	0	1	0	5	0	38	167	35	0	4	10	0	1	0	0	28	3	19	4	1	2	2	0
0	0	268	0	29	0	87	0	0	526	135	0	2	137	360	3	33	86	0	0	0	0	0	0	0	18	3	0	1	1	263	0	0	0	0	185	0	0	0	0	417	176	5	0	12	0	1	68	0	0	1	56	110	0	2	0	52	129	3	0	0	342	0	0	0	0	2	0	48	0	0	40	61	2
251	28	0	0	1	0	6	2	0	9	0	0	0	34	0	14	247	1	94	73	145	239	1	239	15	156	1	0	31	0	377	0	68	74	64	0	0	0	104	268	79	0	0	12	0	0	2	0	0	0	11	141	167	0	376	39	228	31	0	0	17	6	0	0	0	0	165	89	20	104	59	20	0	37
3	274	2	0	2	0	0	0	0	4	0	0	221	1	1	0	32	0	0	0	0	10	0	22	1	75	0	0	43	0	16	0	5	0	16	0	0	0	1	22	3	0	0	0	0	0	0	0	0	0	0	15	32	0	11	1	11	125	412	0	0	7	0	0	0	0	0	0	0	3	0	0	21	0
0	1	59	0	10	0	0	0	0	4	6	0	0	235	6	0	15	44	0	1	19	0	0	0	0	2	38	0	0	21	73	0	1	0	2	0	0	0	0	10	2	57	3	1	2	0	0	0	0	0	0	0	0	0	2	2	10	24	550	0	0	28	0	0	0	0	0	0	14	59	0	0	4	0
0	0	159	0	2	0	0	0	0	515	8	0	0	4	248	0	0	60	0	14	0	0	0	0	0	6	52	0	0	37	42	0	1	0	0	6	0	0	0	0	288	1	0	68	0	0	0	0	0	0	0	3	49	0	0	1	113	24	2	0	0	50	0	0	0	0	0	1	0	108	0	0	17	0
0	0	0	0	0	0	0	0	0	0	0	0	0	0	0	0	0	0	0	0	0	0	0	0	0	0	0	0	0	0	0	0	0	0	0	0	0	0	0	0	0	0	0	0	0	0	0	0	0	0	0	0	0	0	0	0	0	0	0	0	0	0	0	0	0	0	0	0	0	0	0	0	0	0
0	0	0	0	0	0	0	0	4	0	0	0	0	0	0	0	0	680	0	0	0	0	0	0	0	0	0	0	0	0	0	0	0	0	0	0	0	0	0	0	0	0	0	0	0	0	0	0	0	0	0	0	0	0	0	0	0	0	0	0	0	0	0	0	0	0	0	0	0	0	0	0	0	0
1	0	0	0	0	0	0	0	0	5	0	0	0	0	0	0	0	0	5	0	0	5	0	0	0	0	0	0	0	0	134	0	0	0	0	0	0	0	0	0	0	0	0	1	11	0	0	0	0	0	0	0	6	0	0	0	7	0	0	0	0	0	0	0	0	0	4	0	0	0	0	0	0	2
253	6	14	0	0	0	63	2	0	0	1	0	0	0	0	8	554	19	0	42	249	176	92	521	126	449	4	0	187	0	4	0	126	23	136	6	0	0	100	172	69	2	0	56	141	15	0	3	0	0	0	0	496	0	317	55	41	55	0	0	1	10	0	0	0	0	45	278	1	0	4	21	1	10
14	71	10	0	1	0	11	1	0	227	0	0	6	0	60	14	544	121	229	159	302	204	14	318	109	374	3	0	291	0	395	0	237	187	194	5	0	0	233	430	65	1	1	110	167	32	0	49	0	0	6	496	0	0	236	28	169	376	2	0	1	12	0	1	0	0	211	114	17	120	68	30	5	223
0	0	0	0	0	0	0	0	0	0	0	0	0	0	0	0	0	0	0	0	0	0	0	0	0	0	0	0	0	0	0	0	0	0	0	0	0	0	0	0	0	0	0	0	0	0	0	0	0	0	0	0	0	0	0	0	0	0	0	0	0	0	0	0	0	0	0	0	0	0	0	0	0	0
291	91	11	1	1	0	0	0	0	2	1	0	4	1	0	1	434	0	2	11	79	276	151	555	277	318	26	0	49	0	135	0	49	31	39	0	0	0	29	126	19	1	5	2	376	11	2	0	0	0	0	317	236	0	0	523	28	98	14	0	2	4	0	1	0	0	59	233	2	0	3	7	6	1
2	6	3	0	1	0	0	3	0	0	0	0	4	55	0	0	3	0	229	200	28	17	325	1046	391	24	0	0	8	0	2	0	7	1	16	1	0	0	2	5	10	0	0	0	39	1	2	1	0	0	0	55	28	0	523	0	239	3	103	0	1	0	0	0	0	0	0	26	0	485	4	3	1	0
1	163	297	0	18	0	2	2	0	487	34	0	18	70	255	3	53	27	65	27	50	5	4	45	13	59	21	0	23	4	176	0	10	7	24	9	0	0	5	19	37	33	38	52	228	11	10	113	0	0	7	41	169	0	28	239	0	186	415	0	1	181	0	1	0	0	11	1	11	156	9	15	26	26
13	93	6	0	41	0	13	28	0	46	13	0	24	12	86	16	180	15	196	10	135	176	4	6	1	74	13	0	246	5	45	0	78	310	357	3	0	0	16	76	51	329	167	129	31	125	24	24	0	0	0	55	376	0	98	3	186	0	1082	0	1	144	0	4	0	0	444	79	100	12	83	51	12	164
0	83	28	0	5	0	0	16	0	0	36	0	111	36	22	2	14	0	470	53	1	87	0	2	1	21	2	0	130	0	1	0	22	62	210	3	0	0	0	202	1	732	35	3	0	412	550	2	0	0	0	0	2	0	14	103	415	1082	0	0	12	52	0	10	0	0	1046	0	42	741	78	206	1	0
0	0	0	0	0	0	0	0	0	0	0	0	0	0	0	0	0	0	0	0	0	0	0	0	0	0	0	0	0	0	0	0	0	0	0	0	0	0	0	0	0	0	0	0	0	0	0	0	0	0	0	0	0	0	0	0	0	0	0	0	0	0	0	0	0	0	0	0	0	0	0	0	0	0
0	5	38	0	9	0	0	0	0	10	91	0	1	286	0	0	36	60	0	0	0	9	0	2	0	2	3	0	0	5	4	0	0	0	0	1	0	0	0	0	30	0	4	0	17	0	0	0	0	0	0	1	1	0	2	1	1	1	12	0	0	394	0	0	0	0	0	0	19	0	0	0	208	0
0	12	214	0	1259	0	7	2	0	141	1182	0	7	1647	17	271	114	278	0	9	1	2	44	0	2	37	27	0	0	32	85	0	62	2	36	28	0	0	0	1	274	445	10	342	6	7	28	50	0	0	0	10	12	0	4	0	181	144	52	0	394	0	0	4	0	3	1	36	358	31	65	422	879	74
0	0	0	0	0	0	0	0	0	0	0	0	0	0	0	0	0	0	0	0	0	0	0	0	0	0	0	0	0	0	0	0	0	0	0	0	0	0	0	0	0	0	0	0	0	0	0	0	0	0	0	0	0	0	0	0	0	0	0	0	0	0	0	0	0	0	0	0	0	0	0	0	0	0
1	183	26	0	208	0	0	0	0	1	80	0	20	106	1	0	1	0	0	1	1	0	0	0	0	0	3	0	0	0	5	0	0	0	0	0	0	0	1	0	0	0	1	0	0	0	0	0	0	0	0	0	1	0	1	0	1	4	10	0	0	4	0	0	0	0	0	0	0	0	0	0	255	0
0	0	0	0	0	0	0	0	0	0	0	0	0	0	0	0	0	0	0	0	0	0	0	0	0	0	0	0	0	0	0	0	0	0	0	0	0	0	0	0	0	0	0	0	0	0	0	0	0	0	0	0	0	0	0	0	0	0	0	0	0	0	0	0	0	0	0	0	0	0	0	0	0	0
0	0	30	0	0	0	0	0	0	61	0	0	1	1	81	0	0	0	0	0	0	0	0	0	0	1	76	0	0	0	0	0	0	0	0	0	0	0	0	0	0	0	0	0	0	0	0	0	0	0	0	0	0	0	0	0	0	0	0	0	0	3	0	0	0	0	0	0	0	0	0	0	1	0
123	0	1	0	0	0	0	0	0	1	1	0	6	1	1	0	156	2	0	5	1	38	0	12	2	237	6	0	471	0	172	0	4	0	55	0	0	0	0	2	0	33	28	2	165	0	0	0	0	0	4	45	211	0	59	0	11	444	1046	0	0	1	0	0	0	0	0	0	4	1	0	0	5	0
455	80	2	0	0	0	0	0	0	4	1	0	17	1	15	0	366	5	0	18	143	38	0	726	74	386	7	0	310	0	12	0	27	5	73	0	0	0	41	21	12	0	3	0	89	0	0	1	0	0	0	278	114	0	233	26	1	79	0	0	0	36	0	0	0	0	0	0	0	0	1	1	3	0
0	70	3	0	130	0	0	0	0	10	123	0	6	135	78	5	16	86	0	14	0	2	0	0	0	1	19	0	28	0	1	0	23	0	2	2	0	0	1	2	48	46	19	48	20	0	14	0	0	0	0	1	17	0	2	0	11	100	42	0	19	358	0	0	0	0	4	0	0	1	0	2	221	0
0	5	163	0	7	0	0	0	0	457	36	0	4	2	26	0	3	13	5	13	2	0	2	3	0	3	1	0	4	0	134	0	4	0	1	2	0	0	0	2	1	3	4	0	104	3	59	108	0	0	0	0	120	0	0	485	156	12	741	0	0	31	0	0	0	0	1	0	1	0	0	2	7	37
4	581	39	1	11	0	0	0	0	32	1	0	501	5	32	0	311	111	0	21	221	0	0	52	1	256	13	0	84	26	15	0	83	5	33	0	0	0	8	153	7	1	1	0	59	0	0	0	0	0	0	4	68	0	3	4	9	83	78	0	0	65	0	0	0	0	0	1	0	0	0	1	31	0
0	420	49	0	122	0	0	0	0	36	208	0	277	152	17	0	51	65	0	12	27	3	0	6	0	27	32	0	18	17	27	0	21	0	6	1	0	0	3	38	26	1	2	40	20	0	0	0	0	0	0	21	30	0	7	3	15	51	206	0	0	422	0	0	0	0	0	1	2	2	1	0	271	0
0	1080	41	0	867	0	3	0	0	8	807	0	34	75	14	247	4	63	1	7	7	3	0	1	1	13	7	0	0	12	6	0	9	687	3	44	0	0	4	8	31	115	2	61	0	21	4	17	0	0	0	1	5	0	6	1	26	12	1	0	208	879	0	255	0	1	5	3	221	7	31	271	0	0
17	23	0	3	0	0	0	0	0	0	0	0	1	4	0	0	5	4	1	5	1	4	0	4	1	3	2	0	4	0	226	0	0	0	0	0	0	0	1	2	4	0	0	2	37	0	0	0	0	0	2	10	223	0	1	0	26	164	0	0	0	74	0	0	0	0	0	0	0	37	0	0	0	0
