0	0	0	1	1	20	18	0	0	8	0	0	26	0	1	10	78	0	53	5	38	673	0	450	179	11	0	0	25	0	10	0	31	6	337	0	0	0	1	31	24	1	0	0	11	0	0	0	0	5	7	127	81	0	488	79	2	74	2	0	0	1	0	0	0	0	196	722	0	6	10	8	1	77
0	8	6	0	158	0	10	91	9	10	14	0	523	28	4	66	1	31	6	10	2	2	1	0	1	3	0	0	0	0	10	0	26	210	9	25	0	0	5	340	9	7	0	8	6	230	13	4	0	1	0	1	1	0	12	1	62	13	16	142	0	59	0	18	0	2	5	5	22	39	148	13	287	4
0	6	0	0	1	0	0	16	13	452	29	0	20	190	284	0	1	24	0	4	8	0	0	0	0	0	161	0	2	0	73	0	1	0	1	0	0	0	0	1	138	2	0	2	13	0	0	286	0	0	0	10	0	0	1	0	356	3	138	31	0	185	0	2	0	0	0	0	27	7	0	5	40	0
1	0	0	0	0	0	0	0	0	3	0	0	0	0	1	0	0	1	0	0	0	0	0	0	0	0	0	0	0	0	0	0	0	0	0	1	0	0	0	0	0	0	0	0	0	0	0	0	0	0	0	0	0	0	0	0	0	0	0	0	0	1	0	0	0	1	0	0	0	0	23	0	1	1
1	158	1	0	0	0	0	29	9	22	574	0	220	48	8	20	3	18	5	2	4	0	0	0	2	8	10	0	17	0	69	0	11	79	4	0	0	0	0	45	13	69	0	0	20	0	5	29	0	0	0	0	0	0	12	0	9	1	6	33	0	695	0	99	0	0	0	0	28	5	3	33	882	0
20	0	0	0	0	0	0	0	0	1	0	0	1	0	3	0	309	0	0	9	213	41	0	8	0	244	0	0	58	0	7	0	1	0	5	0	0	0	0	7	0	0	0	0	44	0	0	0	0	0	0	408	0	0	3	0	1	0	0	0	0	0	0	0	0	0	0	0	0	0	0	0	1	0
18	10	0	0	0	0	0	38	11	6	1	0	0	2	78	0	23	13	0	0	0	9	0	0	0	19	0	0	0	0	6	0	2	0	1	0	0	0	0	2	262	0	0	120	105	0	0	1	0	0	0	62	0	0	13	0	6	0	0	3	0	1	0	0	0	0	0	0	4	0	0	5	3	0
0	91	16	0	29	0	38	0	33	15	0	0	1288	12	1	0	462	43	346	244	703	6	0	0	1	76	0	0	14	0	8	0	479	4	52	3	0	0	151	380	1	23	0	8	20	2	1	0	0	0	0	9	1	0	16	158	46	33	172	1317	0	9	0	1	0	0	1	2	31	68	401	40	1	0
0	9	13	0	9	0	11	33	0	1	0	0	10	6	0	4	3	13	5	58	4	0	0	0	0	1	0	0	0	0	11	0	68	19	44	3	0	0	0	0	24	21	0	16	109	0	11	1	0	3	1	0	1	0	2	13	25	0	39	42	0	8	0	14	0	0	5	6	0	39	35	32	17	14
8	10	452	3	22	1	6	15	1	0	45	0	9	24	1231	46	0	121	284	74	1	0	0	0	0	17	134	0	0	0	551	0	32	4	2	412	0	0	0	0	378	311	0	693	8	0	13	1307	0	7	417	3	708	0	13	7	1014	19	5	1	0	160	0	1	0	158	4	24	35	348	120	39	68	0
0	14	29	0	574	0	1	0	0	45	0	0	6	459	13	153	0	40	0	29	1	0	2	0	0	1	0	0	0	0	6	0	58	80	0	60	0	0	0	2	41	509	0	28	0	16	98	0	0	0	0	0	0	0	0	0	10	4	6	0	0	1102	0	19	0	0	0	0	5	3	30	159	777	0
0	0	0	0	0	0	0	0	0	0	0	0	0	0	0	0	0	0	0	0	0	0	0	0	0	0	0	0	0	0	0	0	0	0	0	0	0	0	0	0	0	0	0	0	0	0	0	0	0	0	0	0	0	0	0	0	0	0	0	0	0	0	0	0	0	0	0	0	0	0	0	0	0	0
26	523	20	0	220	1	0	1288	10	9	6	0	0	10	12	82	446	3	322	65	442	0	5	4	8	14	1	0	52	0	3	0	469	734	108	2	0	0	170	954	48	13	0	10	6	385	1	0	0	0	0	25	2	0	64	29	113	82	128	1101	0	28	0	26	0	1	3	18	0	66	600	109	30	21
0	28	190	0	48	0	2	12	6	24	459	0	10	0	157	7	1	74	1	8	3	1	12	0	0	2	17	0	0	0	196	0	21	0	2	7	0	0	16	3	14	178	0	5	22	1	118	2	0	2	0	3	0	0	0	45	31	47	72	16	0	1186	0	42	0	9	0	0	36	30	8	110	23	0
1	4	284	1	8	3	78	1	0	1231	13	0	12	157	0	30	3	111	122	7	2	3	0	0	0	39	90	0	14	0	30	0	7	3	6	658	0	0	0	6	289	810	0	970	33	0	58	978	0	14	1	5	21	0	19	0	574	19	39	3	0	58	0	9	0	134	3	41	96	259	57	16	10	16
10	66	0	0	20	0	0	0	4	46	153	0	82	7	30	0	4	2	2	1	2	0	0	0	0	12	0	0	0	0	12	0	1	0	11	0	0	0	0	1	1	0	0	0	3	0	0	12	0	0	0	17	0	0	8	0	0	1	2	16	0	216	0	24	0	0	0	0	11	2	0	4	231	0
78	1	1	0	3	309	23	462	3	0	0	0	446	1	3	4	0	1	313	58	1298	204	1	63	34	914	0	0	23	0	14	0	550	202	197	1	0	0	243	532	7	26	0	7	100	32	1	1	0	0	16	1750	127	0	486	22	20	124	26	77	0	4	0	1	0	1	169	133	0	40	214	17	4	44
0	31	24	1	18	0	13	43	13	121	40	0	3	74	111	2	1	0	2	1	3	0	1	0	0	0	3	0	0	0	105	0	22	9	4	82	0	0	1	0	59	51	0	161	77	5	24	132	0	902	38	1	52	0	0	0	74	16	0	0	0	126	0	7	0	1	2	1	89	46	0	105	46	15
53	6	0	0	5	0	0	346	5	284	0	0	322	1	122	2	313	2	0	260	353	89	0	70	3	307	2	0	150	0	122	0	28	0	278	0	0	0	2	276	4	10	0	28	66	0	0	99	0	0	177	738	44	0	29	14	232	114	126	794	0	3	0	0	0	0	0	28	0	9	10	0	1	24
5	10	4	0	2	9	0	244	58	74	29	0	65	8	7	1	58	1	260	0	293	31	2	415	100	157	0	0	10	0	222	0	183	30	108	0	0	0	82	415	5	11	0	17	57	2	4	75	0	0	91	66	367	0	358	496	708	18	169	284	0	17	0	8	0	2	23	153	0	316	457	13	2	22
38	2	8	0	4	213	0	703	4	1	1	0	442	3	2	2	1298	3	353	293	0	111	1	12	20	1027	0	0	36	0	3	0	596	343	149	2	0	0	224	885	47	1	0	4	123	96	3	0	0	0	0	1101	98	0	179	62	7	60	18	67	0	2	0	0	0	0	26	59	0	12	275	8	1	34
673	2	0	0	0	41	9	6	0	0	0	0	0	1	3	0	204	0	89	31	111	0	0	1418	464	129	0	0	131	0	354	0	23	67	374	0	0	0	0	53	0	0	0	1	220	3	0	1	0	0	303	454	60	0	676	131	14	371	32	351	0	0	0	0	0	0	443	529	0	17	85	2	2	176
0	1	0	0	0	0	0	0	0	0	2	0	5	12	0	0	1	1	0	2	1	0	0	114	0	1	0	0	7	0	0	0	0	0	0	0	0	0	0	10	0	0	0	0	0	0	0	0	0	0	0	5	0	0	1	0	2	0	2	120	0	3	0	0	0	0	0	0	0	0	0	0	6	0
450	0	0	0	0	8	0	0	0	0	0	0	4	0	0	0	63	0	70	415	12	1418	114	0	2071	6	0	0	62	0	167	0	27	44	303	0	0	0	2	11	0	0	0	0	354	0	0	0	0	0	36	31	378	0	1126	1250	96	32	0	2	0	0	0	2	0	0	8	1859	0	48	349	0	4	168
179	1	0	0	2	0	0	1	0	0	0	0	8	0	0	0	34	0	3	100	20	464	0	2071	0	26	0	0	4	0	31	0	1	0	17	0	0	0	0	3	0	0	0	1	151	0	0	0	0	0	55	35	49	0	322	317	108	9	2	1	0	0	0	0	0	0	0	227	0	0	8	0	0	4
11	3	0	0	8	244	19	76	1	17	1	0	14	2	39	12	914	0	307	157	1027	129	1	6	26	0	0	0	23	0	5	0	549	39	110	1	0	0	166	623	4	13	0	1	33	20	0	0	0	0	1	859	154	0	342	29	24	79	7	51	0	22	0	0	0	1	160	130	0	55	190	11	2	23
0	0	161	0	10	0	0	0	0	134	0	0	1	17	90	0	0	3	2	0	0	0	0	0	0	0	0	0	3	0	8	0	1	0	2	223	0	0	1	2	513	2	0	4	2	0	9	204	0	0	0	0	0	0	0	0	0	1	13	0	0	9	0	0	0	201	0	0	0	0	0	2	3	0
0	0	0	0	0	0	0	0	0	0	0	0	0	0	0	0	0	0	0	0	0	0	0	0	0	0	0	0	0	0	0	0	0	0	0	0	0	0	0	0	0	0	0	0	0	0	0	0	0	0	0	0	0	0	0	0	0	0	0	0	0	0	0	0	0	0	0	0	0	0	0	0	0	0
25	0	2	0	17	58	0	14	0	0	0	0	52	0	14	0	23	0	150	10	36	131	7	62	4	23	3	0	0	0	1	0	113	15	340	1	0	0	0	354	6	2	0	0	9	4	1	0	0	0	0	295	1	0	17	59	16	173	131	231	0	3	0	0	0	0	160	197	1	0	10	3	6	0
0	0	0	0	0	0	0	0	0	0	0	0	0	0	0	0	0	0	0	0	0	0	0	0	0	0	0	0	0	0	0	0	0	0	0	0	0	0	0	0	0	0	0	0	0	0	0	0	0	0	0	0	0	0	0	0	0	0	0	0	0	0	0	0	0	0	0	0	0	0	0	0	0	0
10	10	73	0	69	7	6	8	11	551	6	0	3	196	30	12	14	105	122	222	3	354	0	167	31	5	8	0	1	0	0	0	9	44	9	1	0	0	1	3	17	11	0	406	180	0	228	92	0	0	927	25	956	0	417	28	755	102	1	3	0	170	0	8	0	0	329	122	74	240	23	57	87	253
0	0	0	0	0	0	0	0	0	0	0	0	0	0	0	0	0	0	0	0	0	0	0	0	0	0	0	0	0	0	0	0	0	0	0	0	0	0	0	0	0	0	0	0	0	0	0	0	0	0	0	0	0	0	0	0	0	0	0	0	0	0	0	0	0	0	0	0	0	0	0	0	0	0
31	26	1	0	11	1	2	479	68	32	58	0	469	21	7	1	550	22	28	183	596	23	0	27	1	549	1	0	113	0	9	0	10	2	93	0	0	0	13	113	36	5	0	4	135	1	2	1	0	0	0	393	1	0	5	35	30	27	29	140	0	174	0	2	0	0	2	5	21	13	16	24	33	9
6	210	0	0	79	0	0	4	19	4	80	0	734	0	3	0	202	9	0	30	343	67	0	44	0	39	0	0	15	0	44	0	2	0	21	0	0	0	0	142	1	0	0	0	36	0	0	0	0	0	0	105	0	0	31	0	7	395	60	410	0	40	0	0	0	0	0	0	2	2	0	1	583	0
337	9	1	0	4	5	1	52	44	2	0	0	108	2	6	11	197	4	278	108	149	374	0	303	17	110	2	0	340	0	9	0	93	21	0	0	0	0	34	347	9	6	0	9	111	0	3	0	0	0	0	783	63	0	44	76	35	467	593	797	0	55	0	3	0	0	171	220	0	16	141	11	8	1
0	25	0	1	0	0	0	3	3	412	60	0	2	7	658	0	1	82	0	0	2	0	0	0	0	1	223	0	1	0	1	0	0	0	0	0	0	0	0	0	322	33	0	208	11	0	0	548	0	0	0	1	0	0	0	0	91	6	0	3	0	7	0	1	0	22	0	0	6	1	0	24	52	0
0	0	0	0	0	0	0	0	0	0	0	0	0	0	0	0	0	0	0	0	0	0	0	0	0	0	0	0	0	0	0	0	0	0	0	0	0	0	0	0	0	0	0	0	0	0	0	0	0	0	0	0	0	0	0	0	0	0	0	0	0	0	0	0	0	0	0	0	0	0	0	0	0	0
0	0	0	0	0	0	0	0	0	0	0	0	0	0	0	0	0	0	0	0	0	0	0	0	0	0	0	0	0	0	0	0	0	0	0	0	0	0	0	0	0	0	0	0	0	0	0	0	0	0	0	0	0	0	0	0	0	0	0	0	0	0	0	0	0	0	0	0	0	0	0	0	0	0
1	5	0	0	0	0	0	151	0	0	0	0	170	16	0	0	243	1	2	82	224	0	0	2	0	166	1	0	0	0	1	0	13	0	34	0	0	0	0	0	0	0	0	0	30	0	0	0	0	0	0	191	0	0	1	1	0	3	4	15	0	0	0	0	0	0	0	0	0	0	0	0	0	0
31	340	1	0	45	7	2	380	0	0	2	0	954	3	6	1	532	0	276	415	885	53	10	11	3	623	2	0	354	0	3	0	113	142	347	0	0	0	0	0	1	0	0	0	68	11	0	0	0	0	0	583	19	0	58	5	31	27	3	884	0	4	0	1	0	0	0	0	0	5	4	17	3	4
24	9	138	0	13	0	262	1	24	378	41	0	48	14	289	1	7	59	4	5	47	0	0	0	0	4	513	0	6	0	17	0	36	1	9	322	0	0	0	1	0	2	0	462	91	0	21	773	0	1	0	3	3	0	1	26	7	4	4	3	0	78	0	0	0	131	1	0	0	2	3	33	10	11
1	7	2	0	69	0	0	23	21	311	509	0	13	178	810	0	26	51	10	11	1	0	0	0	0	13	2	0	2	0	11	0	5	0	6	33	0	0	0	0	2	0	0	159	51	0	159	187	0	2	0	6	0	0	0	0	75	367	691	36	0	552	0	24	0	0	33	0	12	1	1	2	124	0
0	0	0	0	0	0	0	0	0	0	0	0	0	0	0	0	0	0	0	0	0	0	0	0	0	0	0	0	0	0	0	0	0	0	0	0	0	0	0	0	0	0	0	0	0	0	0	0	0	0	0	0	0	0	0	0	0	0	0	0	0	0	0	0	0	0	0	0	0	0	0	0	0	0
0	8	2	0	0	0	120	8	16	693	28	0	10	5	970	0	7	161	28	17	4	1	0	0	1	1	4	0	0	0	406	0	4	0	9	208	0	0	0	0	462	159	0	0	115	0	0	877	0	0	148	0	26	0	3	0	209	214	4	4	0	93	0	0	0	5	0	0	11	1	6	17	75	0
11	6	13	0	20	44	105	20	109	8	0	0	6	22	33	3	100	77	66	57	123	220	0	354	151	33	2	0	9	0	180	0	135	36	111	11	0	0	30	68	91	51	0	115	0	13	13	0	0	5	86	264	180	0	255	31	159	46	8	26	0	84	0	28	0	0	114	52	1	12	33	52	8	32
0	230	0	0	0	0	0	2	0	0	16	0	385	1	0	0	32	5	0	2	96	3	0	0	0	20	0	0	4	0	0	0	1	0	0	0	0	0	0	11	0	0	0	0	13	0	0	7	0	0	0	52	0	0	0	0	0	240	18	147	0	4	0	0	0	0	0	0	2	0	0	1	284	0
0	13	0	0	5	0	0	1	11	13	98	0	1	118	58	0	1	24	0	4	3	0	0	0	0	0	9	0	1	0	228	0	2	0	3	0	0	0	0	0	21	159	0	0	13	0	0	2	0	0	0	0	0	0	4	0	4	47	316	2	0	86	0	12	0	0	0	0	16	5	0	11	45	0
0	4	286	0	29	0	1	0	1	1307	0	0	0	2	978	12	1	132	99	75	0	1	0	0	0	0	204	0	0	0	92	0	1	0	0	548	0	0	0	0	773	187	0	877	0	7	2	0	0	2	64	0	340	0	11	0	771	0	0	0	0	14	0	0	0	159	0	0	16	300	10	0	23	0
0	0	0	0	0	0	0	0	0	0	0	0	0	0	0	0	0	0	0	0	0	0	0	0	0	0	0	0	0	0	0	0	0	0	0	0	0	0	0	0	0	0	0	0	0	0	0	0	0	0	0	0	0	0	0	0	0	0	0	0	0	0	0	0	0	0	0	0	0	0	0	0	0	0
5	1	0	0	0	0	0	0	3	7	0	0	0	2	14	0	0	902	0	0	0	0	0	0	0	0	0	0	0	0	0	0	0	0	0	0	0	0	0	0	1	2	0	0	5	0	0	2	0	0	0	0	0	0	0	0	1	11	0	0	0	6	0	2	0	0	0	0	0	0	0	0	0	0
7	0	0	0	0	0	0	0	1	417	0	0	0	0	1	0	16	38	177	91	0	303	0	36	55	1	0	0	0	0	927	0	0	0	0	0	0	0	0	0	0	0	0	148	86	0	0	64	0	0	0	1	336	0	161	2	383	42	0	0	0	0	0	0	0	0	166	106	0	0	31	3	1	134
127	1	10	0	0	408	62	9	0	3	0	0	25	3	5	17	1750	1	738	66	1101	454	5	31	35	859	0	0	295	0	25	0	393	105	783	1	0	0	191	583	3	6	0	0	264	52	0	0	0	0	1	0	219	0	523	89	40	246	1	48	0	3	0	0	0	0	389	66	0	73	142	15	2	54
81	1	0	0	0	0	0	1	1	708	0	0	2	0	21	0	127	52	44	367	98	60	0	378	49	154	0	0	1	0	956	0	1	0	63	0	0	0	0	19	3	0	0	26	180	0	0	340	0	0	336	219	0	0	91	0	468	57	0	4	0	0	0	0	0	0	0	0	0	1	0	1	2	0
0	0	0	0	0	0	0	0	0	0	0	0	0	0	0	0	0	0	0	0	0	0	0	0	0	0	0	0	0	0	0	0	0	0	0	0	0	0	0	0	0	0	0	0	0	0	0	0	0	0	0	0	0	0	0	0	0	0	0	0	0	0	0	0	0	0	0	0	0	0	0	0	0	0
488	12	1	0	12	3	13	16	2	13	0	0	64	0	19	8	486	0	29	358	179	676	1	1126	322	342	0	0	17	0	417	0	5	31	44	0	0	0	1	58	1	0	0	3	255	0	4	11	0	0	161	523	91	0	0	226	9	68	30	147	0	0	0	0	0	0	45	264	2	30	111	0	6	1
79	1	0	0	0	0	0	158	13	7	0	0	29	45	0	0	22	0	14	496	62	131	0	1250	317	29	0	0	59	0	28	0	35	0	76	0	0	0	1	5	26	0	0	0	31	0	0	0	0	0	2	89	0	0	226	0	336	50	254	233	0	0	0	0	0	0	0	48	0	13	35	0	2	1
2	62	356	0	9	1	6	46	25	1014	10	0	113	31	574	0	20	74	232	708	7	14	2	96	108	24	0	0	16	0	755	0	30	7	35	91	0	0	0	31	7	75	0	209	159	0	4	771	0	1	383	40	468	0	9	336	0	122	200	214	0	100	0	1	0	74	18	9	8	321	132	32	27	132
74	13	3	0	1	0	0	33	0	19	4	0	82	47	19	1	124	16	114	18	60	371	0	32	9	79	1	0	173	0	102	0	27	395	467	6	0	0	3	27	4	367	0	214	46	240	47	0	0	11	42	246	57	0	68	50	122	0	629	712	0	114	0	1	0	0	399	77	15	19	301	27	7	145
2	16	138	0	6	0	0	172	39	5	6	0	128	72	39	2	26	0	126	169	18	32	2	0	2	7	13	0	131	0	1	0	29	60	593	0	0	0	4	3	4	691	0	4	8	18	316	0	0	0	0	1	0	0	30	254	200	629	0	2165	0	53	0	0	0	0	934	8	8	555	672	10	83	2
0	142	31	0	33	0	3	1317	42	1	0	0	1101	16	3	16	77	0	794	284	67	351	120	2	1	51	0	0	231	0	3	0	140	410	797	3	0	0	15	884	3	36	0	4	26	147	2	0	0	0	0	48	4	0	147	233	214	712	2165	0	0	0	0	32	0	0	169	263	0	235	701	135	0	14
0	0	0	0	0	0	0	0	0	0	0	0	0	0	0	0	0	0	0	0	0	0	0	0	0	0	0	0	0	0	0	0	0	0	0	0	0	0	0	0	0	0	0	0	0	0	0	0	0	0	0	0	0	0	0	0	0	0	0	0	0	0	0	0	0	0	0	0	0	0	0	0	0	0
1	59	185	1	695	0	1	9	8	160	1102	0	28	1186	58	216	4	126	3	17	2	0	3	0	0	22	9	0	3	0	170	0	174	40	55	7	0	0	0	4	78	552	0	93	84	4	86	14	0	6	0	3	0	0	0	0	100	114	53	0	0	0	0	3	0	1	1	0	85	32	7	259	575	20
0	0	0	0	0	0	0	0	0	0	0	0	0	0	0	0	0	0	0	0	0	0	0	0	0	0	0	0	0	0	0	0	0	0	0	0	0	0	0	0	0	0	0	0	0	0	0	0	0	0	0	0	0	0	0	0	0	0	0	0	0	0	0	0	0	0	0	0	0	0	0	0	0	0
0	18	2	0	99	0	0	1	14	1	19	0	26	42	9	24	1	7	0	8	0	0	0	2	0	0	0	0	0	0	8	0	2	0	3	1	0	0	0	1	0	24	0	0	28	0	12	0	0	2	0	0	0	0	0	0	1	1	0	32	0	3	0	0	0	0	0	1	6	0	3	13	240	1
0	0	0	0	0	0	0	0	0	0	0	0	0	0	0	0	0	0	0	0	0	0	0	0	0	0	0	0	0	0	0	0	0	0	0	0	0	0	0	0	0	0	0	0	0	0	0	0	0	0	0	0	0	0	0	0	0	0	0	0	0	0	0	0	0	0	0	0	0	0	0	0	0	0
0	2	0	1	0	0	0	0	0	158	0	0	1	9	134	0	1	1	0	2	0	0	0	0	0	1	201	0	0	0	0	0	0	0	0	22	0	0	0	0	131	0	0	5	0	0	0	159	0	0	0	0	0	0	0	0	74	0	0	0	0	1	0	0	0	0	0	0	0	0	0	2	2	0
196	5	0	0	0	0	0	1	5	4	0	0	3	0	3	0	169	2	0	23	26	443	0	8	0	160	0	0	160	0	329	0	2	0	171	0	0	0	0	0	1	33	0	0	114	0	0	0	0	0	166	389	0	0	45	0	18	399	934	169	0	1	0	0	0	0	0	0	0	4	2	2	3	0
722	5	0	0	0	0	0	2	6	24	0	0	18	0	41	0	133	1	28	153	59	529	0	1859	227	130	0	0	197	0	122	0	5	0	220	0	0	0	0	0	0	0	0	0	52	0	0	0	0	0	106	66	0	0	264	48	9	77	8	263	0	0	0	1	0	0	0	0	0	0	0	0	0	0
0	22	27	0	28	0	4	31	0	35	5	0	0	36	96	11	0	89	0	0	0	0	0	0	0	0	0	0	1	0	74	0	21	2	0	6	0	0	0	0	0	12	0	11	1	2	16	16	0	0	0	0	0	0	2	0	8	15	8	0	0	85	0	6	0	0	0	0	0	24	0	21	71	0
6	39	7	0	5	0	0	68	39	348	3	0	66	30	259	2	40	46	9	316	12	17	0	48	0	55	0	0	0	0	240	0	13	2	16	1	0	0	0	5	2	1	0	1	12	0	5	300	0	0	0	73	1	0	30	13	321	19	555	235	0	32	0	0	0	0	4	0	24	0	4	23	44	1
10	148	0	23	3	0	0	401	35	120	30	0	600	8	57	0	214	0	10	457	275	85	0	349	8	190	0	0	10	0	23	0	16	0	141	0	0	0	0	4	3	1	0	6	33	0	0	10	0	0	31	142	0	0	111	35	132	301	672	701	0	7	0	3	0	0	2	0	0	4	0	5	4	0
8	13	5	0	33	0	5	40	32	39	159	0	109	110	16	4	17	105	0	13	8	2	0	0	0	11	2	0	3	0	57	0	24	1	11	24	0	0	0	17	33	2	0	17	52	1	11	0	0	0	3	15	1	0	0	0	32	27	10	135	0	259	0	13	0	2	2	0	21	23	5	0	138	2
1	287	40	1	882	1	3	1	17	68	777	0	30	23	10	231	4	46	1	2	1	2	6	4	0	2	3	0	6	0	87	0	33	583	8	52	0	0	0	3	10	124	0	75	8	284	45	23	0	0	1	2	2	0	6	2	27	7	83	0	0	575	0	240	0	2	3	0	71	44	4	138	0	2
77	4	0	1	0	0	0	0	14	0	0	0	21	0	16	0	44	15	24	22	34	176	0	168	4	23	0	0	0	0	253	0	9	0	1	0	0	0	0	4	11	0	0	0	32	0	0	0	0	0	134	54	0	0	1	1	132	145	2	14	0	20	0	1	0	0	0	0	0	1	0	2	2	0
