0	0	0	0	0	85	25	0	0	0	0	0	2	1	0	2	115	0	72	6	5	765	0	473	256	17	0	0	0	0	13	0	21	1	351	0	0	0	1	15	2	0	0	0	25	1	0	0	0	0	3	65	30	0	547	29	1	180	3	1	0	1	0	0	0	0	145	704	0	6	12	4	1	7
0	22	29	0	428	3	11	172	9	8	12	0	1193	47	11	279	15	30	81	93	6	2	25	0	1	7	5	0	0	0	8	0	104	426	21	30	0	0	5	775	12	12	0	10	7	486	25	4	0	1	0	1	1	0	13	3	169	85	62	642	4	86	0	95	0	2	6	10	18	52	312	33	634	2
0	29	0	0	0	0	0	16	13	446	22	0	22	204	309	0	5	18	0	17	8	0	0	0	0	0	363	0	0	0	32	0	7	0	2	0	0	0	0	0	151	18	0	2	19	0	0	450	0	0	0	9	0	0	0	0	357	8	152	46	0	178	0	38	0	61	0	0	11	4	0	22	62	0
0	0	0	0	0	0	0	0	0	3	0	0	0	0	1	0	5	2	0	0	0	0	0	0	0	0	0	0	0	0	0	0	0	0	19	0	0	0	0	0	0	0	0	0	0	0	0	0	0	0	0	0	0	0	0	0	0	0	0	0	8	0	0	0	0	1	0	3	0	0	3	0	1	0
0	428	0	0	0	0	0	2	9	18	416	0	167	98	8	0	3	19	0	2	0	0	0	0	0	3	11	0	0	0	49	0	0	0	0	0	0	0	0	0	21	58	0	0	12	0	0	36	0	0	0	0	0	0	2	0	3	3	6	2	0	752	0	170	0	0	0	0	7	1	0	20	610	0
85	3	0	0	0	0	0	0	0	1	0	0	1	0	0	0	346	0	6	13	249	24	0	12	0	180	0	0	0	0	5	0	24	0	19	0	0	0	0	0	2	0	0	0	119	0	0	0	0	0	1	24	0	0	2	1	0	7	0	0	0	0	0	0	0	0	0	0	0	0	0	3	0	0
25	11	0	0	0	0	0	0	11	0	0	0	1	0	69	0	47	12	0	1	0	10	0	0	0	20	0	0	0	0	6	0	3	0	6	0	0	0	0	2	458	1	0	8	31	0	0	2	0	0	0	62	0	0	13	0	7	0	0	3	0	1	0	0	0	2	0	0	4	0	0	7	4	0
0	172	16	0	2	0	0	0	33	0	0	0	1403	0	0	0	681	0	408	436	897	6	1	0	1	65	9	0	0	0	0	0	727	7	73	0	0	0	157	678	0	23	0	0	23	3	0	0	0	0	0	6	1	0	1	252	39	58	226	1644	0	1	0	1	0	0	0	1	0	77	780	32	0	0
0	9	13	0	9	0	11	33	0	1	0	0	10	6	0	4	3	13	5	58	4	0	0	0	0	1	0	0	0	0	11	0	68	19	44	3	0	0	0	0	24	21	0	16	109	0	11	1	0	4	0	0	1	0	2	13	25	0	39	42	0	8	0	14	0	0	5	6	0	39	35	32	17	14
0	8	446	3	18	1	0	0	1	0	77	0	12	19	871	55	0	75	247	150	1	0	0	0	0	17	131	0	0	0	340	0	12	0	2	490	0	0	0	0	307	249	0	641	4	2	12	1220	0	2	83	3	626	0	13	3	934	2	5	1	0	122	0	1	0	241	0	24	22	541	3	21	63	0
0	12	22	0	416	0	0	0	0	77	0	0	4	403	74	166	0	81	0	78	0	0	28	0	2	0	0	0	0	0	0	0	28	60	0	64	0	0	0	0	35	481	0	40	0	68	114	0	0	2	0	0	0	0	0	0	46	2	18	0	0	754	0	83	0	56	0	0	0	5	0	109	441	2
0	0	0	0	0	0	0	0	0	0	0	0	0	0	0	0	0	0	0	0	0	0	0	0	0	0	0	0	0	0	0	0	0	0	0	0	0	0	0	0	0	0	0	0	0	0	0	0	0	0	0	0	0	0	0	0	0	0	0	0	0	0	0	0	0	0	0	0	0	0	0	0	0	0
2	1193	22	0	167	1	1	1403	10	12	4	0	0	9	8	85	429	3	317	74	249	2	2	0	8	12	0	0	0	0	3	0	415	558	76	2	0	0	170	537	16	9	0	9	6	465	3	1	0	0	0	21	2	0	26	43	107	99	88	903	0	32	0	12	0	3	3	17	0	74	583	44	42	10
1	47	204	0	98	0	0	0	6	19	403	0	9	0	149	11	1	73	0	8	2	0	1	0	0	3	23	0	0	0	102	0	21	0	1	11	0	0	16	1	10	225	0	6	32	11	182	0	0	2	0	4	0	0	2	48	27	48	64	8	103	1558	0	57	0	16	1	0	8	38	9	161	79	0
0	11	309	1	8	0	69	0	0	871	74	0	8	149	0	20	0	121	109	4	0	1	0	0	0	35	167	0	0	0	9	0	5	0	1	580	0	0	0	1	464	673	0	768	10	0	68	993	0	14	1	0	26	0	18	0	470	12	45	3	0	201	0	5	0	235	1	49	94	285	7	25	11	7
2	279	0	0	0	0	0	0	4	55	166	0	85	11	20	0	4	4	2	2	2	1	0	0	0	11	0	0	0	0	13	0	1	0	1	0	0	0	0	0	1	4	0	0	1	0	0	12	0	0	11	17	0	0	1	0	0	2	2	16	0	229	0	84	0	0	0	0	11	2	0	14	164	0
115	15	5	5	3	346	47	681	3	0	0	0	429	1	0	4	0	1	288	61	1307	205	2	74	42	805	0	0	0	0	15	0	606	223	219	2	0	0	248	532	7	50	0	0	411	57	2	2	0	0	14	1149	233	0	411	31	18	131	35	56	11	72	0	0	0	0	195	193	0	44	224	17	12	49
0	30	18	2	19	0	12	0	13	75	81	0	3	73	121	4	1	0	5	2	3	0	8	0	0	0	1	0	0	0	51	0	8	8	4	78	0	0	1	0	60	71	0	176	63	1	7	109	0	637	17	1	87	0	0	0	77	18	1	0	1	108	0	9	0	1	3	1	65	34	0	91	39	12
72	81	0	0	0	6	0	408	5	247	0	0	317	0	109	2	288	5	0	346	276	84	0	20	1	203	16	0	0	0	70	0	80	0	187	0	0	0	2	8	6	21	0	32	72	0	0	123	0	0	8	358	48	0	28	17	297	251	138	576	0	2	0	0	0	0	3	32	0	18	11	2	1	28
6	93	17	0	2	13	1	436	58	150	78	0	74	8	4	2	61	2	346	0	319	24	57	580	148	86	1	0	0	0	242	0	272	26	100	0	0	0	82	364	6	16	0	17	41	27	5	184	0	0	107	43	426	0	378	628	878	49	201	341	0	47	0	8	0	14	30	123	0	427	415	14	2	53
5	6	8	0	0	249	0	897	4	1	0	0	249	2	0	2	1307	3	276	319	0	51	0	21	22	855	0	0	0	0	2	0	617	317	122	3	0	0	248	454	35	1	0	4	332	116	0	0	0	0	1	553	73	0	161	83	4	40	9	61	0	1	0	0	0	1	21	127	0	13	415	10	1	26
765	2	0	0	0	24	10	6	0	0	0	0	2	0	1	1	205	0	84	24	51	0	7	1234	385	91	0	0	0	0	308	0	32	48	357	1	0	0	0	8	1	0	0	2	236	12	1	1	0	0	127	272	81	0	736	103	5	539	71	375	0	0	0	0	0	0	496	467	0	23	91	5	2	77
0	25	0	0	0	0	0	1	0	0	28	0	2	1	0	0	2	8	0	57	0	7	0	348	31	2	0	0	0	0	1	0	7	0	1	0	0	0	0	0	3	10	0	0	6	0	0	0	0	0	0	0	0	0	174	111	11	10	6	93	0	15	0	0	0	0	0	0	0	0	0	0	19	0
473	0	0	0	0	12	0	0	0	0	0	0	0	0	0	0	74	0	20	580	21	1234	348	0	1949	5	0	0	0	0	91	0	19	34	208	2	0	0	2	0	0	0	0	0	266	0	0	0	0	0	6	10	490	0	1106	1074	169	43	0	2	0	0	0	0	0	2	2	1455	0	48	96	0	0	18
256	1	0	0	0	0	0	1	0	0	2	0	8	0	0	0	42	0	1	148	22	385	31	1949	0	30	0	0	0	0	33	0	3	0	33	0	0	0	0	3	0	0	0	0	141	0	0	0	0	0	5	32	53	0	345	405	38	13	2	3	0	0	0	0	0	0	0	225	0	0	4	0	0	1
17	7	0	0	3	180	20	65	1	17	0	0	12	3	35	11	805	0	203	86	855	91	2	5	30	0	0	0	0	0	5	0	516	37	79	3	0	0	185	330	6	13	0	1	193	26	0	1	0	0	0	467	109	0	281	32	23	53	8	51	0	24	0	0	0	2	139	171	0	55	243	11	1	23
0	5	363	0	11	0	0	9	0	131	0	0	0	23	167	0	0	1	16	1	0	0	0	0	0	0	0	0	0	0	1	0	5	1	5	388	0	0	1	4	566	6	0	8	1	1	11	448	0	0	0	0	0	0	0	0	1	2	9	8	3	30	0	4	0	418	0	0	0	4	0	29	10	0
0	0	0	0	0	0	0	0	0	0	0	0	0	0	0	0	0	0	0	0	0	0	0	0	0	0	0	0	0	0	0	0	0	0	0	0	0	0	0	0	0	0	0	0	0	0	0	0	0	0	0	0	0	0	0	0	0	0	0	0	0	0	0	0	0	0	0	0	0	0	0	0	0	0
0	0	0	0	0	0	0	0	0	0	0	0	0	0	0	0	0	0	0	0	0	0	0	0	0	0	0	0	0	0	0	0	0	0	0	0	0	0	0	0	0	0	0	0	0	0	0	0	0	0	0	0	0	0	0	0	0	0	0	0	0	0	0	0	0	0	0	0	0	0	0	0	0	0
0	0	0	0	0	0	0	0	0	0	0	0	0	0	0	0	0	0	0	0	0	0	0	0	0	0	0	0	0	0	0	0	0	0	0	0	0	0	0	0	0	0	0	0	0	0	0	0	0	0	0	0	0	0	0	0	0	0	0	0	0	0	0	0	0	0	0	0	0	0	0	0	0	0
13	8	32	0	49	5	6	0	11	340	0	0	3	102	9	13	15	51	70	242	2	308	1	91	33	5	1	0	0	0	0	0	4	36	7	2	0	0	1	0	15	11	0	296	26	0	153	58	0	0	308	23	676	0	405	28	611	97	1	2	0	60	0	9	0	0	259	31	23	278	1	39	81	296
0	0	0	0	0	0	0	0	0	0	0	0	0	0	0	0	0	0	0	0	0	0	0	0	0	0	0	0	0	0	0	0	0	0	0	0	0	0	0	0	0	0	0	0	0	0	0	0	0	0	0	0	0	0	0	0	0	0	0	0	0	0	0	0	0	0	0	0	0	0	0	0	0	0
21	104	7	0	0	24	3	727	68	12	28	0	415	21	5	1	606	8	80	272	617	32	7	19	3	516	5	0	0	0	4	0	0	3	272	0	0	0	13	80	39	4	0	11	183	5	0	1	0	0	0	145	1	0	4	79	40	48	36	258	0	64	0	0	0	0	2	30	6	14	97	26	11	9
1	426	0	0	0	0	0	7	19	0	60	0	558	0	0	0	223	8	0	26	317	48	0	34	0	37	1	0	0	0	36	0	3	0	30	0	0	0	0	0	0	0	0	0	79	0	0	0	0	0	0	108	0	0	28	2	7	495	74	357	0	29	0	0	0	0	0	0	2	2	0	2	326	0
351	21	2	19	0	19	6	73	44	2	0	0	76	1	1	1	219	4	187	100	122	357	1	208	33	79	5	0	0	0	7	0	272	30	0	2	0	0	48	256	8	3	0	9	212	7	3	0	0	0	0	466	20	0	26	98	34	742	711	680	0	54	0	3	0	0	281	304	0	11	183	15	3	0
0	30	0	0	0	0	0	0	3	490	64	0	2	11	580	0	2	78	0	0	3	1	0	2	0	3	388	0	0	0	2	0	0	0	2	0	0	0	0	0	544	41	0	8	13	0	0	719	0	0	0	1	0	0	0	0	103	6	0	4	0	24	0	2	0	112	0	0	5	1	0	28	70	0
0	0	0	0	0	0	0	0	0	0	0	0	0	0	0	0	0	0	0	0	0	0	0	0	0	0	0	0	0	0	0	0	0	0	0	0	0	0	0	0	0	0	0	0	0	0	0	0	0	0	0	0	0	0	0	0	0	0	0	0	0	0	0	0	0	0	0	0	0	0	0	0	0	0
0	0	0	0	0	0	0	0	0	0	0	0	0	0	0	0	0	0	0	0	0	0	0	0	0	0	0	0	0	0	0	0	0	0	0	0	0	0	0	0	0	0	0	0	0	0	0	0	0	0	0	0	0	0	0	0	0	0	0	0	0	0	0	0	0	0	0	0	0	0	0	0	0	0
1	5	0	0	0	0	0	157	0	0	0	0	170	16	0	0	248	1	2	82	248	0	0	2	0	185	1	0	0	0	1	0	13	0	48	0	0	0	0	0	0	0	0	0	52	0	0	0	0	0	0	214	0	0	1	1	0	3	4	17	0	0	0	0	0	0	0	0	0	0	0	0	0	0
15	775	0	0	0	0	2	678	0	0	0	0	537	1	1	0	532	0	8	364	454	8	0	0	3	330	4	0	0	0	0	0	80	0	256	0	0	0	0	0	1	0	0	0	36	0	0	0	0	0	0	93	0	0	4	6	8	41	0	485	0	4	0	1	0	0	0	0	0	0	3	19	5	0
2	12	151	0	21	2	458	0	24	307	35	0	16	10	464	1	7	60	6	6	35	1	3	0	0	6	566	0	0	0	15	0	39	0	8	544	0	0	0	1	0	1	0	681	37	1	10	903	0	1	0	3	6	0	3	10	10	3	3	4	2	189	0	0	0	437	1	12	0	2	2	49	17	16
0	12	18	0	58	0	1	23	21	249	481	0	9	225	673	4	50	71	21	16	1	0	10	0	0	13	6	0	0	0	11	0	4	0	3	41	0	0	0	0	1	0	0	289	42	0	163	285	0	2	0	5	0	0	0	0	75	476	759	51	0	418	0	25	0	0	30	0	3	3	1	15	145	0
0	0	0	0	0	0	0	0	0	0	0	0	0	0	0	0	0	0	0	0	0	0	0	0	0	0	0	0	0	0	0	0	0	0	0	0	0	0	0	0	0	0	0	0	0	0	0	0	0	0	0	0	0	0	0	0	0	0	0	0	0	0	0	0	0	0	0	0	0	0	0	0	0	0
0	10	2	0	0	0	8	0	16	641	40	0	9	6	768	0	0	176	32	17	4	2	0	0	0	1	8	0	0	0	296	0	11	0	9	8	0	0	0	0	681	289	0	0	51	0	0	917	0	0	59	0	2	0	2	0	207	282	4	4	0	105	0	0	0	2	0	0	4	0	6	14	60	0
25	7	19	0	12	119	31	23	109	4	0	0	6	32	10	1	411	63	72	41	332	236	6	266	141	193	1	0	0	0	26	0	183	79	212	13	0	0	52	36	37	42	0	51	0	13	13	0	0	5	2	362	220	0	225	91	142	43	6	14	0	35	0	27	0	0	146	28	0	26	32	46	7	24
1	486	0	0	0	0	0	3	0	2	68	0	465	11	0	0	57	1	0	27	116	12	0	0	0	26	1	0	0	0	0	0	5	0	7	0	0	0	0	0	1	0	0	0	13	0	0	7	0	0	0	59	0	0	0	0	2	305	22	278	0	13	0	0	0	0	0	0	2	0	0	3	275	0
0	25	0	0	0	0	0	0	11	12	114	0	3	182	68	0	2	7	0	5	0	1	0	0	0	0	11	0	0	0	153	0	0	0	3	0	0	0	0	0	10	163	0	0	13	0	0	4	0	0	0	0	0	0	0	0	1	49	326	3	0	46	0	37	0	0	0	0	0	1	0	25	58	0
0	4	450	0	36	0	2	0	1	1220	0	0	1	0	993	12	2	109	123	184	0	1	0	0	0	1	448	0	0	0	58	0	1	0	0	719	0	0	0	0	903	285	0	917	0	7	4	0	0	2	25	0	525	0	11	0	909	1	0	0	1	19	0	0	0	387	0	1	14	431	10	1	21	0
0	0	0	0	0	0	0	0	0	0	0	0	0	0	0	0	0	0	0	0	0	0	0	0	0	0	0	0	0	0	0	0	0	0	0	0	0	0	0	0	0	0	0	0	0	0	0	0	0	0	0	0	0	0	0	0	0	0	0	0	0	0	0	0	0	0	0	0	0	0	0	0	0	0
0	1	0	0	0	0	0	0	4	2	2	0	0	2	14	0	0	637	0	0	0	0	0	0	0	0	0	0	0	0	0	0	0	0	0	0	0	0	0	0	1	2	0	0	5	0	0	2	0	0	0	0	0	0	0	0	1	12	0	0	0	6	0	2	0	0	0	0	0	0	0	0	0	0
3	0	0	0	0	1	0	0	0	83	0	0	0	0	1	11	14	17	8	107	1	127	0	6	5	0	0	0	0	0	308	0	0	0	0	0	0	0	0	0	0	0	0	59	2	0	0	25	0	0	0	1	63	0	9	0	148	8	0	2	0	0	0	0	0	0	44	0	0	0	1	0	1	34
65	1	9	0	0	24	62	6	0	3	0	0	21	4	0	17	1149	1	358	43	553	272	0	10	32	467	0	0	0	0	23	0	145	108	466	1	0	0	214	93	3	5	0	0	362	59	0	0	0	0	1	0	114	0	362	118	29	183	3	49	0	3	0	0	0	0	232	81	0	69	150	10	1	42
30	1	0	0	0	0	0	1	1	626	0	0	2	0	26	0	233	87	48	426	73	81	0	490	53	109	0	0	0	0	676	0	1	0	20	0	0	0	0	0	6	0	0	2	220	0	0	525	0	0	63	114	0	0	158	0	521	84	0	4	0	2	0	0	0	0	0	0	0	7	0	1	3	0
0	0	0	0	0	0	0	0	0	0	0	0	0	0	0	0	0	0	0	0	0	0	0	0	0	0	0	0	0	0	0	0	0	0	0	0	0	0	0	0	0	0	0	0	0	0	0	0	0	0	0	0	0	0	0	0	0	0	0	0	0	0	0	0	0	0	0	0	0	0	0	0	0	0
547	13	0	0	2	2	13	1	2	13	0	0	26	2	18	1	411	0	28	378	161	736	174	1106	345	281	0	0	0	0	405	0	4	28	26	0	0	0	1	4	3	0	0	2	225	0	0	11	0	0	9	362	158	0	0	308	10	67	30	89	0	14	0	0	0	0	39	365	2	30	32	1	19	1
29	3	0	0	0	1	0	252	13	3	0	0	43	48	0	0	31	0	17	628	83	103	111	1074	405	32	0	0	0	0	28	0	79	2	98	0	0	0	1	6	10	0	0	0	91	0	0	0	0	0	0	118	0	0	308	0	448	55	294	250	0	0	0	1	0	0	0	39	0	74	7	1	3	1
1	169	357	0	3	0	7	39	25	934	46	0	107	27	470	0	18	77	297	878	4	5	11	169	38	23	1	0	0	0	611	0	40	7	34	103	0	0	0	8	10	75	0	207	142	2	1	909	0	1	148	29	521	0	10	448	0	189	225	273	0	128	0	2	0	128	17	12	5	395	27	48	55	131
180	85	8	0	3	7	0	58	0	2	2	0	99	48	12	2	131	18	251	49	40	539	10	43	13	53	2	0	0	0	97	0	48	495	742	6	0	0	3	41	3	476	0	282	43	305	49	1	0	12	8	183	84	0	67	55	189	0	793	869	5	132	0	1	0	0	660	209	14	66	390	35	6	284
3	62	152	0	6	0	0	226	39	5	18	0	88	64	45	2	35	1	138	201	9	71	6	0	2	8	9	0	0	0	1	0	36	74	711	0	0	0	4	0	3	759	0	4	6	22	326	0	0	0	0	3	0	0	30	294	225	793	0	2051	2	53	0	0	0	0	986	4	8	628	670	11	83	2
1	642	46	0	2	0	3	1644	42	1	0	0	903	8	3	16	56	0	576	341	61	375	93	2	3	51	8	0	0	0	2	0	258	357	680	4	0	0	17	485	4	51	0	4	14	278	3	0	0	0	2	49	4	0	89	250	273	869	2051	0	0	0	0	52	0	0	281	176	0	308	817	60	0	13
0	4	0	8	0	0	0	0	0	0	0	0	0	103	0	0	11	1	0	0	0	0	0	0	0	0	3	0	0	0	0	0	0	0	0	0	0	0	0	0	2	0	0	0	0	0	0	1	0	0	0	0	0	0	0	0	0	5	2	0	0	140	0	0	0	0	0	0	0	0	0	4	40	0
1	86	178	0	752	0	1	1	8	122	754	0	32	1558	201	229	72	108	2	47	1	0	15	0	0	24	30	0	0	0	60	0	64	29	54	24	0	0	0	4	189	418	0	105	35	13	46	19	0	6	0	3	2	0	14	0	128	132	53	0	140	0	0	12	0	1	1	13	56	46	3	352	403	16
0	0	0	0	0	0	0	0	0	0	0	0	0	0	0	0	0	0	0	0	0	0	0	0	0	0	0	0	0	0	0	0	0	0	0	0	0	0	0	0	0	0	0	0	0	0	0	0	0	0	0	0	0	0	0	0	0	0	0	0	0	0	0	0	0	0	0	0	0	0	0	0	0	0
0	95	38	0	170	0	0	1	14	1	83	0	12	57	5	84	0	9	0	8	0	0	0	0	0	0	4	0	0	0	9	0	0	0	3	2	0	0	0	1	0	25	0	0	27	0	37	0	0	2	0	0	0	0	0	1	2	1	0	52	0	12	0	0	0	0	0	5	2	0	3	41	276	1
0	0	0	0	0	0	0	0	0	0	0	0	0	0	0	0	0	0	0	0	0	0	0	0	0	0	0	0	0	0	0	0	0	0	0	0	0	0	0	0	0	0	0	0	0	0	0	0	0	0	0	0	0	0	0	0	0	0	0	0	0	0	0	0	0	0	0	0	0	0	0	0	0	0
0	2	61	1	0	0	2	0	0	241	56	0	3	16	235	0	0	1	0	14	1	0	0	2	0	2	418	0	0	0	0	0	0	0	0	112	0	0	0	0	437	0	0	2	0	0	0	387	0	0	0	0	0	0	0	0	128	0	0	0	0	1	0	0	0	0	0	0	0	0	0	5	1	0
145	6	0	0	0	0	0	0	5	0	0	0	3	1	1	0	195	3	3	30	21	496	0	2	0	139	0	0	0	0	259	0	2	0	281	0	0	0	0	0	1	30	0	0	146	0	0	0	0	0	44	232	0	0	39	0	17	660	986	281	0	1	0	0	0	0	0	0	0	4	4	6	3	0
704	10	0	3	0	0	0	1	6	24	0	0	17	0	49	0	193	1	32	123	127	467	0	1455	225	171	0	0	0	0	31	0	30	0	304	0	0	0	0	0	12	0	0	0	28	0	0	1	0	0	0	81	0	0	365	39	12	209	4	176	0	13	0	5	0	0	0	0	0	0	0	0	4	0
0	18	11	0	7	0	4	0	0	22	0	0	0	8	94	11	0	65	0	0	0	0	0	0	0	0	0	0	0	0	23	0	6	2	0	5	0	0	0	0	0	3	0	4	0	2	0	14	0	0	0	0	0	0	2	0	5	14	8	0	0	56	0	2	0	0	0	0	0	7	0	14	49	0
6	52	4	0	1	0	0	77	39	541	5	0	74	38	285	2	44	34	18	427	13	23	0	48	0	55	4	0	0	0	278	0	14	2	11	1	0	0	0	0	2	3	0	0	26	0	1	431	0	0	0	69	7	0	30	74	395	66	628	308	0	46	0	0	0	0	4	0	7	0	8	19	42	1
12	312	0	3	0	0	0	780	35	3	0	0	583	9	7	0	224	0	11	415	415	91	0	96	4	243	0	0	0	0	1	0	97	0	183	0	0	0	0	3	2	1	0	6	32	0	0	10	0	0	1	150	0	0	32	7	27	390	670	817	0	3	0	3	0	0	4	0	0	8	0	13	3	0
4	33	22	0	20	3	7	32	32	21	109	0	44	161	25	14	17	91	2	14	10	5	0	0	0	11	29	0	0	0	39	0	26	2	15	28	0	0	0	19	49	15	0	14	46	3	25	1	0	0	0	10	1	0	1	1	48	35	11	60	4	352	0	41	0	5	6	0	14	19	13	0	86	2
1	634	62	1	610	0	4	0	17	63	441	0	42	79	11	164	12	39	1	2	1	2	19	0	0	1	10	0	0	0	81	0	11	326	3	70	0	0	0	5	17	145	0	60	7	275	58	21	0	0	1	1	3	0	19	3	55	6	83	0	40	403	0	276	0	1	3	4	49	42	3	86	0	1
7	2	0	0	0	0	0	0	14	0	2	0	10	0	7	0	49	12	28	53	26	77	0	18	1	23	0	0	0	0	296	0	9	0	0	0	0	0	0	0	16	0	0	0	24	0	0	0	0	0	34	42	0	0	1	1	131	284	2	13	0	16	0	1	0	0	0	0	0	1	0	2	1	0
