0	0	0	7	0	0	0	0	0	0	0	0	13	0	0	0	1	0	0	0	8	32	0	169	0	7	0	0	20	0	27	0	0	0	4	0	0	0	0	0	16	1	0	0	1	0	0	0	0	0	10	28	0	0	58	2	0	2	0	0	0	0	0	0	0	0	9	7	0	0	0	7	0	27
0	0	4	0	13	0	0	9	0	1	1	0	6	6	0	2	0	0	0	3	0	0	0	0	0	0	0	0	2	0	0	0	3	12	0	0	0	0	0	4	1	9	0	2	0	0	0	1	0	0	0	0	0	0	0	0	7	5	1	2	0	4	0	2	0	5	0	0	0	2	7	0	2	0
0	4	0	0	1	0	0	0	0	163	15	0	0	0	95	0	0	0	0	0	4	0	0	0	0	0	25	0	2	0	0	0	1	0	0	0	0	0	0	0	21	0	0	0	1	0	0	0	0	0	0	1	0	0	0	0	33	0	0	0	0	71	0	0	0	0	0	0	0	0	0	0	1	0
7	0	0	0	0	0	0	0	0	0	0	0	0	0	0	0	0	0	0	0	0	0	0	0	0	1	0	0	0	0	0	0	0	0	10	1	0	0	0	0	0	0	0	0	0	0	0	0	0	0	0	0	0	0	0	1	0	0	0	124	0	9	0	0	0	5	4	0	0	0	0	0	0	0
0	13	1	0	0	0	0	77	0	0	176	0	156	31	3	23	4	0	14	0	15	0	0	0	2	0	10	0	38	0	1	0	32	124	11	0	0	0	0	118	1	80	0	0	5	0	5	0	0	0	0	0	0	0	11	0	14	5	0	1	0	161	0	102	0	0	0	0	12	0	8	43	348	1
0	0	0	0	0	0	0	0	0	0	0	0	0	0	13	0	158	0	0	1	134	42	0	4	0	130	0	0	37	0	1	0	1	0	0	0	0	0	0	0	0	0	0	0	13	0	0	0	0	0	0	192	0	0	1	0	0	0	0	0	0	0	0	0	0	0	0	0	0	0	0	0	1	0
0	0	0	0	0	0	0	0	0	0	1	0	53	0	12	0	1	0	0	0	0	0	0	0	0	1	0	0	0	0	0	0	0	0	1	0	0	0	0	0	12	0	0	0	0	0	0	0	0	0	0	0	0	0	0	0	0	0	0	0	0	1	0	0	0	0	0	0	0	0	0	0	0	0
0	9	0	0	77	0	0	0	0	0	1	0	372	0	4	0	109	0	0	98	272	2	0	0	0	34	0	0	56	0	0	0	14	0	1	0	0	0	0	153	1	0	0	0	2	0	0	0	0	0	1	21	0	0	0	0	4	0	8	129	0	0	0	0	0	0	0	0	0	0	0	0	0	0
0	0	0	0	0	0	0	0	0	0	0	0	0	0	0	0	0	1	0	0	0	0	0	0	0	0	0	0	0	0	0	0	0	0	0	0	0	0	0	0	0	0	0	0	0	0	0	0	0	3	1	0	0	0	0	0	0	0	0	0	0	0	0	0	0	0	0	0	0	0	0	0	0	0
0	1	163	0	0	0	0	0	0	0	9	0	1	2	500	0	0	0	167	1	0	0	0	0	0	0	6	0	0	0	222	0	18	0	0	49	0	0	0	0	121	69	0	292	4	0	0	420	0	0	303	0	331	0	0	0	344	2	0	0	0	40	0	0	0	154	0	0	0	5	0	25	1	2
0	1	15	0	176	0	1	1	0	9	0	0	3	125	17	25	0	0	2	0	1	0	0	0	0	0	0	0	0	0	0	0	0	13	0	0	0	0	0	1	6	49	0	18	0	0	6	0	0	0	0	1	0	0	4	0	4	3	2	0	0	452	0	13	0	0	0	0	0	3	0	13	195	0
0	0	0	0	0	0	0	0	0	0	0	0	0	0	0	0	0	0	0	0	0	0	0	0	0	0	0	0	0	0	0	0	0	0	0	0	0	0	0	0	0	0	0	0	0	0	0	0	0	0	0	0	0	0	0	0	0	0	0	0	0	0	0	0	0	0	0	0	0	0	0	0	0	0
13	6	0	0	156	0	53	372	0	1	3	0	0	1	11	7	227	0	36	24	168	15	0	3	0	13	1	0	132	0	0	0	549	180	55	0	0	0	0	822	33	7	0	1	1	7	0	1	0	0	0	7	0	0	26	5	44	96	69	881	0	7	0	56	0	0	8	0	20	2	149	11	3	7
0	6	0	0	31	0	0	0	0	2	125	0	1	0	55	0	0	1	0	0	0	0	0	0	0	1	7	0	0	0	0	0	0	0	0	0	0	0	0	1	5	0	0	0	2	0	0	0	0	0	0	4	0	0	0	0	1	0	6	0	0	419	0	0	0	1	0	0	16	0	0	0	113	0
0	0	95	0	3	13	12	4	0	500	17	0	11	55	0	18	18	0	67	1	5	15	0	2	0	14	4	0	24	0	24	0	13	2	18	86	0	0	0	10	45	286	0	201	30	0	4	297	0	0	1	33	11	0	4	0	223	489	22	0	0	18	0	4	0	124	4	0	10	60	5	7	3	26
0	2	0	0	23	0	0	0	0	0	25	0	7	0	18	0	0	0	0	0	0	0	0	0	0	0	0	0	0	0	0	0	0	0	0	0	0	0	0	2	5	0	0	0	1	0	0	0	0	0	0	0	0	0	0	0	0	0	0	0	0	39	0	0	0	0	0	0	0	0	0	0	26	0
1	0	0	0	4	158	1	109	0	0	0	0	227	0	18	0	0	0	46	1	356	47	0	15	1	274	0	0	104	0	1	0	215	26	35	0	0	0	0	322	4	0	0	1	12	0	0	0	0	0	0	551	8	0	56	0	5	28	0	1	0	0	0	0	0	1	47	10	1	0	84	1	1	0
0	0	0	0	0	0	0	0	1	0	0	0	0	1	0	0	0	0	0	1	0	0	0	0	0	0	0	0	0	0	0	0	0	0	0	0	0	0	0	0	17	0	0	0	0	0	4	26	0	441	0	0	38	0	0	4	0	3	0	0	0	18	0	0	0	0	1	0	0	0	0	0	0	0
0	0	0	0	14	0	0	0	0	167	2	0	36	0	67	0	46	0	0	1	53	26	0	6	2	43	2	0	59	0	86	0	0	0	3	0	0	0	0	25	1	0	0	0	19	0	0	0	0	0	173	127	0	0	1	1	88	0	8	0	0	1	0	0	0	0	0	0	0	0	0	0	0	0
0	3	0	0	0	1	0	98	0	1	0	0	24	0	1	0	1	1	1	0	164	25	1	52	1	78	0	0	8	0	0	0	310	7	216	0	0	0	0	260	31	1	0	0	0	0	1	0	0	0	0	79	102	0	1	176	19	52	23	108	0	12	0	0	0	5	1	0	31	12	218	15	0	2
8	0	4	0	15	134	0	272	0	0	1	0	168	0	5	0	356	0	53	164	0	193	0	5	0	594	0	0	141	0	13	0	566	186	157	0	0	0	0	565	34	0	0	0	19	1	0	0	0	0	0	868	5	0	30	35	7	152	2	0	0	1	0	0	0	0	5	0	0	1	215	0	2	9
32	0	0	0	0	42	0	2	0	0	0	0	15	0	15	0	47	0	26	25	193	0	0	1688	416	277	0	0	203	0	118	0	81	6	495	0	0	0	0	53	5	0	0	0	46	0	0	0	0	0	135	544	18	0	211	122	7	542	6	465	0	0	0	0	0	0	576	250	60	1	2	1	1	63
0	0	0	0	0	0	0	0	0	0	0	0	0	0	0	0	0	0	0	1	0	0	0	0	0	5	0	0	0	0	0	0	0	0	2	0	0	0	0	0	0	0	0	0	0	0	0	0	0	0	0	11	0	0	0	0	0	37	0	150	0	0	0	0	0	0	0	0	81	0	0	0	0	0
169	0	0	0	0	4	0	0	0	0	0	0	3	0	2	0	15	0	6	52	5	1688	0	0	1218	16	0	0	15	0	39	0	50	0	184	0	0	0	0	36	7	2	0	0	200	0	0	0	0	0	34	309	544	0	490	1005	41	35	4	9	0	5	0	2	0	0	10	738	0	0	0	0	0	16
0	0	0	0	2	0	0	0	0	0	0	0	0	0	0	0	1	0	2	1	0	416	0	1218	0	2	0	0	4	0	13	0	1	0	8	0	0	0	0	0	0	0	0	0	14	0	0	0	0	0	54	10	66	0	47	69	50	1	0	6	0	0	0	0	0	0	1	69	0	0	0	0	0	1
7	0	0	1	0	130	1	34	0	0	0	0	13	1	14	0	274	0	43	78	594	277	5	16	2	0	0	0	135	0	10	0	768	62	179	0	0	0	0	895	20	0	0	0	12	0	1	0	0	0	1	1093	18	0	59	28	9	162	24	148	0	27	0	0	0	1	355	3	34	3	143	2	1	6
0	0	25	0	10	0	0	0	0	6	0	0	1	7	4	0	0	0	2	0	0	0	0	0	0	0	0	0	3	0	0	0	1	0	2	89	0	0	0	2	145	2	0	4	1	0	13	13	0	0	0	0	0	0	0	0	0	1	5	0	0	7	0	0	0	181	0	0	0	0	0	1	0	0
0	0	0	0	0	0	0	0	0	0	0	0	0	0	0	0	0	0	0	0	0	0	0	0	0	0	0	0	0	0	0	0	0	0	0	0	0	0	0	0	0	0	0	0	0	0	0	0	0	0	0	0	0	0	0	0	0	0	0	0	0	0	0	0	0	0	0	0	0	0	0	0	0	0
20	2	2	0	38	37	0	56	0	0	0	0	132	0	24	0	104	0	59	8	141	203	0	15	4	135	3	0	0	0	13	0	172	1	392	1	0	0	0	439	9	18	0	0	9	0	1	0	0	0	1	440	2	0	12	5	31	232	142	57	0	3	0	0	0	0	137	92	1	3	28	5	0	0
0	0	0	0	0	0	0	0	0	0	0	0	0	0	0	0	0	0	0	0	0	0	0	0	0	0	0	0	0	0	0	0	0	0	0	0	0	0	0	0	0	0	0	0	0	0	0	0	0	0	0	0	0	0	0	0	0	0	0	0	0	0	0	0	0	0	0	0	0	0	0	0	0	0
27	0	0	0	1	1	0	0	0	222	0	0	0	0	24	0	1	0	86	0	13	118	0	39	13	10	0	0	13	0	0	0	5	2	6	0	0	0	0	7	4	0	0	66	75	0	0	19	0	0	704	14	335	0	187	0	161	9	0	0	0	0	0	0	0	0	128	78	0	12	0	0	0	56
0	0	0	0	0	0	0	0	0	0	0	0	0	0	0	0	0	0	0	0	0	0	0	0	0	0	0	0	0	0	0	0	0	0	0	0	0	0	0	0	0	0	0	0	0	0	0	0	0	0	0	0	0	0	0	0	0	0	0	0	0	0	0	0	0	0	0	0	0	0	0	0	0	0
0	3	1	0	32	1	0	14	0	18	0	0	549	0	13	0	215	0	0	310	566	81	0	50	1	768	1	0	172	0	5	0	10	3	152	0	0	0	0	209	11	3	0	2	1	0	2	1	0	0	0	670	0	0	2	23	3	128	22	409	0	58	0	1	0	0	9	0	89	2	13	5	3	2
0	12	0	0	124	0	0	0	0	0	13	0	180	0	2	0	26	0	0	7	186	6	0	0	0	62	0	0	1	0	2	0	3	0	8	0	0	0	0	34	1	0	0	0	0	0	0	0	0	0	0	71	0	0	0	2	1	74	4	130	0	9	0	0	0	0	0	0	94	0	0	0	198	0
4	0	0	10	11	0	1	1	0	0	0	0	55	0	18	0	35	0	3	216	157	495	2	184	8	179	2	0	392	0	6	0	152	8	0	0	0	0	0	227	19	1	0	1	7	0	0	0	0	0	1	718	1	0	1	41	12	303	60	821	0	17	0	0	0	0	91	0	85	0	2	0	1	1
0	0	0	1	0	0	0	0	0	49	0	0	0	0	86	0	0	0	0	0	0	0	0	0	0	0	89	0	1	0	0	0	0	0	0	0	0	0	0	0	28	0	0	0	0	0	0	0	0	0	0	0	0	0	0	0	4	0	0	0	0	0	0	0	0	2	0	0	0	0	0	0	0	0
0	0	0	0	0	0	0	0	0	0	0	0	0	0	0	0	0	0	0	0	0	0	0	0	0	0	0	0	0	0	0	0	0	0	0	0	0	0	0	0	0	0	0	0	0	0	0	0	0	0	0	0	0	0	0	0	0	0	0	0	0	0	0	0	0	0	0	0	0	0	0	0	0	0
0	0	0	0	0	0	0	0	0	0	0	0	0	0	0	0	0	0	0	0	0	0	0	0	0	0	0	0	0	0	0	0	0	0	0	0	0	0	0	0	0	0	0	0	0	0	0	0	0	0	0	0	0	0	0	0	0	0	0	0	0	0	0	0	0	0	0	0	0	0	0	0	0	0
0	0	0	0	0	0	0	0	0	0	0	0	0	0	0	0	0	0	0	0	0	0	0	0	0	0	0	0	0	0	0	0	0	0	0	0	0	0	0	0	0	0	0	0	0	0	0	0	0	0	0	0	0	0	0	0	0	0	0	0	0	0	0	0	0	0	0	0	0	0	0	0	0	0
0	4	0	0	118	0	0	153	0	0	1	0	822	1	10	2	322	0	25	260	565	53	0	36	0	895	2	0	439	0	7	0	209	34	227	0	0	0	0	0	12	0	0	0	15	0	0	0	0	0	0	920	0	0	2	11	27	117	7	1049	0	53	0	1	0	0	0	0	62	0	88	8	2	0
16	1	21	0	1	0	12	1	0	121	6	0	33	5	45	5	4	17	1	31	34	5	0	7	0	20	145	0	9	0	4	0	11	1	19	28	0	0	0	12	0	2	0	125	35	0	7	149	0	0	12	34	12	0	0	9	17	16	5	11	0	86	0	0	0	287	0	0	11	2	3	10	6	7
1	9	0	0	80	0	0	0	0	69	49	0	7	0	286	0	0	0	0	1	0	0	0	2	0	0	2	0	18	0	0	0	3	0	1	0	0	0	0	0	2	0	0	46	1	0	59	4	0	0	0	1	0	0	0	0	20	36	102	26	0	313	0	0	0	0	7	0	16	0	0	0	35	0
0	0	0	0	0	0	0	0	0	0	0	0	0	0	0	0	0	0	0	0	0	0	0	0	0	0	0	0	0	0	0	0	0	0	0	0	0	0	0	0	0	0	0	0	0	0	0	0	0	0	0	0	0	0	0	0	0	0	0	0	0	5	0	0	0	0	0	0	0	0	0	0	0	0
0	2	0	0	0	0	0	0	0	292	18	0	1	0	201	0	1	0	0	0	0	0	0	0	0	0	4	0	0	0	66	0	2	0	1	0	0	0	0	0	125	46	0	0	2	0	0	0	0	0	74	0	0	0	0	0	11	0	0	0	0	33	0	0	0	1	0	0	9	0	0	3	1	0
1	0	1	0	5	13	0	2	0	4	0	0	1	2	30	1	12	0	19	0	19	46	0	200	14	12	1	0	9	0	75	0	1	0	7	0	0	0	0	15	35	1	0	2	0	0	0	0	0	0	65	50	56	0	41	3	48	18	0	0	0	20	0	1	0	1	11	26	1	0	5	0	0	9
0	0	0	0	0	0	0	0	0	0	0	0	7	0	0	0	0	0	0	0	1	0	0	0	0	0	0	0	0	0	0	0	0	0	0	0	0	0	0	0	0	0	0	0	0	0	0	0	0	0	0	0	0	0	0	0	0	0	0	0	0	0	0	0	0	0	0	0	0	0	0	0	10	0
0	0	0	0	5	0	0	0	0	0	6	0	0	0	4	0	0	4	0	1	0	0	0	0	0	1	13	0	1	0	0	0	2	0	0	0	0	0	0	0	7	59	0	0	0	0	0	0	0	0	0	0	0	0	0	0	0	0	8	4	0	35	0	0	0	0	0	0	0	0	0	0	0	0
0	1	0	0	0	0	0	0	0	420	0	0	1	0	297	0	0	26	0	0	0	0	0	0	0	0	13	0	0	0	19	0	1	0	0	0	0	0	0	0	149	4	0	0	0	0	0	0	0	0	46	0	0	0	0	0	156	0	0	0	0	0	0	0	0	10	0	0	0	1	0	0	0	0
0	0	0	0	0	0	0	0	0	0	0	0	0	0	0	0	0	0	0	0	0	0	0	0	0	0	0	0	0	0	0	0	0	0	0	0	0	0	0	0	0	0	0	0	0	0	0	0	0	0	0	0	0	0	0	0	0	0	0	0	0	0	0	0	0	0	0	0	0	0	0	0	0	0
0	0	0	0	0	0	0	0	3	0	0	0	0	0	0	0	0	441	0	0	0	0	0	0	0	0	0	0	0	0	0	0	0	0	0	0	0	0	0	0	0	0	0	0	0	0	0	0	0	0	0	0	0	0	0	0	0	0	0	0	0	0	0	0	0	0	0	0	0	0	0	0	0	0
10	0	0	0	0	0	0	1	1	303	0	0	0	0	1	0	0	0	173	0	0	135	0	34	54	1	0	0	1	0	704	0	0	0	1	0	0	0	0	0	12	0	0	74	65	0	0	46	0	0	0	1	242	0	125	3	167	32	0	0	0	0	0	0	0	0	109	99	0	3	0	1	0	65
28	0	1	0	0	192	0	21	0	0	1	0	7	4	33	0	551	0	127	79	868	544	11	309	10	1093	0	0	440	0	14	0	670	71	718	0	0	0	0	920	34	1	0	0	50	0	0	0	0	0	1	0	15	0	107	93	22	261	5	12	0	0	0	0	0	0	425	0	154	1	13	4	1	16
0	0	0	0	0	0	0	0	0	331	0	0	0	0	11	0	8	38	0	102	5	18	0	544	66	18	0	0	2	0	335	0	0	0	1	0	0	0	0	0	12	0	0	0	56	0	0	0	0	0	242	15	0	0	8	1	160	63	0	1	0	0	0	0	0	0	0	0	1	1	0	0	0	0
0	0	0	0	0	0	0	0	0	0	0	0	0	0	0	0	0	0	0	0	0	0	0	0	0	0	0	0	0	0	0	0	0	0	0	0	0	0	0	0	0	0	0	0	0	0	0	0	0	0	0	0	0	0	0	0	0	0	0	0	0	0	0	0	0	0	0	0	0	0	0	0	0	0
58	0	0	0	11	1	0	0	0	0	4	0	26	0	4	0	56	0	1	1	30	211	0	490	47	59	0	0	12	0	187	0	2	0	1	0	0	0	0	2	0	0	0	0	41	0	0	0	0	0	125	107	8	0	0	111	0	4	0	10	0	0	0	0	0	0	2	7	0	0	0	0	0	0
2	0	0	1	0	0	0	0	0	0	0	0	5	0	0	0	0	4	1	176	35	122	0	1005	69	28	0	0	5	0	0	0	23	2	41	0	0	0	0	11	9	0	0	0	3	0	0	0	0	0	3	93	1	0	111	0	17	57	82	114	0	0	0	0	0	0	0	2	37	10	0	0	0	0
0	7	33	0	14	0	0	4	0	344	4	0	44	1	223	0	5	0	88	19	7	7	0	41	50	9	0	0	31	0	161	0	3	1	12	4	0	0	0	27	17	20	0	11	48	0	0	156	0	0	167	22	160	0	0	17	0	42	41	20	0	11	0	0	0	38	9	0	0	55	4	2	2	38
2	5	0	0	5	0	0	0	0	2	3	0	96	0	489	0	28	3	0	52	152	542	37	35	1	162	1	0	232	0	9	0	128	74	303	0	0	0	0	117	16	36	0	0	18	0	0	0	0	0	32	261	63	0	4	57	42	0	300	802	0	47	0	0	0	1	325	0	186	2	0	0	11	293
0	1	0	0	0	0	0	8	0	0	2	0	69	6	22	0	0	0	8	23	2	6	0	4	0	24	5	0	142	0	0	0	22	4	60	0	0	0	0	7	5	102	0	0	0	0	8	0	0	0	0	5	0	0	0	82	41	300	0	1142	0	1	0	0	0	0	162	0	51	2	10	0	0	0
0	2	0	124	1	0	0	129	0	0	0	0	881	0	0	0	1	0	0	108	0	465	150	9	6	148	0	0	57	0	0	0	409	130	821	0	0	0	0	1049	11	26	0	0	0	0	4	0	0	0	0	12	1	0	10	114	20	802	1142	0	0	0	0	72	0	0	390	0	341	6	53	11	1	4
0	0	0	0	0	0	0	0	0	0	0	0	0	0	0	0	0	0	0	0	0	0	0	0	0	0	0	0	0	0	0	0	0	0	0	0	0	0	0	0	0	0	0	0	0	0	0	0	0	0	0	0	0	0	0	0	0	0	0	0	0	0	0	0	0	0	0	0	0	0	0	0	0	0
0	4	71	9	161	0	1	0	0	40	452	0	7	419	18	39	0	18	1	12	1	0	0	5	0	27	7	0	3	0	0	0	58	9	17	0	0	0	0	53	86	313	5	33	20	0	35	0	0	0	0	0	0	0	0	0	11	47	1	0	0	0	0	2	0	43	1	0	10	7	7	23	165	13
0	0	0	0	0	0	0	0	0	0	0	0	0	0	0	0	0	0	0	0	0	0	0	0	0	0	0	0	0	0	0	0	0	0	0	0	0	0	0	0	0	0	0	0	0	0	0	0	0	0	0	0	0	0	0	0	0	0	0	0	0	0	0	0	0	0	0	0	0	0	0	0	0	0
0	2	0	0	102	0	0	0	0	0	13	0	56	0	4	0	0	0	0	0	0	0	0	2	0	0	0	0	0	0	0	0	1	0	0	0	0	0	0	1	0	0	0	0	1	0	0	0	0	0	0	0	0	0	0	0	0	0	0	72	0	2	0	0	0	0	0	0	13	0	0	0	78	0
0	0	0	0	0	0	0	0	0	0	0	0	0	0	0	0	0	0	0	0	0	0	0	0	0	0	0	0	0	0	0	0	0	0	0	0	0	0	0	0	0	0	0	0	0	0	0	0	0	0	0	0	0	0	0	0	0	0	0	0	0	0	0	0	0	0	0	0	0	0	0	0	0	0
0	5	0	5	0	0	0	0	0	154	0	0	0	1	124	0	1	0	0	5	0	0	0	0	0	1	181	0	0	0	0	0	0	0	0	2	0	0	0	0	287	0	0	1	1	0	0	10	0	0	0	0	0	0	0	0	38	1	0	0	0	43	0	0	0	0	0	0	0	0	0	1	1	0
9	0	0	4	0	0	0	0	0	0	0	0	8	0	4	0	47	1	0	1	5	576	0	10	1	355	0	0	137	0	128	0	9	0	91	0	0	0	0	0	0	7	0	0	11	0	0	0	0	0	109	425	0	0	2	0	9	325	162	390	0	1	0	0	0	0	0	0	101	0	0	0	1	0
7	0	0	0	0	0	0	0	0	0	0	0	0	0	0	0	10	0	0	0	0	250	0	738	69	3	0	0	92	0	78	0	0	0	0	0	0	0	0	0	0	0	0	0	26	0	0	0	0	0	99	0	0	0	7	2	0	0	0	0	0	0	0	0	0	0	0	0	0	0	0	0	0	0
0	0	0	0	12	0	0	0	0	0	0	0	20	16	10	0	1	0	0	31	0	60	81	0	0	34	0	0	1	0	0	0	89	94	85	0	0	0	0	62	11	16	0	9	1	0	0	0	0	0	0	154	1	0	0	37	0	186	51	341	0	10	0	13	0	0	101	0	0	0	0	0	0	0
0	2	0	0	0	0	0	0	0	5	3	0	2	0	60	0	0	0	0	12	1	1	0	0	0	3	0	0	3	0	12	0	2	0	0	0	0	0	0	0	2	0	0	0	0	0	0	1	0	0	3	1	1	0	0	10	55	2	2	6	0	7	0	0	0	0	0	0	0	0	2	2	0	0
0	7	0	0	8	0	0	0	0	0	0	0	149	0	5	0	84	0	0	218	215	2	0	0	0	143	0	0	28	0	0	0	13	0	2	0	0	0	0	88	3	0	0	0	5	0	0	0	0	0	0	13	0	0	0	0	4	0	10	53	0	7	0	0	0	0	0	0	0	2	0	0	0	0
7	0	0	0	43	0	0	0	0	25	13	0	11	0	7	0	1	0	0	15	0	1	0	0	0	2	1	0	5	0	0	0	5	0	0	0	0	0	0	8	10	0	0	3	0	0	0	0	0	0	1	4	0	0	0	0	2	0	0	11	0	23	0	0	0	1	0	0	0	2	0	0	24	0
0	2	1	0	348	1	0	0	0	1	195	0	3	113	3	26	1	0	0	0	2	1	0	0	0	1	0	0	0	0	0	0	3	198	1	0	0	0	0	2	6	35	0	1	0	10	0	0	0	0	0	1	0	0	0	0	2	11	0	1	0	165	0	78	0	1	1	0	0	0	0	24	0	1
27	0	0	0	1	0	0	0	0	2	0	0	7	0	26	0	0	0	0	2	9	63	0	16	1	6	0	0	0	0	56	0	2	0	1	0	0	0	0	0	7	0	0	0	9	0	0	0	0	0	65	16	0	0	0	0	38	293	0	4	0	13	0	0	0	0	0	0	0	0	0	0	1	0
