0	0	0	0	0	0	40	3	1	0	0	0	108	0	56	0	119	28	8	3	93	339	0	252	126	4	0	0	152	0	11	0	179	68	243	0	0	0	0	155	24	4	0	32	63	21	0	0	0	0	1	489	21	0	390	23	4	10	0	0	8	18	0	7	0	0	281	0	0	1	117	13	0	3
0	0	13	3	164	0	2	157	0	2	0	0	140	17	3	34	3	3	3	3	2	0	0	0	0	0	1	0	5	0	1	0	14	129	6	1	0	0	0	49	3	3	0	3	8	6	13	4	0	0	0	2	1	0	2	0	18	12	114	0	22	28	0	148	0	0	2	0	0	3	99	0	3	0
0	13	0	7	127	0	0	0	0	354	23	0	4	430	123	40	1	47	3	6	14	0	0	0	0	0	519	0	1	0	55	0	90	1	0	68	0	0	0	1	291	57	15	224	8	4	137	162	0	0	0	0	2	0	4	6	387	3	15	0	119	309	0	54	0	226	0	0	0	226	1	117	19	10
0	3	7	0	5	0	0	47	0	19	0	0	37	0	2	0	7	1	2	42	0	0	0	12	0	0	73	0	26	0	0	0	1	17	45	0	0	0	0	89	41	0	0	0	0	0	0	0	0	0	0	0	0	0	0	20	24	5	70	26	0	8	0	0	0	2	3	0	0	4	54	2	1	0
0	164	127	5	0	0	3	2	2	16	492	0	502	169	20	251	12	8	2	1	7	1	0	0	0	1	3	0	1	0	3	0	15	847	3	4	0	0	0	131	64	362	0	0	0	12	5	6	0	0	0	2	0	0	14	1	51	96	5	0	125	1485	0	477	0	3	1	0	6	26	39	355	1245	6
0	0	0	0	0	0	0	0	0	0	0	0	0	0	0	0	0	0	0	0	0	0	0	0	0	0	0	0	0	0	0	0	0	0	0	0	0	0	0	0	0	0	0	0	0	0	0	0	0	0	0	0	0	0	0	0	0	0	0	0	0	0	0	0	0	0	0	0	0	0	0	0	0	0
40	2	0	0	3	0	0	0	0	0	35	0	0	0	1	0	64	27	0	1	15	4	0	6	0	5	0	0	0	0	0	0	1	1	1	0	0	0	0	1	267	0	2	0	17	0	0	0	0	0	1	14	0	0	10	2	0	33	0	0	0	4	0	0	0	1	0	0	0	0	0	0	15	0
3	157	0	47	2	0	0	0	0	0	0	0	686	0	0	0	18	0	0	141	137	1	0	22	1	92	0	0	71	0	0	0	22	142	39	0	0	0	0	276	0	0	0	0	0	0	0	0	0	0	0	100	0	0	1	1	5	67	22	125	0	0	0	0	0	0	0	0	0	4	2	0	1	0
1	0	0	0	2	0	0	0	0	0	0	0	1	0	0	0	0	7	0	0	0	0	0	0	0	0	0	0	0	0	0	0	0	0	0	0	0	0	0	0	0	0	0	0	0	0	0	0	0	0	0	0	0	0	4	0	0	1	0	1	0	2	0	0	0	0	0	0	0	0	0	0	4	0
0	2	354	19	16	0	0	0	0	0	36	0	6	74	375	4	23	82	169	2	13	1	0	0	0	0	39	0	20	0	304	0	23	0	0	1	0	0	0	6	94	244	7	354	5	10	18	352	0	0	46	0	330	0	2	6	535	55	6	0	63	176	0	0	0	235	0	0	0	256	2	18	37	0
0	0	23	0	492	0	35	0	0	36	0	0	1	324	0	82	12	30	0	4	18	0	0	0	0	17	1	0	0	0	16	0	1	51	0	0	0	0	0	3	19	34	0	0	2	1	0	0	0	0	0	0	0	0	0	0	12	6	0	0	182	573	0	25	0	0	0	0	0	0	0	16	355	0
0	0	0	0	0	0	0	0	0	0	0	0	0	0	0	0	0	0	0	0	0	0	0	0	0	0	0	0	0	0	0	0	0	0	0	0	0	0	0	0	0	0	0	0	0	0	0	0	0	0	0	0	0	0	0	0	0	0	0	0	0	0	0	0	0	0	0	0	0	0	0	0	0	0
108	140	4	37	502	0	0	686	1	6	1	0	0	9	0	94	127	2	287	37	378	11	6	38	1	6	0	0	149	0	1	0	477	1157	228	1	0	0	0	1171	25	5	1	3	4	124	3	1	0	0	0	23	0	0	22	21	106	140	95	179	3	15	0	51	0	0	4	0	0	12	732	253	9	10
0	17	430	0	169	0	0	0	0	74	324	0	9	0	12	14	2	16	0	4	6	0	0	0	0	1	20	0	0	0	110	0	82	8	1	4	0	0	0	0	24	51	0	12	0	0	190	63	0	0	0	0	0	0	11	25	30	23	7	0	721	1971	0	130	0	12	0	0	0	2	0	238	62	0
56	3	123	2	20	0	1	0	0	375	0	0	0	12	0	36	2	26	148	3	0	0	0	0	0	0	0	0	0	0	6	0	5	0	0	109	0	0	0	1	22	199	0	275	0	17	2	243	0	0	0	1	42	0	0	0	210	27	5	0	6	22	0	1	0	48	1	0	0	151	5	16	0	2
0	34	40	0	251	0	0	0	0	4	82	0	94	14	36	0	2	4	0	2	7	0	0	0	1	4	1	0	6	0	29	0	4	135	1	0	0	0	0	21	2	0	0	0	31	0	0	0	0	0	0	7	0	0	11	0	7	17	2	3	1	317	0	0	0	0	0	0	0	0	0	0	204	0
119	3	1	7	12	0	64	18	0	23	12	0	127	2	2	2	0	72	263	100	605	291	0	9	3	368	0	0	359	0	6	0	329	257	252	1	0	0	0	697	52	19	0	57	228	37	0	0	0	0	2	712	3	0	291	6	38	71	14	0	43	80	0	1	0	1	382	0	0	34	273	23	3	70
28	3	47	1	8	0	27	0	7	82	30	0	2	16	26	4	72	0	3	5	7	19	0	0	1	0	2	0	0	0	45	0	51	9	1	0	3	0	0	3	19	50	10	90	28	6	11	66	0	773	15	39	43	0	26	8	73	31	1	1	68	176	0	0	0	3	2	0	0	15	5	50	21	6
8	3	3	2	2	0	0	0	0	169	0	0	287	0	148	0	263	3	0	123	213	2	0	20	2	271	0	0	383	0	48	0	15	30	70	0	0	0	0	231	2	14	3	0	45	0	0	0	0	0	41	256	62	0	8	9	236	205	186	12	0	1	0	0	0	0	0	0	0	49	3	0	1	0
3	3	6	42	1	0	1	141	0	2	4	0	37	4	3	2	100	5	123	0	56	0	0	4	0	24	0	0	99	0	0	0	169	35	124	0	0	0	0	330	12	2	0	0	4	2	1	2	0	7	0	73	4	0	29	2	56	15	48	0	2	38	0	0	0	1	0	0	0	15	181	89	16	17
93	2	14	0	7	0	15	137	0	13	18	0	378	6	0	7	605	7	213	56	0	17	0	11	4	794	0	0	144	0	0	0	383	492	197	1	0	0	0	839	49	1	0	1	172	17	6	0	0	1	1	698	14	0	102	46	11	27	1	0	17	33	0	4	0	0	2	0	0	4	92	11	3	14
339	0	0	0	1	0	4	1	0	1	0	0	11	0	0	0	291	19	2	0	17	0	0	414	43	60	0	0	95	0	69	0	1	30	52	0	0	0	0	16	3	9	1	8	118	0	0	0	0	0	5	268	2	0	229	7	1	29	9	0	0	2	0	0	0	0	43	0	0	2	5	3	0	7
0	0	0	0	0	0	0	0	0	0	0	0	6	0	0	0	0	0	0	0	0	0	0	0	0	0	0	0	0	0	0	0	0	2	0	0	0	0	0	0	0	0	0	0	0	0	0	0	0	0	0	0	0	0	1	0	1	4	0	0	0	0	0	0	0	0	0	0	0	1	0	0	1	0
252	0	0	12	0	0	6	22	0	0	0	0	38	0	0	0	9	0	20	4	11	414	0	0	2032	6	0	0	56	0	75	0	12	40	106	0	0	0	0	39	3	0	0	0	431	0	0	2	0	0	10	80	709	0	814	887	64	45	6	0	0	4	0	0	0	0	14	0	0	34	6	2	0	2
126	0	0	0	0	0	0	1	0	0	0	0	1	0	0	1	3	1	2	0	4	43	0	2032	0	3	0	0	2	0	4	0	0	1	13	0	0	0	0	3	1	0	0	0	126	0	0	0	0	0	6	22	39	0	182	229	11	1	0	0	0	2	0	0	0	0	1	0	0	2	1	0	0	0
4	0	0	0	1	0	5	92	0	0	17	0	6	1	0	4	368	0	271	24	794	60	0	6	3	0	0	0	118	0	6	0	445	107	215	0	0	0	0	773	19	0	0	1	110	29	0	0	0	0	0	835	22	0	147	30	24	56	7	4	0	22	0	0	0	1	115	0	0	4	64	46	1	2
0	1	519	73	3	0	0	0	0	39	1	0	0	20	0	1	0	2	0	0	0	0	0	0	0	0	0	0	0	0	0	0	9	1	0	246	0	0	0	0	791	2	0	12	0	2	2	342	0	0	0	0	0	0	0	0	2	2	1	0	16	25	0	1	0	438	0	0	0	3	0	10	1	0
0	0	0	0	0	0	0	0	0	0	0	0	0	0	0	0	0	0	0	0	0	0	0	0	0	0	0	0	0	0	0	0	0	0	0	0	0	0	0	0	0	0	0	0	0	0	0	0	0	0	0	0	0	0	0	0	0	0	0	0	0	0	0	0	0	0	0	0	0	0	0	0	0	0
152	5	1	26	1	0	0	71	0	20	0	0	149	0	0	6	359	0	383	99	144	95	0	56	2	118	0	0	0	0	1	0	204	78	622	0	0	0	0	685	16	7	2	0	106	37	0	0	0	0	0	603	3	0	43	31	43	520	520	149	0	0	0	0	0	0	309	0	0	17	242	37	0	14
0	0	0	0	0	0	0	0	0	0	0	0	0	0	0	0	0	0	0	0	0	0	0	0	0	0	0	0	0	0	0	0	0	0	0	0	0	0	0	0	0	0	0	0	0	0	0	0	0	0	0	0	0	0	0	0	0	0	0	0	0	0	0	0	0	0	0	0	0	0	0	0	0	0
11	1	55	0	3	0	0	0	0	304	16	0	1	110	6	29	6	45	48	0	0	69	0	75	4	6	0	0	1	0	0	0	2	4	2	1	0	0	0	1	1	17	2	264	26	0	146	43	0	0	734	5	453	0	262	6	385	11	22	0	31	92	0	17	0	0	247	0	0	96	0	11	4	163
0	0	0	0	0	0	0	0	0	0	0	0	0	0	0	0	0	0	0	0	0	0	0	0	0	0	0	0	0	0	0	0	0	0	0	0	0	0	0	0	0	0	0	0	0	0	0	0	0	0	0	0	0	0	0	0	0	0	0	0	0	0	0	0	0	0	0	0	0	0	0	0	0	0
179	14	90	1	15	0	1	22	0	23	1	0	477	82	5	4	329	51	15	169	383	1	0	12	0	445	9	0	204	0	2	0	0	37	74	1	0	0	0	273	17	1	0	2	42	6	1	0	0	0	0	389	1	0	12	6	17	51	14	34	5	335	0	0	0	0	1	0	0	7	19	4	64	3
68	129	1	17	847	0	1	142	0	0	51	0	1157	8	0	135	257	9	30	35	492	30	2	40	1	107	1	0	78	0	4	0	37	0	36	0	0	0	0	564	15	1	1	18	23	92	0	0	0	0	1	133	17	0	49	2	53	350	73	43	0	30	0	9	0	0	72	0	0	14	332	204	1119	7
243	6	0	45	3	0	1	39	0	0	0	0	228	1	0	1	252	1	70	124	197	52	0	106	13	215	0	0	622	0	2	0	74	36	0	0	0	0	0	297	14	6	1	1	85	4	0	0	0	0	0	473	0	0	32	31	29	276	234	39	1	18	0	1	0	2	78	0	0	17	76	2	2	6
0	1	68	0	4	0	0	0	0	1	0	0	1	4	109	0	1	0	0	0	1	0	0	0	0	0	246	0	0	0	1	0	1	0	0	0	0	0	0	0	81	10	0	0	1	0	0	0	0	0	0	0	0	0	0	0	31	20	0	0	0	3	0	0	0	0	0	0	0	0	0	0	26	0
0	0	0	0	0	0	0	0	0	0	0	0	0	0	0	0	0	3	0	0	0	0	0	0	0	0	0	0	0	0	0	0	0	0	0	0	0	0	0	0	0	0	0	0	0	0	0	0	0	0	0	0	0	0	0	0	0	0	0	0	0	0	0	0	0	0	0	0	0	0	0	3	0	0
0	0	0	0	0	0	0	0	0	0	0	0	0	0	0	0	0	0	0	0	0	0	0	0	0	0	0	0	0	0	0	0	0	0	0	0	0	0	0	0	0	0	0	0	0	0	0	0	0	0	0	0	0	0	0	0	0	0	0	0	0	0	0	0	0	0	0	0	0	0	0	0	0	0
0	0	0	0	0	0	0	0	0	0	0	0	0	0	0	0	0	0	0	0	0	0	0	0	0	0	0	0	0	0	0	0	0	0	0	0	0	0	0	0	0	0	0	0	0	0	0	0	0	0	0	0	0	0	0	0	0	0	0	0	0	0	0	0	0	0	0	0	0	0	0	0	0	0
155	49	1	89	131	0	1	276	0	6	3	0	1171	0	1	21	697	3	231	330	839	16	0	39	3	773	0	0	685	0	1	0	273	564	297	0	0	0	0	0	16	4	0	0	80	32	0	0	0	0	0	718	1	0	51	13	81	159	65	135	1	3	0	0	0	1	0	0	0	27	313	59	0	2
24	3	291	41	64	0	267	0	0	94	19	0	25	24	22	2	52	19	2	12	49	3	0	3	1	19	791	0	16	0	1	0	17	15	14	81	0	0	0	16	0	13	0	375	9	0	5	363	0	0	3	24	7	0	9	15	3	41	9	0	4	61	0	0	0	303	1	0	0	0	2	1	38	3
4	3	57	0	362	0	0	0	0	244	34	0	5	51	199	0	19	50	14	2	1	9	0	0	0	0	2	0	7	0	17	0	1	1	6	10	0	0	0	4	13	0	3	80	0	25	0	12	0	0	0	1	0	0	1	0	67	205	482	2	0	297	0	0	0	4	1	0	0	1	6	4	43	0
0	0	15	0	0	0	2	0	0	7	0	0	1	0	0	0	0	10	3	0	0	1	0	0	0	0	0	0	2	0	2	0	0	1	1	0	0	0	0	0	0	3	0	0	0	0	0	7	0	0	0	0	0	0	4	11	1	13	5	0	0	6	0	0	0	0	1	0	0	0	0	12	0	1
32	3	224	0	0	0	0	0	0	354	0	0	3	12	275	0	57	90	0	0	1	8	0	0	0	1	12	0	0	0	264	0	2	18	1	0	0	0	0	0	375	80	0	0	7	0	0	0	0	0	63	12	81	0	2	0	166	215	78	0	0	32	0	0	0	8	0	0	2	17	0	0	30	0
63	8	8	0	0	0	17	0	0	5	2	0	4	0	0	31	228	28	45	4	172	118	0	431	126	110	0	0	106	0	26	0	42	23	85	1	0	0	0	80	9	0	0	7	0	2	0	17	0	0	22	57	217	0	368	18	258	79	0	0	61	49	0	0	0	0	98	0	0	23	18	3	2	30
21	6	4	0	12	0	0	0	0	10	1	0	124	0	17	0	37	6	0	2	17	0	0	0	0	29	2	0	37	0	0	0	6	92	4	0	0	0	0	32	0	25	0	0	2	0	0	0	0	0	0	40	0	0	4	0	4	189	12	81	0	7	0	0	0	0	0	0	0	8	1	0	6	0
0	13	137	0	5	0	0	0	0	18	0	0	3	190	2	0	0	11	0	1	6	0	0	0	0	0	2	0	0	0	146	0	1	0	0	0	0	0	0	0	5	0	0	0	0	0	0	0	0	0	0	0	0	0	0	0	2	3	142	0	0	19	0	0	0	0	0	0	0	0	0	0	11	0
0	4	162	0	6	0	0	0	0	352	0	0	1	63	243	0	0	66	0	2	0	0	0	2	0	0	342	0	0	0	43	0	0	0	0	0	0	0	0	0	363	12	7	0	17	0	0	0	0	0	3	0	34	0	11	5	463	12	0	0	0	107	0	0	0	70	0	0	0	37	0	0	6	0
0	0	0	0	0	0	0	0	0	0	0	0	0	0	0	0	0	0	0	0	0	0	0	0	0	0	0	0	0	0	0	0	0	0	0	0	0	0	0	0	0	0	0	0	0	0	0	0	0	0	0	0	0	0	0	0	0	0	0	0	0	0	0	0	0	0	0	0	0	0	0	0	0	0
0	0	0	0	0	0	0	0	0	0	0	0	0	0	0	0	0	773	0	7	1	0	0	0	0	0	0	0	0	0	0	0	0	0	0	0	0	0	0	0	0	0	0	0	0	0	0	0	0	0	0	0	0	0	0	0	0	0	0	0	0	0	0	0	0	0	0	0	0	0	0	0	15	0
1	0	0	0	0	0	1	0	0	46	0	0	0	0	0	0	2	15	41	0	1	5	0	10	6	0	0	0	0	0	734	0	0	1	0	0	0	0	0	0	3	0	0	63	22	0	0	3	0	0	0	4	106	0	12	0	94	22	0	0	0	0	0	0	0	1	41	0	0	110	12	0	0	54
489	2	0	0	2	0	14	100	0	0	0	0	23	0	1	7	712	39	256	73	698	268	0	80	22	835	0	0	603	0	5	0	389	133	473	0	0	0	0	718	24	1	0	12	57	40	0	0	0	0	4	0	28	0	373	235	59	77	0	0	2	18	0	0	0	0	198	0	0	5	173	62	1	3
21	1	2	0	0	0	0	0	0	330	0	0	0	0	42	0	3	43	62	4	14	2	0	709	39	22	0	0	3	0	453	0	1	17	0	0	0	0	0	1	7	0	0	81	217	0	0	34	0	0	106	28	0	0	197	3	376	132	1	0	0	1	0	0	0	0	10	0	0	190	0	1	0	68
0	0	0	0	0	0	0	0	0	0	0	0	0	0	0	0	0	0	0	0	0	0	0	0	0	0	0	0	0	0	0	0	0	0	0	0	0	0	0	0	0	0	0	0	0	0	0	0	0	0	0	0	0	0	0	0	0	0	0	0	0	0	0	0	0	0	0	0	0	0	0	0	0	0
390	2	4	0	14	0	10	1	4	2	0	0	22	11	0	11	291	26	8	29	102	229	1	814	182	147	0	0	43	0	262	0	12	49	32	0	0	0	0	51	9	1	4	2	368	4	0	11	0	0	12	373	197	0	0	418	24	29	6	0	2	29	0	0	0	0	96	0	0	8	5	3	10	1
23	0	6	20	1	0	2	1	0	6	0	0	21	25	0	0	6	8	9	2	46	7	0	887	229	30	0	0	31	0	6	0	6	2	31	0	0	0	0	13	15	0	11	0	18	0	0	5	0	0	0	235	3	0	418	0	397	5	0	39	1	20	0	0	0	0	1	0	0	337	0	4	0	1
4	18	387	24	51	0	0	5	0	535	12	0	106	30	210	7	38	73	236	56	11	1	1	64	11	24	2	0	43	0	385	0	17	53	29	31	0	0	0	81	3	67	1	166	258	4	2	463	0	0	94	59	376	0	24	397	0	174	187	6	5	108	0	1	0	27	10	0	6	456	21	12	19	102
10	12	3	5	96	0	33	67	1	55	6	0	140	23	27	17	71	31	205	15	27	29	4	45	1	56	2	0	520	0	11	0	51	350	276	20	0	0	0	159	41	205	13	215	79	189	3	12	0	0	22	77	132	0	29	5	174	0	525	173	47	142	0	15	0	2	463	0	11	20	476	54	26	349
0	114	15	70	5	0	0	22	0	6	0	0	95	7	5	2	14	1	186	48	1	9	0	6	0	7	1	0	520	0	22	0	14	73	234	0	0	0	0	65	9	482	5	78	0	12	142	0	0	0	0	0	1	0	6	0	187	525	0	258	0	3	0	0	0	0	562	0	0	332	54	12	1	0
0	0	0	26	0	0	0	125	1	0	0	0	179	0	0	3	0	1	12	0	0	0	0	0	0	4	0	0	149	0	0	0	34	43	39	0	0	0	0	135	0	2	0	0	0	81	0	0	0	0	0	0	0	0	0	39	6	173	258	0	0	1	0	3	0	0	53	0	0	4	127	1	0	0
8	22	119	0	125	0	0	0	0	63	182	0	3	721	6	1	43	68	0	2	17	0	0	0	0	0	16	0	0	0	31	0	5	0	1	0	0	0	0	1	4	0	0	0	61	0	0	0	0	0	0	2	0	0	2	1	5	47	0	0	0	608	0	0	0	0	0	0	0	0	0	0	41	0
18	28	309	8	1485	0	4	0	2	176	573	0	15	1971	22	317	80	176	1	38	33	2	0	4	2	22	25	0	0	0	92	0	335	30	18	3	0	0	0	3	61	297	6	32	49	7	19	107	0	0	0	18	1	0	29	20	108	142	3	1	608	0	0	37	0	2	0	0	6	23	16	117	509	17
0	0	0	0	0	0	0	0	0	0	0	0	0	0	0	0	0	0	0	0	0	0	0	0	0	0	0	0	0	0	0	0	0	0	0	0	0	0	0	0	0	0	0	0	0	0	0	0	0	0	0	0	0	0	0	0	0	0	0	0	0	0	0	0	0	0	0	0	0	0	0	0	0	0
7	148	54	0	477	0	0	0	0	0	25	0	51	130	1	0	1	0	0	0	4	0	0	0	0	0	1	0	0	0	17	0	0	9	1	0	0	0	0	0	0	0	0	0	0	0	0	0	0	0	0	0	0	0	0	0	1	15	0	3	0	37	0	0	0	0	0	0	0	0	0	0	300	0
0	0	0	0	0	0	0	0	0	0	0	0	0	0	0	0	0	0	0	0	0	0	0	0	0	0	0	0	0	0	0	0	0	0	0	0	0	0	0	0	0	0	0	0	0	0	0	0	0	0	0	0	0	0	0	0	0	0	0	0	0	0	0	0	0	0	0	0	0	0	0	0	0	0
0	0	226	2	3	0	1	0	0	235	0	0	0	12	48	0	1	3	0	1	0	0	0	0	0	1	438	0	0	0	0	0	0	0	2	0	0	0	0	1	303	4	0	8	0	0	0	70	0	0	1	0	0	0	0	0	27	2	0	0	0	2	0	0	0	0	0	0	0	0	0	3	3	0
281	2	0	3	1	0	0	0	0	0	0	0	4	0	1	0	382	2	0	0	2	43	0	14	1	115	0	0	309	0	247	0	1	72	78	0	0	0	0	0	1	1	1	0	98	0	0	0	0	0	41	198	10	0	96	1	10	463	562	53	0	0	0	0	0	0	0	0	0	7	1	0	1	0
0	0	0	0	0	0	0	0	0	0	0	0	0	0	0	0	0	0	0	0	0	0	0	0	0	0	0	0	0	0	0	0	0	0	0	0	0	0	0	0	0	0	0	0	0	0	0	0	0	0	0	0	0	0	0	0	0	0	0	0	0	0	0	0	0	0	0	0	0	0	0	0	0	0
0	0	0	0	6	0	0	0	0	0	0	0	0	0	0	0	0	0	0	0	0	0	0	0	0	0	0	0	0	0	0	0	0	0	0	0	0	0	0	0	0	0	0	2	0	0	0	0	0	0	0	0	0	0	0	0	6	11	0	0	0	6	0	0	0	0	0	0	0	0	1	4	6	0
1	3	226	4	26	0	0	4	0	256	0	0	12	2	151	0	34	15	49	15	4	2	1	34	2	4	3	0	17	0	96	0	7	14	17	0	0	0	0	27	0	1	0	17	23	8	0	37	0	0	110	5	190	0	8	337	456	20	332	4	0	23	0	0	0	0	7	0	0	0	15	4	2	7
117	99	1	54	39	0	0	2	0	2	0	0	732	0	5	0	273	5	3	181	92	5	0	6	1	64	0	0	242	0	0	0	19	332	76	0	0	0	0	313	2	6	0	0	18	1	0	0	0	0	12	173	0	0	5	0	21	476	54	127	0	16	0	0	0	0	1	0	1	15	0	0	8	0
13	0	117	2	355	0	0	0	0	18	16	0	253	238	16	0	23	50	0	89	11	3	0	2	0	46	10	0	37	0	11	0	4	204	2	0	3	0	0	59	1	4	12	0	3	0	0	0	0	0	0	62	1	0	3	4	12	54	12	1	0	117	0	0	0	3	0	0	4	4	0	0	69	0
0	3	19	1	1245	0	15	1	4	37	355	0	9	62	0	204	3	21	1	16	3	0	1	0	0	1	1	0	0	0	4	0	64	1119	2	26	0	0	0	0	38	43	0	30	2	6	11	6	0	15	0	1	0	0	10	0	19	26	1	0	41	509	0	300	0	3	1	0	6	2	8	69	0	0
3	0	10	0	6	0	0	0	0	0	0	0	10	0	2	0	70	6	0	17	14	7	0	2	0	2	0	0	14	0	163	0	3	7	6	0	0	0	0	2	3	0	1	0	30	0	0	0	0	0	54	3	68	0	1	1	102	349	0	0	0	17	0	0	0	0	0	0	0	7	0	0	0	0
