0	0	0	0	0	8	0	0	0	1	0	0	0	0	0	0	9	0	16	0	9	251	0	132	80	3	0	0	27	0	1	0	2	7	39	0	0	1	0	0	0	0	0	0	31	0	0	0	0	2	0	106	3	0	201	0	0	14	0	0	5	0	0	0	0	0	85	172	0	1	0	0	0	5
0	0	63	0	277	0	0	81	0	11	0	0	152	29	0	13	2	4	4	17	0	2	11	1	1	0	0	0	10	10	2	3	43	147	13	11	0	30	0	91	0	190	0	51	3	55	0	0	0	7	0	0	2	0	5	8	34	40	17	0	90	217	0	88	0	8	5	9	10	21	75	9	54	1
0	63	0	0	0	28	0	0	0	531	0	0	9	242	116	0	8	33	0	13	11	0	0	0	0	10	8	0	56	9	0	7	0	1	0	0	0	0	0	0	0	0	0	8	0	0	0	28	0	0	0	13	0	0	0	0	230	7	0	0	0	0	0	0	0	3	0	0	1	4	0	63	24	7
0	0	0	0	0	0	0	0	0	0	0	0	0	2	5	0	1	2	0	3	0	0	0	0	0	0	7	0	0	1358	4	3	0	1	0	0	0	0	0	0	0	0	0	0	0	0	0	5	0	0	0	0	0	0	0	0	0	0	0	0	0	0	0	0	0	2	0	0	0	0	0	0	7	0
0	277	0	0	0	0	0	0	0	31	0	0	94	55	2	0	0	19	0	14	1	0	0	0	0	0	0	0	0	91	0	6	0	240	0	0	0	0	0	0	0	0	0	2	0	0	0	0	0	0	0	0	0	0	0	0	2	0	0	0	0	0	0	0	0	0	0	0	0	0	1	268	41	0
8	0	28	0	0	0	0	1	0	0	0	0	7	0	0	0	1080	0	192	3	654	81	12	6	0	530	0	0	331	0	5	0	190	104	334	0	0	5	0	541	0	2	0	0	293	0	0	0	0	0	0	0	84	0	138	54	19	56	0	0	0	0	0	0	0	0	24	198	0	22	56	3	0	36
0	0	0	0	0	0	0	0	0	0	0	0	0	0	0	0	0	0	0	0	0	0	0	0	0	0	0	0	0	3	0	0	0	0	0	0	0	0	0	0	0	0	0	0	0	0	0	0	0	0	0	0	0	0	0	0	0	0	0	0	0	0	0	0	0	0	0	0	0	0	0	0	0	0
0	81	0	0	0	1	0	0	0	0	0	0	638	0	0	0	292	0	2	176	165	0	0	0	0	2	0	0	10	0	0	141	8	38	0	0	0	0	0	0	0	0	0	0	0	0	0	0	0	0	0	1	0	0	0	0	0	0	50	0	0	0	0	0	0	0	0	0	0	0	0	61	0	0
0	0	0	0	0	0	0	0	0	0	0	0	0	0	0	0	0	0	0	0	0	0	0	0	0	0	0	0	1	0	0	0	0	0	0	0	0	0	0	0	0	0	0	0	0	0	0	0	0	3	0	0	0	0	0	0	0	0	0	0	0	0	0	0	0	0	0	0	0	0	0	0	0	0
1	11	531	0	31	0	0	0	0	0	9	0	2	44	439	0	3	100	211	248	2	0	3	0	0	1	3	0	0	14	281	0	10	0	0	202	0	17	0	2	0	178	0	1077	0	0	0	19	0	0	59	0	234	0	0	0	688	5	3	0	19	88	0	3	0	418	1	16	0	388	37	31	26	2
0	0	0	0	0	0	0	0	0	9	0	0	1	16	0	0	0	6	0	48	0	0	0	0	0	0	0	0	0	0	0	0	0	0	0	0	0	0	0	0	0	22	0	0	0	0	0	0	0	0	0	0	0	0	0	0	0	0	0	0	32	0	0	18	0	0	0	0	0	0	0	24	24	0
0	0	0	0	0	0	0	0	0	0	0	0	0	0	0	0	0	0	0	0	0	0	0	0	0	0	0	0	0	0	0	0	0	0	0	0	0	0	0	0	0	0	0	0	0	0	0	0	0	0	0	0	0	0	0	0	0	0	0	0	0	0	0	0	0	0	0	0	0	0	0	0	0	0
0	152	9	0	94	7	0	638	0	2	1	0	0	6	4	7	241	1	107	19	130	1	18	0	2	3	0	0	104	0	0	158	630	1557	67	0	0	13	0	831	0	2	0	2	1	313	0	0	0	0	0	0	0	0	21	24	88	73	89	0	6	4	0	10	0	0	1	22	0	71	357	273	5	1
0	29	242	2	55	0	0	0	0	44	16	0	6	0	1	0	0	3	2	5	0	0	22	0	0	1	0	0	0	0	0	7	4	16	0	43	0	259	0	3	0	257	0	311	0	0	0	0	0	0	0	0	0	0	0	33	9	190	3	0	1061	1079	0	70	0	22	0	15	0	15	0	111	41	0
0	0	116	5	2	0	0	0	0	439	0	0	4	1	0	1	5	23	30	2	0	0	16	0	0	0	2	0	1	0	7	0	4	1	4	336	0	10	0	4	0	312	0	659	0	0	0	3	0	0	0	0	0	0	0	0	168	20	0	0	5	5	0	0	0	138	6	23	0	6	0	3	3	3
0	13	0	0	0	0	0	0	0	0	0	0	7	0	1	0	0	0	0	4	13	0	0	0	0	1	0	0	0	0	0	0	0	0	0	0	0	0	0	0	0	0	0	0	0	0	0	0	0	0	0	0	0	0	0	0	1	0	0	0	0	0	0	0	0	0	0	0	0	0	0	13	4	0
9	2	8	1	0	1080	0	292	0	3	0	0	241	0	5	0	0	6	113	2	1606	86	4	28	10	898	0	0	165	0	17	0	445	301	80	4	0	14	0	897	0	0	0	4	305	1	0	0	0	0	1	327	61	0	255	29	18	84	8	0	18	2	0	0	0	0	379	597	0	12	61	10	5	36
0	4	33	2	19	0	0	0	0	100	6	0	1	3	23	0	6	0	0	0	0	0	3	0	0	0	0	0	0	4	9	0	12	4	0	10	0	30	0	3	0	2	0	129	2	3	0	5	0	714	0	0	16	0	0	0	6	15	0	0	43	54	0	1	0	23	0	0	11	1	1	14	37	2
16	4	0	0	0	192	0	2	0	211	0	0	107	2	30	0	113	0	0	249	51	28	2	0	0	66	0	0	441	7	125	0	16	73	12	0	0	2	0	8	0	78	0	92	8	0	0	0	0	0	2	0	32	0	0	50	434	22	134	0	0	0	0	0	0	5	34	134	0	22	30	4	0	677
0	17	13	3	14	3	0	176	0	248	48	0	19	5	2	4	2	0	249	0	141	1	44	0	2	67	0	0	19	0	182	2	185	57	19	0	0	20	0	205	0	52	0	0	308	4	0	0	0	0	3	2	64	0	136	294	471	38	1	0	29	22	0	3	0	29	9	35	2	400	329	49	6	73
9	0	11	0	1	654	0	165	0	2	0	0	130	0	0	13	1606	0	51	141	0	97	2	2	0	950	0	0	150	2	5	0	705	266	126	1	0	3	0	833	0	4	0	3	230	20	0	0	0	0	1	355	41	0	137	69	21	35	20	0	16	17	0	2	0	0	6	449	0	18	460	5	1	9
251	2	0	0	0	81	0	0	0	0	0	0	1	0	0	0	86	0	28	1	97	0	0	0	0	75	0	0	36	0	325	0	4	11	0	0	0	0	0	0	0	0	0	0	0	0	0	0	0	0	25	361	0	0	0	6	10	0	0	0	0	0	0	0	0	0	0	0	0	0	0	2	1	80
0	11	0	0	0	12	0	0	0	3	0	0	18	22	16	0	4	3	2	44	2	0	0	0	0	2	0	0	27	0	4	0	0	13	0	0	0	0	0	0	0	0	0	0	0	0	0	0	0	0	0	0	0	0	0	56	8	0	0	0	0	0	0	0	0	0	0	0	0	0	0	4	0	2
132	1	0	0	0	6	0	0	0	0	0	0	0	0	0	0	28	0	0	0	2	0	0	0	46	2	0	0	0	3	6	0	0	0	0	0	0	0	0	0	0	0	0	0	0	0	0	0	0	0	0	215	0	0	0	123	0	0	0	0	0	0	0	0	0	0	0	0	0	0	0	1	0	0
80	1	0	0	0	0	0	0	0	0	0	0	2	0	0	0	10	0	0	2	0	0	0	46	0	14	0	0	0	0	14	0	2	2	0	0	0	0	0	0	0	0	0	0	0	0	0	0	0	0	4	43	0	0	0	9	36	0	0	0	0	0	0	0	0	0	0	0	0	0	0	1	0	1
3	0	10	0	0	530	0	2	0	1	0	0	3	1	0	1	898	0	66	67	950	75	2	2	14	0	0	0	178	1	4	0	656	58	90	0	0	2	0	713	0	0	0	1	265	1	0	0	0	0	0	180	57	0	213	20	24	35	3	0	0	1	0	0	0	0	306	368	0	14	286	3	8	2
0	0	8	7	0	0	0	0	0	3	0	0	0	0	2	0	0	0	0	0	0	0	0	0	0	0	0	0	0	550	0	0	0	0	0	6	0	0	0	0	0	0	0	3	0	0	0	0	0	0	0	0	0	0	0	0	1	0	0	0	1	0	0	0	0	16	0	0	0	0	0	0	0	0
0	0	0	0	0	0	0	0	0	0	0	0	0	0	0	0	0	0	0	0	0	0	0	0	0	0	0	0	0	0	0	0	0	0	0	0	0	0	0	0	0	0	0	0	0	0	0	0	0	0	0	0	0	0	0	0	0	0	0	0	0	0	0	0	0	0	0	0	0	0	0	0	0	0
27	10	56	0	0	331	0	10	1	0	0	0	104	0	1	0	165	0	441	19	150	36	27	0	0	178	0	0	0	2	2	2	194	21	295	0	0	246	0	423	0	0	0	0	29	2	0	0	0	0	0	138	0	0	8	128	18	204	21	0	0	0	0	0	0	0	171	293	0	0	14	9	2	3
0	10	9	1358	91	0	3	0	0	14	0	0	0	0	0	0	0	4	7	0	2	0	0	3	0	1	550	0	2	0	11	0	0	10	6	2790	0	10	0	0	0	0	0	16	0	0	0	0	0	0	0	1	9	0	1	0	11	1	0	0	12	1	0	0	0	3844	10	4	0	0	1	61	150	1
1	2	0	4	0	5	0	0	0	281	0	0	0	0	7	0	17	9	125	182	5	325	4	6	14	4	0	0	2	11	0	0	0	5	0	0	0	13	0	9	0	0	0	372	230	76	0	0	0	0	447	1	98	0	364	0	522	86	0	0	0	0	0	2	0	0	328	14	0	62	0	2	0	941
0	3	7	3	6	0	0	141	0	0	0	0	158	7	0	0	0	0	0	2	0	0	0	0	0	0	0	0	2	0	0	0	1	563	2	0	0	0	0	0	0	19	0	0	0	484	0	0	0	0	0	0	0	0	0	0	0	0	0	0	0	248	0	378	0	0	0	0	174	4	0	0	4	0
2	43	0	0	0	190	0	8	0	10	0	0	630	4	4	0	445	12	16	185	705	4	0	0	2	656	0	0	194	0	0	1	0	12	22	0	0	16	0	29	0	4	0	4	2	0	0	7	0	0	0	92	0	0	4	8	16	1	4	0	5	2	0	0	0	1	4	14	0	1	195	18	4	3
7	147	1	1	240	104	0	38	0	0	0	0	1557	16	1	0	301	4	73	57	266	11	13	0	2	58	0	0	21	10	5	563	12	0	105	0	0	6	0	271	0	1	0	7	3	378	0	0	0	0	5	19	0	0	125	0	31	330	2	0	1	4	0	0	0	0	57	83	0	33	119	214	16	7
39	13	0	0	0	334	0	0	0	0	0	0	67	0	4	0	80	0	12	19	126	0	0	0	0	90	0	0	295	6	0	2	22	105	0	0	0	0	0	0	0	0	0	0	0	0	0	0	0	0	0	171	0	0	0	3	11	2	10	0	0	0	0	0	0	0	0	0	0	0	0	12	2	1
0	11	0	0	0	0	0	0	0	202	0	0	0	43	336	0	4	10	0	0	1	0	0	0	0	0	6	0	0	2790	0	0	0	0	0	0	0	0	0	0	0	0	0	112	0	0	0	16	0	0	0	0	0	0	0	0	2	0	0	0	0	0	0	0	0	5	0	0	0	0	0	11	8	21
0	0	0	0	0	0	0	0	0	0	0	0	0	0	0	0	0	0	0	0	0	0	0	0	0	0	0	0	0	0	0	0	0	0	0	0	0	0	0	0	0	0	0	0	0	0	0	0	0	0	0	0	0	0	0	0	0	0	0	0	0	0	0	0	0	0	0	0	0	0	0	0	0	0
1	30	0	0	0	5	0	0	0	17	0	0	13	259	10	0	14	30	2	20	3	0	0	0	0	2	0	0	246	10	13	0	16	6	0	0	0	0	0	0	0	0	0	6	0	0	0	0	0	0	0	0	0	0	0	12	4	35	60	0	0	0	0	0	0	0	0	0	2	1	72	30	30	0
0	0	0	0	0	0	0	0	0	0	0	0	0	0	0	0	0	0	0	0	0	0	0	0	0	0	0	0	0	0	0	0	0	0	0	0	0	0	0	0	0	0	0	0	0	0	0	0	0	0	0	0	0	0	0	0	0	0	0	0	0	0	0	0	0	0	0	0	0	0	0	0	0	0
0	91	0	0	0	541	0	0	0	2	0	0	831	3	4	0	897	3	8	205	833	0	0	0	0	713	0	0	423	0	9	0	29	271	0	0	0	0	0	0	0	0	0	0	0	0	0	0	0	0	0	193	0	0	0	6	8	0	2	0	0	0	0	0	0	0	0	0	0	0	246	44	8	18
0	0	0	0	0	0	0	0	0	0	0	0	0	0	0	0	0	0	0	0	0	0	0	0	0	0	0	0	0	0	0	0	0	0	0	0	0	0	0	0	0	0	0	0	0	0	0	0	0	0	0	0	0	0	0	0	0	0	0	0	0	0	0	0	0	0	0	0	0	0	0	0	0	0
0	190	0	0	0	2	0	0	0	178	22	0	2	257	312	0	0	2	78	52	4	0	0	0	0	0	0	0	0	0	0	19	4	1	0	0	0	0	0	0	0	0	0	326	0	0	0	3	0	0	0	0	0	0	0	0	29	40	228	0	0	0	0	0	0	0	0	0	1	2	0	190	11	2
0	0	0	0	0	0	0	0	0	0	0	0	0	0	0	0	0	0	0	0	0	0	0	0	0	0	0	0	0	0	0	0	0	0	0	0	0	0	0	0	0	0	0	0	0	0	0	0	0	0	0	0	0	0	0	0	0	0	0	0	0	0	0	0	0	0	0	0	0	0	0	0	0	0
0	51	8	0	2	0	0	0	0	1077	0	0	2	311	659	0	4	129	92	0	3	0	0	0	0	1	3	0	0	16	372	0	4	7	0	112	0	6	0	0	0	326	0	0	0	0	0	32	0	0	58	0	428	0	0	0	287	1	4	0	2	4	0	0	0	48	4	0	1	92	0	51	17	700
31	3	0	0	0	293	0	0	0	0	0	0	1	0	0	0	305	2	8	308	230	0	0	0	0	265	0	0	29	0	230	0	2	3	0	0	0	0	0	0	0	0	0	0	0	0	0	0	0	0	27	1	0	0	0	0	108	0	0	0	0	0	0	0	0	0	0	0	0	0	0	3	1	64
0	55	0	0	0	0	0	0	0	0	0	0	313	0	0	0	1	3	0	4	20	0	0	0	0	1	0	0	2	0	76	484	0	378	0	0	0	0	0	0	0	0	0	0	0	0	0	0	0	0	1	0	0	0	0	0	2	0	0	0	0	0	0	0	0	0	0	0	0	0	0	51	6	0
0	0	0	0	0	0	0	0	0	0	0	0	0	0	0	0	0	0	0	0	0	0	0	0	0	0	0	0	0	0	0	0	0	0	0	0	0	0	0	0	0	0	0	0	0	0	0	0	0	0	0	0	0	0	0	0	0	0	0	0	0	0	0	0	0	0	0	0	0	0	0	0	0	0
0	0	28	5	0	0	0	0	0	19	0	0	0	0	3	0	0	5	0	0	0	0	0	0	0	0	0	0	0	0	0	0	7	0	0	16	0	0	0	0	0	3	0	32	0	0	0	0	0	0	0	0	0	0	0	0	18	0	0	0	2	7	0	2	0	31	0	0	0	12	0	3	0	0
0	0	0	0	0	0	0	0	0	0	0	0	0	0	0	0	0	0	0	0	0	0	0	0	0	0	0	0	0	0	0	0	0	0	0	0	0	0	0	0	0	0	0	0	0	0	0	0	0	0	0	0	0	0	0	0	0	0	0	0	0	0	0	0	0	0	0	0	0	0	0	0	0	0
2	7	0	0	0	0	0	0	3	0	0	0	0	0	0	0	0	714	0	0	0	0	0	0	0	0	0	0	0	0	0	0	0	0	0	0	0	0	0	0	0	0	0	0	0	0	0	0	0	0	0	0	0	0	0	0	3	0	0	0	0	0	0	0	0	0	0	0	0	0	0	7	3	0
0	0	0	0	0	0	0	0	0	59	0	0	0	0	0	0	1	0	2	3	1	25	0	0	4	0	0	0	0	0	447	0	0	5	0	0	0	0	0	0	0	0	0	58	27	1	0	0	0	0	0	0	0	0	24	0	0	1	0	0	0	0	0	0	0	0	19	0	0	1	0	1	0	186
106	0	13	0	0	0	0	1	0	0	0	0	0	0	0	0	327	0	0	2	355	361	0	215	43	180	0	0	138	1	1	0	92	19	171	0	0	0	0	193	0	0	0	0	1	0	0	0	0	0	0	0	0	0	280	62	0	93	0	0	0	0	0	0	0	0	213	347	0	0	50	4	0	0
3	2	0	0	0	84	0	0	0	234	0	0	0	0	0	0	61	16	32	64	41	0	0	0	0	57	0	0	0	9	98	0	0	0	0	0	0	0	0	0	0	0	0	428	0	0	0	0	0	0	0	0	0	0	0	0	211	0	0	0	0	0	0	0	0	0	0	0	0	6	0	2	0	311
0	0	0	0	0	0	0	0	0	0	0	0	0	0	0	0	0	0	0	0	0	0	0	0	0	0	0	0	0	0	0	0	0	0	0	0	0	0	0	0	0	0	0	0	0	0	0	0	0	0	0	0	0	0	0	0	0	0	0	0	0	0	0	0	0	0	0	0	0	0	0	0	0	0
201	5	0	0	0	138	0	0	0	0	0	0	21	0	0	0	255	0	0	136	137	0	0	0	0	213	0	0	8	1	364	0	4	125	0	0	0	0	0	0	0	0	0	0	0	0	0	0	0	0	24	280	0	0	0	104	9	0	0	0	0	0	0	0	0	0	0	0	0	0	0	5	0	10
0	8	0	0	0	54	0	0	0	0	0	0	24	33	0	0	29	0	50	294	69	6	56	123	9	20	0	0	128	0	0	0	8	0	3	0	0	12	0	6	0	0	0	0	0	0	0	0	0	0	0	62	0	0	104	0	222	1	0	0	0	0	0	0	0	0	0	26	0	55	10	8	0	2
0	34	230	0	2	19	0	0	0	688	0	0	88	9	168	1	18	6	434	471	21	10	8	0	36	24	1	0	18	11	522	0	16	31	11	2	0	4	0	8	0	29	0	287	108	2	0	18	0	3	0	0	211	0	9	222	0	4	40	0	8	11	0	0	0	61	15	2	0	302	12	41	6	276
14	40	7	0	0	56	0	0	0	5	0	0	73	190	20	0	84	15	22	38	35	0	0	0	0	35	0	0	204	1	86	0	1	330	2	0	0	35	0	0	0	40	0	1	0	0	0	0	0	0	1	93	0	0	0	1	4	0	8	0	129	0	0	0	0	0	2	0	0	8	0	44	14	271
0	17	0	0	0	0	0	50	0	3	0	0	89	3	0	0	8	0	134	1	20	0	0	0	0	3	0	0	21	0	0	0	4	2	10	0	0	60	0	2	0	228	0	4	0	0	0	0	0	0	0	0	0	0	0	0	40	8	0	0	0	0	0	0	0	18	288	0	0	146	22	27	1	7
0	0	0	0	0	0	0	0	0	0	0	0	0	0	0	0	0	0	0	0	0	0	0	0	0	0	0	0	0	0	0	0	0	0	0	0	0	0	0	0	0	0	0	0	0	0	0	0	0	0	0	0	0	0	0	0	0	0	0	0	0	0	0	0	0	0	0	0	0	0	0	0	0	0
5	90	0	0	0	0	0	0	0	19	32	0	6	1061	5	0	18	43	0	29	16	0	0	0	0	0	1	0	0	12	0	0	5	1	0	0	0	0	0	0	0	0	0	2	0	0	0	2	0	0	0	0	0	0	0	0	8	129	0	0	0	0	0	0	0	0	0	0	0	0	0	90	47	3
0	217	0	0	0	0	0	0	0	88	0	0	4	1079	5	0	2	54	0	22	17	0	0	0	0	1	0	0	0	1	0	248	2	4	0	0	0	0	0	0	0	0	0	4	0	0	0	7	0	0	0	0	0	0	0	0	11	0	0	0	0	0	0	0	0	11	0	0	3	0	0	217	90	28
0	0	0	0	0	0	0	0	0	0	0	0	0	0	0	0	0	0	0	0	0	0	0	0	0	0	0	0	0	0	0	0	0	0	0	0	0	0	0	0	0	0	0	0	0	0	0	0	0	0	0	0	0	0	0	0	0	0	0	0	0	0	0	0	0	0	0	0	0	0	0	0	0	0
0	88	0	0	0	0	0	0	0	3	18	0	10	70	0	0	0	1	0	3	2	0	0	0	0	0	0	0	0	0	2	378	0	0	0	0	0	0	0	0	0	0	0	0	0	0	0	2	0	0	0	0	0	0	0	0	0	0	0	0	0	0	0	0	0	0	0	0	0	0	0	82	1	0
0	0	0	0	0	0	0	0	0	0	0	0	0	0	0	0	0	0	0	0	0	0	0	0	0	0	0	0	0	0	0	0	0	0	0	0	0	0	0	0	0	0	0	0	0	0	0	0	0	0	0	0	0	0	0	0	0	0	0	0	0	0	0	0	0	0	0	0	0	0	0	0	0	0
0	8	3	2	0	0	0	0	0	418	0	0	0	22	138	0	0	23	5	29	0	0	0	0	0	0	16	0	0	3844	0	0	1	0	0	5	0	0	0	0	0	0	0	48	0	0	0	31	0	0	0	0	0	0	0	0	61	0	18	0	0	11	0	0	0	0	0	0	0	0	0	8	0	1
85	5	0	0	0	24	0	0	0	1	0	0	1	0	6	0	379	0	34	9	6	0	0	0	0	306	0	0	171	10	328	0	4	57	0	0	0	0	0	0	0	0	0	4	0	0	0	0	0	0	19	213	0	0	0	0	15	2	288	0	0	0	0	0	0	0	0	0	0	0	0	5	1	45
172	9	0	0	0	198	0	0	0	16	0	0	22	15	23	0	597	0	134	35	449	0	0	0	0	368	0	0	293	4	14	0	14	83	0	0	0	0	0	0	0	0	0	0	0	0	0	0	0	0	0	347	0	0	0	26	2	0	0	0	0	0	0	0	0	0	0	0	0	0	2	9	2	318
0	10	1	0	0	0	0	0	0	0	0	0	0	0	0	0	0	11	0	2	0	0	0	0	0	0	0	0	0	0	0	174	0	0	0	0	0	2	0	0	0	1	0	1	0	0	0	0	0	0	0	0	0	0	0	0	0	0	0	0	0	3	0	0	0	0	0	0	0	0	0	11	9	0
1	21	4	0	0	22	0	0	0	388	0	0	71	15	6	0	12	1	22	400	18	0	0	0	0	14	0	0	0	0	62	4	1	33	0	0	0	1	0	0	0	2	0	92	0	0	0	12	0	0	1	0	6	0	0	55	302	8	146	0	0	0	0	0	0	0	0	0	0	0	2	5	0	10
0	75	0	0	1	56	0	0	0	37	0	0	357	0	0	0	61	1	30	329	460	0	0	0	0	286	0	0	14	1	0	0	195	119	0	0	0	72	0	246	0	0	0	0	0	0	0	0	0	0	0	50	0	0	0	10	12	0	22	0	0	0	0	0	0	0	0	2	0	2	0	191	9	25
0	9	63	0	268	3	0	61	0	31	24	0	273	111	3	13	10	14	4	49	5	2	4	1	1	3	0	0	9	61	2	0	18	214	12	11	0	30	0	44	0	190	0	51	3	51	0	3	0	7	1	4	2	0	5	8	41	44	27	0	90	217	0	82	0	8	5	9	11	5	191	0	80	5
0	54	24	7	41	0	0	0	0	26	24	0	5	41	3	4	5	37	0	6	1	1	0	0	0	8	0	0	2	150	0	4	4	16	2	8	0	30	0	8	0	11	0	17	1	6	0	0	0	3	0	0	0	0	0	0	6	14	1	0	47	90	0	1	0	0	1	2	9	0	9	80	0	0
5	1	7	0	0	36	0	0	0	2	0	0	1	0	3	0	36	2	677	73	9	80	2	0	1	2	0	0	3	1	941	0	3	7	1	21	0	0	0	18	0	2	0	700	64	0	0	0	0	0	186	0	311	0	10	2	276	271	7	0	3	28	0	0	0	1	45	318	0	10	25	5	0	0
