0	0	0	0	0	0	40	1	1	0	0	0	0	0	56	0	117	28	2	0	112	420	0	131	10	39	0	0	52	0	19	0	195	1	239	0	0	0	0	119	23	4	0	32	39	21	0	0	0	0	4	422	21	0	228	31	9	11	11	0	8	18	0	7	0	0	150	0	0	0	42	13	0	3
0	0	5	0	80	0	1	65	0	1	0	0	53	11	0	4	0	5	0	0	2	0	0	0	0	0	0	0	2	0	1	0	1	55	3	0	0	0	0	18	2	3	0	1	6	2	0	1	0	0	0	1	0	0	0	0	3	2	50	3	3	12	0	66	0	0	0	0	0	1	31	0	2	1
0	5	0	0	35	0	0	0	0	290	38	0	6	243	34	6	1	58	0	4	13	0	0	0	0	3	190	0	3	0	50	0	2	0	4	0	0	0	0	0	210	50	15	106	0	4	40	25	0	0	0	13	2	0	6	6	310	3	13	12	50	327	0	22	0	154	0	0	0	136	1	20	26	0
0	0	0	0	0	0	0	47	0	18	0	0	37	0	2	0	6	1	2	42	0	0	0	12	0	0	2	0	26	0	0	0	0	17	45	0	0	0	0	98	4	0	0	0	0	0	0	0	0	0	0	0	0	0	0	21	22	0	70	26	0	0	0	0	0	2	3	0	0	4	56	2	0	0
0	80	35	0	0	0	3	1	4	15	687	0	577	52	0	80	3	7	1	0	3	1	0	0	0	1	0	0	3	0	1	0	3	448	1	0	0	0	0	11	1	280	0	0	0	193	1	2	0	0	0	1	0	0	14	2	2	4	1	1	23	1229	0	411	0	8	1	0	0	0	1	222	1163	0
0	0	0	0	0	0	0	0	0	0	0	0	0	0	0	0	0	0	0	0	0	0	0	0	0	0	0	0	0	0	0	0	0	0	0	0	0	0	0	0	0	0	0	0	0	0	0	0	0	0	0	0	0	0	0	0	0	0	0	0	0	0	0	0	0	0	0	0	0	0	0	0	0	0
40	1	0	0	3	0	0	0	0	7	0	0	0	0	0	0	58	20	0	0	6	4	0	2	0	1	0	0	0	0	0	0	0	1	0	0	0	0	0	0	193	0	2	0	0	0	0	0	0	0	1	9	0	0	10	1	0	18	0	0	0	1	0	0	0	15	0	0	0	0	0	0	6	0
1	65	0	47	1	0	0	0	0	0	0	0	440	0	0	0	11	1	0	25	137	1	0	30	2	53	0	0	17	0	0	0	3	56	5	0	0	0	0	58	0	0	0	0	0	0	0	0	0	0	0	82	0	0	0	3	2	10	22	301	0	0	0	0	0	0	0	0	0	0	0	0	0	0
1	0	0	0	4	0	0	0	0	0	9	0	19	1	0	0	0	11	0	0	0	0	0	0	0	0	0	0	1	0	1	0	0	0	0	0	0	0	0	0	0	0	0	0	0	0	0	0	0	0	1	0	0	0	4	0	0	27	0	21	0	6	0	0	0	0	0	0	0	2	0	0	11	0
0	1	290	18	15	0	7	0	0	0	37	0	0	66	304	5	16	109	296	10	0	1	0	0	0	2	15	0	0	0	265	0	23	0	0	0	0	0	0	2	116	333	7	384	18	0	18	343	0	0	133	0	377	0	1	6	563	46	12	1	52	173	0	0	0	302	1	0	0	360	2	22	37	0
0	0	38	0	687	0	0	0	9	37	0	0	3	478	0	85	12	34	1	15	20	0	0	0	0	17	1	0	0	0	16	0	5	52	0	0	0	0	0	2	5	141	0	0	2	1	0	0	0	0	0	0	0	0	0	0	42	20	2	2	179	843	0	89	0	1	0	0	0	0	23	114	546	0
0	0	0	0	0	0	0	0	0	0	0	0	0	0	0	0	0	0	0	0	0	0	0	0	0	0	0	0	0	0	0	0	0	0	0	0	0	0	0	0	0	0	0	0	0	0	0	0	0	0	0	0	0	0	0	0	0	0	0	0	0	0	0	0	0	0	0	0	0	0	0	0	0	0
0	53	6	37	577	0	0	440	19	0	3	0	0	6	0	101	8	0	123	21	331	14	0	47	7	17	0	0	239	0	2	0	810	511	279	0	0	0	0	894	22	7	1	3	2	382	0	2	0	0	0	18	0	0	13	18	58	158	123	1183	1	7	0	108	0	2	2	0	0	23	336	143	5	10
0	11	243	0	52	0	0	0	1	66	478	0	6	0	10	2	2	15	0	0	9	1	0	0	0	0	2	0	1	0	110	0	2	8	0	0	0	0	0	0	5	48	0	6	0	0	26	11	0	0	0	2	0	0	11	0	10	4	10	0	343	1814	0	2	0	13	0	0	0	1	1	101	49	0
56	0	34	2	0	0	0	0	0	304	0	0	0	10	0	46	1	29	147	2	1	0	0	0	0	0	0	0	0	0	5	0	2	0	0	0	0	0	0	0	15	175	0	187	0	6	0	171	0	0	0	1	35	0	0	0	154	9	2	0	0	1	0	0	0	26	0	0	0	98	5	1	0	2
0	4	6	0	80	0	0	0	0	5	85	0	101	2	46	0	1	4	0	1	1	0	0	0	1	4	0	0	6	0	15	0	0	14	0	0	0	0	0	1	2	0	0	0	0	0	0	0	0	0	16	7	0	0	0	1	0	5	0	3	0	133	0	0	0	0	0	0	0	0	0	0	78	0
117	0	1	6	3	0	58	11	0	16	12	0	8	2	1	1	0	72	112	98	263	254	0	6	1	154	0	0	321	0	4	0	183	63	207	0	0	0	0	290	42	19	0	54	213	10	0	0	0	0	1	268	0	0	173	2	11	18	2	0	43	80	0	1	0	1	136	0	0	3	50	15	3	59
28	5	58	1	7	0	20	1	11	109	34	0	0	15	29	4	72	0	5	5	7	19	0	0	0	0	1	0	0	0	43	0	58	8	0	0	3	0	0	3	55	68	10	111	1	6	9	43	0	740	24	39	36	0	26	8	36	24	4	1	63	218	0	0	0	4	2	0	0	8	5	57	19	7
2	0	0	2	1	0	0	0	0	296	1	0	123	0	147	0	112	5	0	118	150	2	0	6	3	43	0	0	155	0	94	0	14	1	56	0	0	0	0	105	2	0	3	0	26	0	0	0	0	0	81	129	62	0	3	6	326	480	186	123	0	0	0	0	0	0	0	0	0	41	0	0	1	0
0	0	4	42	0	0	0	25	0	10	15	0	21	0	2	1	98	5	118	0	30	0	0	4	0	16	0	0	55	0	1	0	97	4	55	0	0	0	0	198	7	0	0	0	5	1	0	17	0	7	5	1	46	0	17	90	184	0	38	8	2	39	0	0	0	2	0	0	0	67	236	10	17	16
112	2	13	0	3	0	6	137	0	0	20	0	331	9	1	1	263	7	150	30	0	41	0	16	14	1001	0	0	272	0	4	0	759	301	301	0	0	0	0	796	80	2	0	1	134	28	5	0	0	1	3	1056	166	0	119	40	29	306	1	12	10	20	0	4	0	0	8	0	0	0	122	11	28	20
420	0	0	0	1	0	4	1	0	1	0	0	14	1	0	0	254	19	2	0	41	0	0	843	56	175	0	0	173	0	160	0	5	21	120	0	0	0	0	40	3	9	1	8	178	0	0	0	0	0	19	650	2	0	391	8	2	277	9	276	0	3	0	0	0	0	35	0	0	2	6	2	0	6
0	0	0	0	0	0	0	0	0	0	0	0	0	0	0	0	0	0	0	0	0	0	0	0	0	0	0	0	0	0	0	0	0	0	0	0	0	0	0	0	0	0	0	0	0	0	0	0	0	0	0	0	0	0	0	0	0	0	0	0	0	0	0	0	0	0	0	0	0	0	0	0	0	0
131	0	0	12	0	0	2	30	0	0	0	0	47	0	0	0	6	0	6	4	16	843	0	0	1585	12	0	0	127	0	140	0	19	69	120	0	0	0	0	90	3	2	0	0	196	0	0	0	0	0	6	382	232	0	655	421	75	127	6	19	0	4	0	0	0	0	4	0	0	34	18	6	0	2
10	0	0	0	0	0	0	2	0	0	0	0	7	0	0	1	1	0	3	0	14	56	0	1585	0	9	0	0	43	0	68	0	6	0	5	0	0	0	0	17	1	0	0	0	21	0	0	0	0	0	1	29	6	0	51	69	35	31	0	13	0	1	0	0	0	0	0	0	0	0	0	0	0	0
39	0	3	0	1	0	1	53	0	2	17	0	17	0	0	4	154	0	43	16	1001	175	0	12	9	0	0	0	177	0	4	0	615	72	245	0	0	0	0	546	15	6	0	0	97	26	0	0	0	0	5	809	246	0	197	31	27	193	20	90	0	77	0	0	0	1	250	0	0	3	142	13	1	5
0	0	190	2	0	0	0	0	0	15	1	0	0	2	0	0	0	1	0	0	0	0	0	0	0	0	0	0	0	0	0	0	0	0	0	0	0	0	0	0	306	3	0	3	0	1	0	120	0	0	0	0	0	0	1	0	0	0	3	0	1	5	0	0	0	391	0	0	0	1	0	2	1	0
0	0	0	0	0	0	0	0	0	0	0	0	0	0	0	0	0	0	0	0	0	0	0	0	0	0	0	0	0	0	0	0	0	0	0	0	0	0	0	0	0	0	0	0	0	0	0	0	0	0	0	0	0	0	0	0	0	0	0	0	0	0	0	0	0	0	0	0	0	0	0	0	0	0
52	2	3	26	3	0	0	17	1	0	0	0	239	1	0	6	321	0	155	55	272	173	0	127	43	177	0	0	0	0	2	0	310	22	613	0	0	0	0	538	16	5	2	0	109	5	0	0	0	0	0	754	10	0	59	31	18	882	568	581	0	2	0	0	0	0	347	0	0	4	50	2	2	12
0	0	0	0	0	0	0	0	0	0	0	0	0	0	0	0	0	0	0	0	0	0	0	0	0	0	0	0	0	0	0	0	0	0	0	0	0	0	0	0	0	0	0	0	0	0	0	0	0	0	0	0	0	0	0	0	0	0	0	0	0	0	0	0	0	0	0	0	0	0	0	0	0	0
19	1	50	0	1	0	0	0	1	265	16	0	2	110	5	15	4	43	94	1	4	160	0	140	68	4	0	0	2	0	0	0	3	1	7	0	0	0	0	2	1	1	2	167	80	0	113	37	0	0	548	16	582	0	294	6	401	33	21	0	31	93	0	2	0	0	219	0	0	139	2	12	2	375
0	0	0	0	0	0	0	0	0	0	0	0	0	0	0	0	0	0	0	0	0	0	0	0	0	0	0	0	0	0	0	0	0	0	0	0	0	0	0	0	0	0	0	0	0	0	0	0	0	0	0	0	0	0	0	0	0	0	0	0	0	0	0	0	0	0	0	0	0	0	0	0	0	0
195	1	2	0	3	0	0	3	0	23	5	0	810	2	2	0	183	58	14	97	759	5	0	19	6	615	0	0	310	0	3	0	0	14	204	0	0	0	0	316	16	5	0	2	22	7	0	0	0	0	0	535	18	0	17	4	11	170	17	357	4	214	0	0	0	1	6	0	0	3	9	3	16	5
1	55	0	17	448	0	1	56	0	0	52	0	511	8	0	14	63	8	1	4	301	21	0	69	0	72	0	0	22	0	1	0	14	0	10	0	0	0	0	202	15	1	1	3	19	0	0	0	0	0	0	27	4	0	9	2	18	161	69	98	0	22	0	9	0	0	34	0	0	1	52	55	506	0
239	3	4	45	1	0	0	5	0	0	0	0	279	0	0	0	207	0	56	55	301	120	0	120	5	245	0	0	613	0	7	0	204	10	0	0	0	0	0	417	14	6	1	0	79	5	0	0	0	0	2	596	24	0	28	33	14	748	325	453	0	2	0	0	0	2	111	0	0	5	8	1	1	6
0	0	0	0	0	0	0	0	0	0	0	0	0	0	0	0	0	0	0	0	0	0	0	0	0	0	0	0	0	0	0	0	0	0	0	0	0	0	0	0	0	0	0	0	0	0	0	0	0	0	0	0	0	0	0	0	0	0	0	0	0	0	0	0	0	0	0	0	0	0	0	0	0	0
0	0	0	0	0	0	0	0	0	0	0	0	0	0	0	0	0	3	0	0	0	0	0	0	0	0	0	0	0	0	0	0	0	0	0	0	0	0	0	0	0	0	0	0	0	0	0	0	0	0	0	0	0	0	0	0	0	0	0	0	0	0	0	0	0	0	0	0	0	0	0	3	0	0
0	0	0	0	0	0	0	0	0	0	0	0	0	0	0	0	0	0	0	0	0	0	0	0	0	0	0	0	0	0	0	0	0	0	0	0	0	0	0	0	0	0	0	0	0	0	0	0	0	0	0	0	0	0	0	0	0	0	0	0	0	0	0	0	0	0	0	0	0	0	0	0	0	0
0	0	0	0	0	0	0	0	0	0	0	0	0	0	0	0	0	0	0	0	0	0	0	0	0	0	0	0	0	0	0	0	0	0	0	0	0	0	0	0	0	0	0	0	0	0	0	0	0	0	0	0	0	0	0	0	0	0	0	0	0	0	0	0	0	0	0	0	0	0	0	0	0	0
119	18	0	98	11	0	0	58	0	2	2	0	894	0	0	1	290	3	105	198	796	40	0	90	17	546	0	0	538	0	2	0	316	202	417	0	0	0	0	0	17	4	0	0	80	3	0	0	0	0	0	614	8	0	37	12	30	291	61	572	1	3	0	0	0	1	0	0	0	5	64	14	1	0
23	2	210	4	1	0	193	0	0	116	5	0	22	5	15	2	42	55	2	7	80	3	0	3	1	15	306	0	16	0	1	0	16	15	14	0	0	0	0	17	0	7	0	300	5	0	5	235	0	0	0	24	6	0	8	12	8	1	9	1	3	74	0	1	0	338	1	0	0	0	2	3	31	3
4	3	50	0	280	0	0	0	0	333	141	0	7	48	175	0	19	68	0	0	2	9	0	2	0	6	3	0	5	0	1	0	5	1	6	0	0	0	0	4	7	0	3	0	0	0	0	0	0	0	0	2	0	0	1	0	27	624	458	61	0	500	0	0	0	1	0	0	2	0	0	0	46	0
0	0	15	0	0	0	2	0	0	7	0	0	1	0	0	0	0	10	3	0	0	1	0	0	0	0	0	0	2	0	2	0	0	1	1	0	0	0	0	0	0	3	0	0	0	0	0	7	0	0	0	0	0	0	4	11	1	13	5	0	0	6	0	0	0	0	1	0	0	0	0	12	0	1
32	1	106	0	0	0	0	0	0	384	0	0	3	6	187	0	54	111	0	0	1	8	0	0	0	0	3	0	0	0	167	0	2	3	0	0	0	0	0	0	300	0	0	0	0	0	0	0	0	0	79	12	72	0	4	0	110	218	78	0	0	31	0	0	0	18	0	0	0	9	0	0	6	0
39	6	0	0	0	0	0	0	0	18	2	0	2	0	0	0	213	1	26	5	134	178	0	196	21	97	0	0	109	0	80	0	22	19	79	0	0	0	0	80	5	0	0	0	0	2	0	0	0	0	4	52	118	0	111	13	9	67	0	0	22	1	0	0	0	0	61	0	0	69	21	1	1	20
21	2	4	0	193	0	0	0	0	0	1	0	382	0	6	0	10	6	0	1	28	0	0	0	0	26	1	0	5	0	0	0	7	0	5	0	0	0	0	3	0	0	0	0	2	0	0	0	0	0	0	49	0	0	5	0	0	145	12	196	0	2	0	0	0	0	0	0	0	0	0	0	191	0
0	0	40	0	1	0	0	0	0	18	0	0	0	26	0	0	0	9	0	0	5	0	0	0	0	0	0	0	0	0	113	0	0	0	0	0	0	0	0	0	5	0	0	0	0	0	0	0	0	0	0	0	0	0	0	0	0	0	142	0	0	10	0	0	0	0	0	0	0	0	0	0	0	0
0	1	25	0	2	0	0	0	0	343	0	0	2	11	171	0	0	43	0	17	0	0	0	0	0	0	120	0	0	0	37	0	0	0	0	0	0	0	0	0	235	0	7	0	0	0	0	0	0	0	15	0	27	0	0	5	302	0	0	0	0	33	0	0	0	103	0	0	0	12	0	0	1	0
0	0	0	0	0	0	0	0	0	0	0	0	0	0	0	0	0	0	0	0	0	0	0	0	0	0	0	0	0	0	0	0	0	0	0	0	0	0	0	0	0	0	0	0	0	0	0	0	0	0	0	0	0	0	0	0	0	0	0	0	0	0	0	0	0	0	0	0	0	0	0	0	0	0
0	0	0	0	0	0	0	0	0	0	0	0	0	0	0	0	0	740	0	7	1	0	0	0	0	0	0	0	0	0	0	0	0	0	0	0	0	0	0	0	0	0	0	0	0	0	0	0	0	0	0	0	0	0	0	0	0	0	0	0	0	0	0	0	0	0	0	0	0	0	0	0	16	0
4	0	0	0	0	0	1	0	1	133	0	0	0	0	0	16	1	24	81	5	3	19	0	6	1	5	0	0	0	0	548	0	0	0	2	0	0	0	0	0	0	0	0	79	4	0	0	15	0	0	0	9	114	0	17	0	106	46	0	0	0	0	0	0	0	1	64	0	0	96	12	0	0	66
422	1	13	0	1	0	9	82	0	0	0	0	18	2	1	7	268	39	129	1	1056	650	0	382	29	809	0	0	754	0	16	0	535	27	596	0	0	0	0	614	24	2	0	12	52	49	0	0	0	0	9	0	215	0	615	231	43	315	0	0	1	18	0	0	0	0	152	0	0	9	40	31	0	15
21	0	2	0	0	0	0	0	0	377	0	0	0	0	35	0	0	36	62	46	166	2	0	232	6	246	0	0	10	0	582	0	18	4	24	0	0	0	0	8	6	0	0	72	118	0	0	27	0	0	114	215	0	0	115	6	341	271	1	4	0	1	0	0	0	0	9	0	0	96	0	1	0	60
0	0	0	0	0	0	0	0	0	0	0	0	0	0	0	0	0	0	0	0	0	0	0	0	0	0	0	0	0	0	0	0	0	0	0	0	0	0	0	0	0	0	0	0	0	0	0	0	0	0	0	0	0	0	0	0	0	0	0	0	0	0	0	0	0	0	0	0	0	0	0	0	0	0
228	0	6	0	14	0	10	0	4	1	0	0	13	11	0	0	173	26	3	17	119	391	0	655	51	197	1	0	59	0	294	0	17	9	28	0	0	0	0	37	8	1	4	4	111	5	0	0	0	0	17	615	115	0	0	299	21	78	11	43	2	27	0	0	0	0	31	0	0	2	0	3	8	8
31	0	6	21	2	0	1	3	0	6	0	0	18	0	0	1	2	8	6	90	40	8	0	421	69	31	0	0	31	0	6	0	4	2	33	0	0	0	0	12	12	0	11	0	13	0	0	5	0	0	0	231	6	0	299	0	232	6	0	44	1	3	0	0	0	0	1	0	0	233	2	5	0	1
9	3	310	22	2	0	0	2	0	563	42	0	58	10	154	0	11	36	326	184	29	2	0	75	35	27	0	0	18	0	401	0	11	18	14	0	0	0	0	30	8	27	1	110	9	0	0	302	0	0	106	43	341	0	21	232	0	105	126	59	0	61	0	0	0	31	7	0	0	343	7	9	17	124
11	2	3	0	4	0	18	10	27	46	20	0	158	4	9	5	18	24	480	0	306	277	0	127	31	193	0	0	882	0	33	0	170	161	748	0	0	0	0	291	1	624	13	218	67	145	0	0	0	0	46	315	271	0	78	6	105	0	865	1093	0	89	0	0	0	1	739	0	0	12	224	20	12	497
11	50	13	70	1	0	0	22	0	12	2	0	123	10	2	0	2	4	186	38	1	9	0	6	0	20	3	0	568	0	21	0	17	69	325	0	0	0	0	61	9	458	5	78	0	12	142	0	0	0	0	0	1	0	11	0	126	865	0	1165	0	3	0	0	0	0	536	0	0	327	36	8	28	0
0	3	12	26	1	0	0	301	21	1	2	0	1183	0	0	3	0	1	123	8	12	276	0	19	13	90	0	0	581	0	0	0	357	98	453	0	0	0	0	572	1	61	0	0	0	196	0	0	0	0	0	0	4	0	43	44	59	1093	1165	0	0	1	0	93	0	0	257	0	0	28	308	95	0	0
8	3	50	0	23	0	0	0	0	52	179	0	1	343	0	0	43	63	0	2	10	0	0	0	0	0	1	0	0	0	31	0	4	0	0	0	0	0	0	1	3	0	0	0	22	0	0	0	0	0	0	1	0	0	2	1	0	0	0	0	0	307	0	0	0	0	0	0	0	0	0	0	33	0
18	12	327	0	1229	0	1	0	6	173	843	0	7	1814	1	133	80	218	0	39	20	3	0	4	1	77	5	0	2	0	93	0	214	22	2	0	0	0	0	3	74	500	6	31	1	2	10	33	0	0	0	18	1	0	27	3	61	89	3	1	307	0	0	3	0	5	1	0	0	0	16	200	490	36
0	0	0	0	0	0	0	0	0	0	0	0	0	0	0	0	0	0	0	0	0	0	0	0	0	0	0	0	0	0	0	0	0	0	0	0	0	0	0	0	0	0	0	0	0	0	0	0	0	0	0	0	0	0	0	0	0	0	0	0	0	0	0	0	0	0	0	0	0	0	0	0	0	0
7	66	22	0	411	0	0	0	0	0	89	0	108	2	0	0	1	0	0	0	4	0	0	0	0	0	0	0	0	0	2	0	0	9	0	0	0	0	0	0	1	0	0	0	0	0	0	0	0	0	0	0	0	0	0	0	0	0	0	93	0	3	0	0	0	0	0	0	0	0	0	0	309	0
0	0	0	0	0	0	0	0	0	0	0	0	0	0	0	0	0	0	0	0	0	0	0	0	0	0	0	0	0	0	0	0	0	0	0	0	0	0	0	0	0	0	0	0	0	0	0	0	0	0	0	0	0	0	0	0	0	0	0	0	0	0	0	0	0	0	0	0	0	0	0	0	0	0
0	0	154	2	8	0	15	0	0	302	1	0	2	13	26	0	1	4	0	2	0	0	0	0	0	1	391	0	0	0	0	0	1	0	2	0	0	0	0	1	338	1	0	18	0	0	0	103	0	0	1	0	0	0	0	0	31	1	0	0	0	5	0	0	0	0	0	0	0	0	0	4	3	0
150	0	0	3	1	0	0	0	0	1	0	0	2	0	0	0	136	2	0	0	8	35	0	4	0	250	0	0	347	0	219	0	6	34	111	0	0	0	0	0	1	0	1	0	61	0	0	0	0	0	64	152	9	0	31	1	7	739	536	257	0	1	0	0	0	0	0	0	0	0	0	0	1	0
0	0	0	0	0	0	0	0	0	0	0	0	0	0	0	0	0	0	0	0	0	0	0	0	0	0	0	0	0	0	0	0	0	0	0	0	0	0	0	0	0	0	0	0	0	0	0	0	0	0	0	0	0	0	0	0	0	0	0	0	0	0	0	0	0	0	0	0	0	0	0	0	0	0
0	0	0	0	0	0	0	0	0	0	0	0	0	0	0	0	0	0	0	0	0	0	0	0	0	0	0	0	0	0	0	0	0	0	0	0	0	0	0	0	0	2	0	0	0	0	0	0	0	0	0	0	0	0	0	0	0	0	0	0	0	0	0	0	0	0	0	0	0	0	0	0	0	0
0	1	136	4	0	0	0	0	2	360	0	0	23	1	98	0	3	8	41	67	0	2	0	34	0	3	1	0	4	0	139	0	3	1	5	0	0	0	0	5	0	0	0	9	69	0	0	12	0	0	96	9	96	0	2	233	343	12	327	28	0	0	0	0	0	0	0	0	0	0	3	0	1	2
42	31	1	56	1	0	0	0	0	2	23	0	336	1	5	0	50	5	0	236	122	6	0	18	0	142	0	0	50	0	2	0	9	52	8	0	0	0	0	64	2	0	0	0	21	0	0	0	0	0	12	40	0	0	0	2	7	224	36	308	0	16	0	0	0	0	0	0	0	3	0	0	8	0
13	0	20	2	222	0	0	0	0	22	114	0	143	101	1	0	15	57	0	10	11	2	0	6	0	13	2	0	2	0	12	0	3	55	1	0	3	0	0	14	3	0	12	0	1	0	0	0	0	0	0	31	1	0	3	5	9	20	8	95	0	200	0	0	0	4	0	0	0	0	0	0	126	0
0	2	26	0	1163	0	6	0	11	37	546	0	5	49	0	78	3	19	1	17	28	0	0	0	0	1	1	0	2	0	2	0	16	506	1	0	0	0	0	1	31	46	0	6	1	191	0	1	0	16	0	0	0	0	8	0	17	12	28	0	33	490	0	309	0	3	1	0	0	1	8	126	0	1
3	1	0	0	0	0	0	0	0	0	0	0	10	0	2	0	59	7	0	16	20	6	0	2	0	5	0	0	12	0	375	0	5	0	6	0	0	0	0	0	3	0	1	0	20	0	0	0	0	0	66	15	60	0	8	1	124	497	0	0	0	36	0	0	0	0	0	0	0	2	0	0	1	0
