0	14	0	0	0	0	0	0	0	0	0	0	0	0	0	6	11	0	17	0	7	142	7	230	51	7	0	0	4	0	8	0	4	7	158	21	0	0	9	25	2	2	0	0	251	3	0	0	0	0	1	253	14	0	291	2	1	13	0	0	0	0	0	1	0	0	123	455	0	0	4	0	0	17
14	6	6	0	626	0	4	334	0	3	274	0	680	5	1	233	368	0	3	43	167	120	0	2	1	132	0	0	14	0	2	0	421	540	141	5	0	0	5	924	20	2	38	0	28	274	1	0	0	0	0	222	73	0	64	3	136	82	82	0	6	15	0	232	0	0	0	80	35	5	747	302	960	21
0	6	0	0	37	0	2	16	0	584	15	0	35	226	186	20	13	95	10	66	4	0	37	0	0	14	476	0	63	31	61	0	70	12	45	175	0	0	0	42	423	40	7	250	0	2	68	158	0	0	0	28	8	0	11	2	266	0	27	0	68	329	0	21	0	89	0	3	3	163	45	70	43	0
0	0	0	0	0	0	0	0	0	20	0	0	0	0	6	0	0	0	0	0	0	0	0	1	0	0	7	0	0	0	0	0	1	4	6	0	0	0	0	0	1	0	0	0	0	0	0	0	0	0	0	0	0	0	1	1	0	0	0	0	0	0	0	0	0	0	0	0	0	0	0	0	0	3
0	626	37	0	0	0	0	2	0	36	297	0	382	121	0	75	18	2	0	0	7	0	20	0	0	3	8	0	0	12	5	0	9	140	2	16	0	0	0	156	9	118	1	29	1	3	9	0	0	0	0	0	1	0	1	2	15	36	5	0	12	1328	0	192	0	0	1	0	129	7	16	131	963	0
0	0	0	0	0	0	0	0	0	0	0	0	0	0	0	0	0	0	0	0	0	0	0	0	0	0	0	0	0	0	0	0	0	0	0	0	0	0	0	0	0	0	0	0	0	0	0	0	0	0	0	0	0	0	0	0	0	0	0	0	0	0	0	0	0	0	0	0	0	0	0	0	0	0
0	4	2	0	0	0	0	0	0	1	0	0	0	0	5	0	24	30	0	0	9	0	0	10	1	6	5	0	0	0	0	0	0	0	1	117	0	0	0	1	186	0	0	83	6	0	0	0	0	0	0	63	11	0	0	0	2	12	0	0	0	6	0	0	0	0	0	0	0	0	0	0	2	0
0	334	16	0	2	0	0	0	0	0	0	0	384	1	0	0	130	0	0	6	99	0	0	12	1	9	7	0	23	0	3	0	37	0	12	0	0	0	0	40	3	0	1	0	2	0	0	0	0	0	0	30	1	0	0	3	2	28	60	0	0	2	0	0	0	0	0	0	0	1	0	0	0	0
0	0	0	0	0	0	0	0	0	0	0	0	0	0	0	0	0	0	0	0	0	0	0	0	0	0	0	0	0	0	0	0	0	0	0	0	0	0	0	0	0	0	0	0	0	0	0	0	0	2	0	0	0	0	0	0	0	0	0	0	0	0	0	0	0	0	0	0	0	0	0	0	0	0
0	3	584	20	36	0	1	0	0	0	11	0	1	41	678	21	0	27	205	209	0	0	32	3	0	1	13	0	0	12	107	0	5	0	4	347	0	0	0	2	270	191	1	508	9	4	10	515	0	0	14	1	321	0	2	0	503	45	0	0	28	208	0	1	0	141	1	16	10	457	15	59	6	0
0	274	15	0	297	0	0	0	0	11	0	0	1	548	2	66	8	36	0	3	2	0	0	0	0	0	4	0	0	0	0	0	2	48	1	20	0	0	0	0	44	205	4	130	0	0	1	5	0	0	0	1	0	0	0	0	34	7	35	0	91	1051	0	61	0	0	1	1	123	36	0	201	730	0
0	0	0	0	0	0	0	0	0	0	0	0	0	0	0	0	0	0	0	0	0	0	0	0	0	0	0	0	0	0	0	0	0	0	0	0	0	0	0	0	0	0	0	0	0	0	0	0	0	0	0	0	0	0	0	0	0	0	0	0	0	0	0	0	0	0	0	0	0	0	0	0	0	0
0	680	35	0	382	0	0	384	0	1	1	0	0	3	0	55	369	3	1	7	165	77	11	3	0	18	1	0	14	0	2	0	496	528	111	1	0	0	0	701	46	14	0	2	0	226	0	0	0	0	0	4	6	0	6	4	19	24	117	0	1	10	0	26	0	1	22	36	6	4	623	363	35	1
0	5	226	0	121	0	0	1	0	41	548	0	3	0	0	27	5	10	0	1	1	1	10	0	0	0	61	0	0	0	14	0	6	0	5	37	0	0	17	2	52	250	4	141	34	1	245	13	0	0	0	3	0	0	0	55	52	9	34	0	411	1993	0	104	0	1	0	1	135	2	5	174	96	0
0	1	186	6	0	0	5	0	0	678	2	0	0	0	0	18	0	1	285	3	1	0	1	2	0	0	2	0	0	0	2	0	0	0	3	300	0	0	0	0	89	508	0	505	0	1	4	390	0	0	0	0	74	0	0	0	341	79	23	0	0	5	0	0	0	135	36	2	63	51	1	5	10	3
6	233	20	0	75	0	0	0	0	21	66	0	55	27	18	0	19	0	0	0	0	0	0	0	0	31	5	0	2	0	31	0	6	5	2	0	0	0	0	4	3	0	0	3	14	0	0	0	0	0	0	30	11	0	1	0	3	10	4	0	0	270	0	0	0	0	0	0	5	0	0	0	248	0
11	368	13	0	18	0	24	130	0	0	8	0	369	5	0	19	0	1	9	27	1106	366	5	65	20	844	2	0	89	0	49	0	719	151	213	0	0	0	93	972	81	2	8	33	236	33	15	0	0	0	1	716	267	0	396	2	52	178	13	0	46	115	0	0	0	0	180	367	14	3	337	43	5	7
0	0	95	0	2	0	30	0	0	27	36	0	3	10	1	0	1	0	0	17	4	0	39	0	0	1	5	0	0	50	68	0	15	1	0	24	0	0	0	1	146	9	0	87	1	0	27	40	0	784	0	19	121	0	0	0	27	10	0	0	69	242	0	0	0	0	2	2	86	13	57	49	48	3
17	3	10	0	0	0	0	0	0	205	0	0	1	0	285	0	9	0	0	143	0	13	0	104	5	4	0	0	172	0	118	0	1	0	54	0	0	0	0	0	1	1	22	0	94	0	0	0	0	0	35	0	229	0	1	211	26	143	652	0	0	0	0	0	0	0	0	0	0	6	0	0	0	0
0	43	66	0	0	0	0	6	0	209	3	0	7	1	3	0	27	17	143	0	25	16	31	379	162	57	0	0	100	0	21	0	54	12	29	0	0	0	22	90	5	28	0	0	73	0	1	102	0	0	0	48	252	0	12	401	139	2	58	0	0	42	0	0	0	0	5	17	10	14	20	10	7	0
7	167	4	0	7	0	9	99	0	0	2	0	165	1	1	0	1106	4	0	25	0	22	2	19	2	881	3	0	4	0	3	0	309	201	126	0	0	0	38	363	50	1	1	0	139	0	18	0	0	0	0	346	159	0	67	28	36	133	0	0	0	1	0	0	0	0	0	89	0	2	228	24	5	0
142	120	0	0	0	0	0	0	0	0	0	0	77	1	0	0	366	0	13	16	22	0	1	538	18	275	3	0	193	0	119	0	9	9	43	0	0	0	9	27	7	0	0	0	238	10	0	0	0	0	13	250	173	0	311	25	5	150	93	0	9	2	0	0	0	0	54	32	2	0	0	3	3	5
7	0	37	0	20	0	0	0	0	32	0	0	11	10	1	0	5	39	0	31	2	1	0	924	81	1	2	0	4	10	15	0	0	0	1	0	0	0	0	0	21	0	0	0	1	0	0	0	0	0	0	93	14	0	227	493	8	4	0	0	0	67	0	0	0	0	0	0	0	2	0	0	1	0
230	2	0	1	0	0	10	12	0	3	0	0	3	0	2	0	65	0	104	379	19	538	924	0	1402	11	14	0	37	0	126	0	27	34	84	0	0	0	2	58	0	0	0	0	239	22	0	0	0	0	9	526	408	0	698	1123	93	4	2	0	2	0	0	0	0	0	14	824	0	3	52	6	1	6
51	1	0	0	0	0	1	1	0	0	0	0	0	0	0	0	20	0	5	162	2	18	81	1402	0	15	5	0	8	0	8	0	3	4	7	0	0	0	0	3	0	0	0	0	15	1	0	0	0	0	0	128	112	0	246	410	14	0	1	0	0	2	0	0	0	0	2	57	0	0	1	0	1	1
7	132	14	0	3	0	6	9	0	1	0	0	18	0	0	31	844	1	4	57	881	275	1	11	15	0	1	0	52	0	5	0	623	131	160	0	0	0	108	769	53	3	3	7	149	81	2	0	0	0	0	508	257	0	325	24	57	73	21	0	2	21	0	0	0	1	239	371	1	3	320	19	1	3
0	0	476	7	8	0	5	7	0	13	4	0	1	61	2	5	2	5	0	0	3	3	2	14	5	1	0	0	2	0	2	0	4	3	8	407	0	0	0	15	709	8	1	2	1	0	28	67	0	0	0	4	3	0	6	0	12	8	2	0	4	28	0	1	0	166	6	7	19	1	13	7	6	1
0	0	0	0	0	0	0	0	0	0	0	0	0	0	0	0	0	0	0	0	0	0	0	0	0	0	0	0	0	0	0	0	0	0	0	0	0	0	0	0	0	0	0	0	0	0	0	0	0	0	0	0	0	0	0	0	0	0	0	0	0	0	0	0	0	0	0	0	0	0	0	0	0	0
4	14	63	0	0	0	0	23	0	0	0	0	14	0	0	2	89	0	172	100	4	193	4	37	8	52	2	0	0	0	5	0	214	37	470	0	0	0	24	461	16	1	34	0	30	43	0	0	0	0	0	100	0	0	36	7	21	70	151	0	0	0	0	0	0	0	345	209	10	4	74	11	0	1
0	0	31	0	12	0	0	0	0	12	0	0	0	0	0	0	0	50	0	0	0	0	10	0	0	0	0	0	0	0	51	0	0	0	0	1	0	0	0	0	4	2	0	0	0	0	21	3	0	0	0	0	0	0	0	0	2	3	0	0	5	32	0	0	0	0	0	0	0	0	26	14	10	0
8	2	61	0	5	0	0	3	0	107	0	0	2	14	2	31	49	68	118	21	3	119	15	126	8	5	2	0	5	51	0	0	1	15	3	2	0	0	0	7	19	20	0	144	380	16	69	31	0	0	362	8	475	0	130	2	134	30	7	0	11	89	0	8	0	0	204	17	0	178	9	22	2	253
0	0	0	0	0	0	0	0	0	0	0	0	0	0	0	0	0	0	0	0	0	0	0	0	0	0	0	0	0	0	0	0	0	0	0	0	0	0	0	0	0	0	0	0	0	0	0	0	0	0	0	0	0	0	0	0	0	0	0	0	0	0	0	0	0	0	0	0	0	0	0	0	0	0
4	421	70	1	9	0	0	37	0	5	2	0	496	6	0	6	719	15	1	54	309	9	0	27	3	623	4	0	214	0	1	0	0	10	93	4	0	0	10	221	37	1	6	0	61	5	1	1	0	0	0	255	145	0	49	11	11	77	26	0	0	62	0	0	0	0	4	24	19	4	83	16	9	0
7	540	12	4	140	0	0	0	0	0	48	0	528	0	0	5	151	1	0	12	201	9	0	34	4	131	3	0	37	0	15	0	10	0	14	0	0	0	8	65	10	0	13	0	67	6	0	0	0	0	0	55	142	0	16	1	5	252	66	0	0	3	0	0	0	0	7	15	0	0	16	0	750	0
158	141	45	6	2	0	1	12	0	4	1	0	111	5	3	2	213	0	54	29	126	43	1	84	7	160	8	0	470	0	3	0	93	14	0	2	0	0	2	232	27	2	15	0	60	16	2	0	0	0	0	223	100	0	38	0	23	274	446	0	0	41	0	0	0	0	53	70	1	1	33	6	3	0
21	5	175	0	16	0	117	0	0	347	20	0	1	37	300	0	0	24	0	0	0	0	0	0	0	0	407	0	0	1	2	0	4	0	2	0	0	0	0	0	337	118	0	176	0	0	0	5	0	0	0	6	5	0	0	1	9	3	2	0	1	28	0	0	0	0	0	0	2	2	0	0	40	0
0	0	0	0	0	0	0	0	0	0	0	0	0	0	0	0	0	0	0	0	0	0	0	0	0	0	0	0	0	0	0	0	0	0	0	0	0	0	0	0	0	0	0	0	0	0	0	0	0	0	0	0	0	0	0	0	0	0	0	0	0	0	0	0	0	0	0	0	0	0	0	0	0	0
0	0	0	0	0	0	0	0	0	0	0	0	0	0	0	0	0	0	0	0	0	0	0	0	0	0	0	0	0	0	0	0	0	0	0	0	0	0	0	0	0	0	0	0	0	0	0	0	0	0	0	0	0	0	0	0	0	0	0	0	0	0	0	0	0	0	0	0	0	0	0	0	0	0
9	5	0	0	0	0	0	0	0	0	0	0	0	17	0	0	93	0	0	22	38	9	0	2	0	108	0	0	24	0	0	0	10	8	2	0	0	0	0	16	0	0	0	0	98	1	0	0	0	0	0	33	0	0	1	0	2	1	0	0	0	0	0	0	0	0	0	12	0	0	7	0	4	0
25	924	42	0	156	0	1	40	0	2	0	0	701	2	0	4	972	1	0	90	363	27	0	58	3	769	15	0	461	0	7	0	221	65	232	0	0	0	16	0	23	3	20	0	263	22	10	0	0	0	0	341	238	0	108	3	15	68	222	0	0	1	0	0	0	0	2	21	0	2	159	40	9	2
2	20	423	1	9	0	186	3	0	270	44	0	46	52	89	3	81	146	1	5	50	7	21	0	0	53	709	0	16	4	19	0	37	10	27	337	0	0	0	23	0	3	7	417	77	3	2	288	0	0	0	75	50	0	19	10	36	26	7	0	30	275	0	0	0	0	0	12	48	1	7	26	27	4
2	2	40	0	118	0	0	0	0	191	205	0	14	250	508	0	2	9	1	28	1	0	0	0	0	3	8	0	1	2	20	0	1	0	2	118	0	0	0	3	3	0	6	175	0	0	57	1	0	0	0	2	1	0	1	0	23	226	1006	0	0	428	0	0	0	0	33	0	46	3	0	1	72	0
0	38	7	0	1	0	0	1	0	1	4	0	0	4	0	0	8	0	22	0	1	0	0	0	0	3	1	0	34	0	0	0	6	13	15	0	0	0	0	20	7	6	0	5	0	0	1	0	0	0	0	0	0	0	5	0	24	30	24	0	4	8	0	1	0	0	24	0	19	4	1	2	1	0
0	0	250	0	29	0	83	0	0	508	130	0	2	141	505	3	33	87	0	0	0	0	0	0	0	7	2	0	0	0	144	0	0	0	0	176	0	0	0	0	417	175	5	0	12	0	1	66	0	0	20	56	110	0	1	0	51	67	3	0	0	373	0	0	0	0	2	0	48	0	0	39	54	2
251	28	0	0	1	0	6	2	0	9	0	0	0	34	0	14	236	1	94	73	139	238	1	239	15	149	1	0	30	0	380	0	61	67	60	0	0	0	98	263	77	0	0	12	0	0	2	0	0	0	13	134	154	0	370	39	228	31	0	0	17	6	0	0	0	0	165	85	18	104	59	20	0	37
3	274	2	0	3	0	0	0	0	4	0	0	226	1	1	0	33	0	0	0	0	10	0	22	1	81	0	0	43	0	16	0	5	6	16	0	0	0	1	22	3	0	0	0	0	0	0	0	0	0	0	20	32	0	11	1	12	125	412	0	0	11	0	0	0	0	0	0	0	3	0	0	41	0
0	1	68	0	9	0	0	0	0	10	1	0	0	245	4	0	15	27	0	1	18	0	0	0	0	2	28	0	0	21	69	0	1	0	2	0	0	0	0	10	2	57	1	1	2	0	0	0	0	0	0	0	0	0	2	2	10	21	666	0	0	35	0	0	0	0	0	0	14	59	0	0	7	0
0	0	158	0	0	0	0	0	0	515	5	0	0	13	390	0	0	40	0	102	0	0	0	0	0	0	67	0	0	3	31	0	1	0	0	5	0	0	0	0	288	1	0	66	0	0	0	0	0	0	2	3	49	0	0	0	72	15	2	0	0	58	0	0	0	0	0	0	0	109	0	0	4	0
0	0	0	0	0	0	0	0	0	0	0	0	0	0	0	0	0	0	0	0	0	0	0	0	0	0	0	0	0	0	0	0	0	0	0	0	0	0	0	0	0	0	0	0	0	0	0	0	0	0	0	0	0	0	0	0	0	0	0	0	0	0	0	0	0	0	0	0	0	0	0	0	0	0
0	0	0	0	0	0	0	0	2	0	0	0	0	0	0	0	0	784	0	0	0	0	0	0	0	0	0	0	0	0	0	0	0	0	0	0	0	0	0	0	0	0	0	0	0	0	0	0	0	0	0	0	0	0	0	0	0	0	0	0	0	1	0	0	0	0	0	0	0	0	0	0	0	0
1	0	0	0	0	0	0	0	0	14	0	0	0	0	0	0	1	0	35	0	0	13	0	9	0	0	0	0	0	0	362	0	0	0	0	0	0	0	0	0	0	0	0	20	13	0	0	2	0	0	0	0	54	0	19	0	37	0	0	0	0	0	0	0	0	0	33	0	0	9	0	0	0	38
253	222	28	0	0	0	63	30	0	1	1	0	4	3	0	30	716	19	0	48	346	250	93	526	128	508	4	0	100	0	8	0	255	55	223	6	0	0	33	341	75	2	0	56	134	20	0	3	0	0	0	0	213	0	310	56	43	44	0	0	1	10	0	0	0	0	139	336	1	0	5	20	1	15
14	73	8	0	1	0	11	1	0	321	0	0	6	0	74	11	267	121	229	252	159	173	14	408	112	257	3	0	0	0	475	0	145	142	100	5	0	0	0	238	50	1	0	110	154	32	0	49	0	0	54	213	0	0	167	26	169	357	2	0	1	12	0	0	0	0	126	29	7	123	64	20	4	218
0	0	0	0	0	0	0	0	0	0	0	0	0	0	0	0	0	0	0	0	0	0	0	0	0	0	0	0	0	0	0	0	0	0	0	0	0	0	0	0	0	0	0	0	0	0	0	0	0	0	0	0	0	0	0	0	0	0	0	0	0	0	0	0	0	0	0	0	0	0	0	0	0	0
291	64	11	1	1	0	0	0	0	2	0	0	6	0	0	1	396	0	1	12	67	311	227	698	246	325	6	0	36	0	130	0	49	16	38	0	0	0	1	108	19	1	5	1	370	11	2	0	0	0	19	310	167	0	0	507	25	71	14	0	2	4	0	0	0	0	43	282	2	0	4	4	6	1
2	3	2	1	2	0	0	3	0	0	0	0	4	55	0	0	2	0	211	401	28	25	493	1123	410	24	0	0	7	0	2	0	11	1	0	1	0	0	0	3	10	0	0	0	39	1	2	0	0	0	0	56	26	0	507	0	291	3	98	0	1	1	0	0	0	0	0	28	0	489	5	3	1	0
1	136	266	0	15	0	2	2	0	503	34	0	19	52	341	3	52	27	26	139	36	5	8	93	14	57	12	0	21	2	134	0	11	5	23	9	0	0	2	15	36	23	24	51	228	12	10	72	0	0	37	43	169	0	25	291	0	155	431	0	1	190	0	0	0	0	8	1	10	156	8	13	22	12
13	82	0	0	36	0	12	28	0	45	7	0	24	9	79	10	178	10	143	2	133	150	4	4	0	73	8	0	70	3	30	0	77	252	274	3	0	0	1	68	26	226	30	67	31	125	21	15	0	0	0	44	357	0	71	3	155	0	976	0	1	96	0	2	0	0	340	68	59	12	80	31	4	73
0	82	27	0	5	0	0	60	0	0	35	0	117	34	23	4	13	0	652	58	0	93	0	2	1	21	2	0	151	0	7	0	26	66	446	2	0	0	0	222	7	1006	24	3	0	412	666	2	0	0	0	0	2	0	14	98	431	976	0	0	12	51	0	6	0	0	1354	0	38	802	128	204	1	0
0	0	0	0	0	0	0	0	0	0	0	0	0	0	0	0	0	0	0	0	0	0	0	0	0	0	0	0	0	0	0	0	0	0	0	0	0	0	0	0	0	0	0	0	0	0	0	0	0	0	0	0	0	0	0	0	0	0	0	0	0	0	0	0	0	0	0	0	0	0	0	0	0	0
0	6	68	0	12	0	0	0	0	28	91	0	1	411	0	0	46	69	0	0	0	9	0	2	0	2	4	0	0	5	11	0	0	0	0	1	0	0	0	0	30	0	4	0	17	0	0	0	0	0	0	1	1	0	2	1	1	1	12	0	0	488	0	0	0	0	0	0	19	0	0	0	209	0
0	15	329	0	1328	0	6	2	0	208	1051	0	10	1993	5	270	115	242	0	42	1	2	67	0	2	21	28	0	0	32	89	0	62	3	41	28	0	0	0	1	275	428	8	373	6	11	35	58	0	1	0	10	12	0	4	1	190	96	51	0	488	0	0	2	0	3	1	36	358	31	26	472	961	66
0	0	0	0	0	0	0	0	0	0	0	0	0	0	0	0	0	0	0	0	0	0	0	0	0	0	0	0	0	0	0	0	0	0	0	0	0	0	0	0	0	0	0	0	0	0	0	0	0	0	0	0	0	0	0	0	0	0	0	0	0	0	0	0	0	0	0	0	0	0	0	0	0	0
1	232	21	0	192	0	0	0	0	1	61	0	26	104	0	0	0	0	0	0	0	0	0	0	0	0	1	0	0	0	8	0	0	0	0	0	0	0	0	0	0	0	1	0	0	0	0	0	0	0	0	0	0	0	0	0	0	2	6	0	0	2	0	0	0	0	0	0	0	0	0	0	287	0
0	0	0	0	0	0	0	0	0	0	0	0	0	0	0	0	0	0	0	0	0	0	0	0	0	0	0	0	0	0	0	0	0	0	0	0	0	0	0	0	0	0	0	0	0	0	0	0	0	0	0	0	0	0	0	0	0	0	0	0	0	0	0	0	0	0	0	0	0	0	0	0	0	0
0	0	89	0	0	0	0	0	0	141	0	0	1	1	135	0	0	0	0	0	0	0	0	0	0	1	166	0	0	0	0	0	0	0	0	0	0	0	0	0	0	0	0	0	0	0	0	0	0	0	0	0	0	0	0	0	0	0	0	0	0	3	0	0	0	0	0	0	0	0	0	0	3	0
123	0	0	0	1	0	0	0	0	1	1	0	22	0	36	0	180	2	0	5	0	54	0	14	2	239	6	0	345	0	204	0	4	7	53	0	0	0	0	2	0	33	24	2	165	0	0	0	0	0	33	139	126	0	43	0	8	340	1354	0	0	1	0	0	0	0	0	0	4	1	0	0	4	0
455	80	3	0	0	0	0	0	0	16	1	0	36	1	2	0	367	2	0	17	89	32	0	824	57	371	7	0	209	0	17	0	24	15	70	0	0	0	12	21	12	0	0	0	85	0	0	0	0	0	0	336	29	0	282	28	1	68	0	0	0	36	0	0	0	0	0	0	0	0	0	0	3	0
0	35	3	0	129	0	0	0	0	10	123	0	6	135	63	5	14	86	0	10	0	2	0	0	0	1	19	0	10	0	0	0	19	0	1	2	0	0	0	0	48	46	19	48	18	0	14	0	0	0	0	1	7	0	2	0	10	59	38	0	19	358	0	0	0	0	4	0	0	1	0	2	218	0
0	5	163	0	7	0	0	1	0	457	36	0	4	2	51	0	3	13	6	14	2	0	2	3	0	3	1	0	4	0	178	0	4	0	1	2	0	0	0	2	1	3	4	0	104	3	59	109	0	0	9	0	123	0	0	489	156	12	802	0	0	31	0	0	0	0	1	0	1	0	0	2	7	37
4	747	45	0	16	0	0	0	0	15	0	0	623	5	1	0	337	57	0	20	228	0	0	52	1	320	13	0	74	26	9	0	83	16	33	0	0	0	7	159	7	0	1	0	59	0	0	0	0	0	0	5	64	0	4	5	8	80	128	0	0	26	0	0	0	0	0	0	0	0	0	1	22	0
0	302	70	0	131	0	0	0	0	59	201	0	363	174	5	0	43	49	0	10	24	3	0	6	0	19	7	0	11	14	22	0	16	0	6	0	0	0	0	40	26	1	2	39	20	0	0	0	0	0	0	20	20	0	4	3	13	31	204	0	0	472	0	0	0	0	0	0	2	2	1	0	204	0
0	960	43	0	963	0	2	0	0	6	730	0	35	96	10	248	5	48	0	7	5	3	1	1	1	1	6	0	0	10	2	0	9	750	3	40	0	0	4	9	27	72	1	54	0	41	7	4	0	0	0	1	4	0	6	1	22	4	1	0	209	961	0	287	0	3	4	3	218	7	22	204	0	0
17	21	0	3	0	0	0	0	0	0	0	0	1	0	3	0	7	3	0	0	0	5	0	6	1	3	1	0	1	0	253	0	0	0	0	0	0	0	0	2	4	0	0	2	37	0	0	0	0	0	38	15	218	0	1	0	12	73	0	0	0	66	0	0	0	0	0	0	0	37	0	0	0	0
