0	0	0	0	0	0	0	0	0	0	0	0	0	0	0	0	0	0	0	0	0	0	0	0	0	0	0	0	70	0	2	0	2	1	0	0	0	0	0	0	0	0	0	0	0	0	0	0	0	0	0	45	0	0	89	0	1	1	0	0	0	0	0	0	0	0	54	0	0	0	0	0	0	0
0	6	18	3	236	0	7	333	0	2	1	0	353	14	6	73	150	0	15	3	113	16	0	3	1	84	1	0	96	0	0	0	174	144	189	1	0	0	0	390	30	7	0	1	12	25	11	0	0	0	0	316	2	0	13	1	21	10	84	0	25	31	0	168	0	1	2	1	1	0	263	5	67	0
0	18	0	2	216	0	5	17	0	502	61	0	46	621	437	106	13	18	10	28	6	0	25	0	0	14	633	0	64	0	40	0	209	12	45	269	0	0	0	43	335	142	0	264	9	0	172	335	0	0	0	28	1	0	11	2	389	4	7	0	217	358	0	36	0	248	0	4	7	80	23	151	46	0
0	3	2	0	9	0	0	0	0	3	0	0	0	0	4	0	1	1	0	0	0	0	0	0	0	0	92	0	0	0	0	0	1	0	6	0	0	0	0	0	1	0	0	0	0	0	0	0	0	0	0	0	0	0	1	1	2	5	0	0	0	8	0	0	0	0	0	0	0	0	8	0	4	1
0	236	216	9	0	0	0	3	0	31	372	0	526	231	21	315	15	58	1	2	7	0	19	0	0	1	22	0	0	0	13	0	52	681	3	16	0	0	0	407	99	272	0	3	1	5	18	3	0	0	0	0	1	0	10	1	41	78	2	0	156	1327	0	382	0	0	2	2	199	19	54	342	1437	1
0	0	0	0	0	0	0	0	0	0	0	0	0	0	0	0	0	0	0	0	0	0	0	0	0	0	0	0	0	0	0	0	0	0	0	0	0	0	0	0	0	0	0	0	0	0	0	0	0	0	0	0	0	0	0	0	0	0	0	0	0	0	0	0	0	0	0	0	0	0	0	0	0	0
0	7	5	0	0	0	0	0	0	1	0	0	0	0	5	0	35	20	0	0	18	0	0	10	1	8	2	0	1	0	1	0	5	0	1	0	0	0	0	2	99	20	0	33	9	0	0	0	0	0	0	5	6	0	0	0	0	45	0	0	0	2	0	0	0	0	0	0	0	0	0	0	5	0
0	333	17	0	3	0	0	0	0	0	3	0	713	0	1	0	218	1	0	2	49	1	0	14	1	62	7	0	79	0	3	0	39	76	0	0	0	0	0	207	3	0	0	0	4	0	0	0	0	0	0	33	0	0	1	2	3	50	54	0	0	1	0	0	0	0	0	0	0	4	162	0	0	0
0	0	0	0	0	0	0	0	0	0	0	0	0	0	0	0	0	0	0	0	0	0	0	0	0	0	0	0	0	0	0	0	0	0	0	0	0	0	0	0	0	0	0	0	0	0	0	0	0	1	0	0	0	0	0	0	0	0	0	0	0	0	0	0	0	0	0	0	0	0	0	0	0	0
0	2	502	3	31	0	1	0	0	0	0	0	7	38	741	20	7	36	229	168	13	0	30	2	0	0	28	0	20	0	89	0	4	0	4	356	0	0	0	3	206	345	0	596	5	12	6	568	0	0	52	1	110	0	1	0	632	22	0	0	38	171	0	0	0	339	1	16	7	298	0	54	0	0
0	1	61	0	372	0	0	3	0	0	0	0	22	181	4	133	9	0	3	30	0	4	0	0	0	3	4	0	5	0	18	0	3	7	26	5	0	0	0	28	5	214	0	7	0	0	9	0	0	0	0	88	0	0	1	0	21	110	0	0	76	143	0	38	0	12	26	5	70	0	44	11	306	0
0	0	0	0	0	0	0	0	0	0	0	0	0	0	0	0	0	0	0	0	0	0	0	0	0	0	0	0	0	0	0	0	0	0	0	0	0	0	0	0	0	0	0	0	0	0	0	0	0	0	0	0	0	0	0	0	0	0	0	0	0	0	0	0	0	0	0	0	0	0	0	0	0	0
0	353	46	0	526	0	0	713	0	7	22	0	0	4	4	107	281	12	171	4	283	4	17	5	0	14	1	0	21	0	2	0	582	956	78	2	0	0	0	1144	69	17	0	4	3	172	1	2	0	0	0	16	8	0	11	4	88	96	109	0	4	31	0	31	0	1	25	58	6	7	737	303	47	10
0	14	621	0	231	0	0	0	0	38	181	0	4	0	39	43	2	6	0	1	0	0	10	0	0	1	76	0	0	0	26	0	44	2	4	22	0	0	0	1	52	251	0	7	1	0	253	40	0	0	0	3	0	0	1	44	23	12	0	0	684	1516	0	97	0	8	1	0	124	0	2	319	78	0
0	6	437	4	21	0	5	1	0	741	4	0	4	39	0	18	2	52	257	3	2	0	1	0	0	1	0	0	1	0	5	0	9	0	4	583	0	0	0	2	161	620	0	719	0	11	4	641	0	0	0	3	17	0	1	0	427	23	3	0	25	63	0	1	0	342	37	0	6	87	1	18	11	3
0	73	106	0	315	0	0	0	0	20	133	0	107	43	18	0	10	9	0	3	4	0	0	0	0	28	6	0	3	0	30	0	12	124	2	0	0	0	0	21	1	6	0	0	25	0	0	0	0	0	0	38	0	0	6	0	3	8	4	0	1	355	0	0	0	0	0	0	5	0	0	0	329	0
0	150	13	1	15	0	35	218	0	7	9	0	281	2	2	10	0	7	267	4	1010	146	3	64	21	716	1	0	88	0	31	0	509	222	128	1	0	0	0	930	39	0	0	4	27	27	0	0	0	0	2	1002	23	0	271	7	32	162	2	0	10	2	0	0	0	1	159	232	1	23	98	15	2	12
0	0	18	1	58	0	20	1	0	36	0	0	12	6	52	9	7	0	1	2	0	0	21	0	0	2	4	0	0	0	18	0	25	0	0	30	0	0	0	1	111	14	0	78	0	0	24	46	0	815	4	0	78	0	0	0	18	20	0	0	64	201	0	0	0	2	7	10	56	1	2	22	56	3
0	15	10	0	1	0	0	0	0	229	3	0	171	0	257	0	267	1	0	184	157	6	0	14	0	308	0	0	283	0	59	0	13	28	1	0	0	0	0	197	0	15	0	0	9	0	0	0	0	0	61	160	0	0	10	38	70	37	228	0	0	0	0	0	0	0	0	0	0	7	21	0	1	0
0	3	28	0	2	0	0	2	0	168	30	0	4	1	3	3	4	2	184	0	2	3	164	284	190	20	0	0	41	0	35	0	14	0	10	4	0	0	0	28	2	26	0	0	28	0	1	129	0	0	34	26	171	0	35	302	417	2	6	0	7	41	0	0	0	21	1	0	0	34	52	2	4	10
0	113	6	0	7	0	18	49	0	13	0	0	283	0	2	4	1010	0	157	2	0	16	2	26	2	903	3	0	21	0	4	0	238	250	56	1	0	0	0	639	5	1	0	1	33	0	0	0	0	0	1	472	1	0	89	1	19	142	1	0	4	5	0	0	0	1	1	83	0	4	79	0	3	1
0	16	0	0	0	0	0	1	0	0	4	0	4	0	0	0	146	0	6	3	16	0	6	769	130	192	3	0	166	0	119	0	3	13	26	0	0	0	0	11	1	0	0	0	91	2	0	0	0	0	43	154	1	0	441	30	4	100	6	0	1	1	0	0	0	0	63	15	0	2	1	1	2	8
0	0	25	0	19	0	0	0	0	30	0	0	17	10	1	0	3	21	0	164	2	6	0	352	104	1	2	0	4	0	0	0	0	2	1	0	0	0	0	0	21	0	0	0	1	0	0	0	0	0	0	2	0	0	177	237	13	8	0	0	0	57	0	0	0	0	0	0	0	5	0	0	2	0
0	3	0	0	0	0	10	14	0	2	0	0	5	0	0	0	64	0	14	284	26	769	352	0	1987	17	14	0	57	0	24	0	34	20	112	0	0	0	0	69	0	0	0	0	64	2	0	0	0	0	62	21	112	0	801	965	132	10	2	0	2	0	0	0	0	0	20	366	0	3	50	6	1	6
0	1	0	0	0	0	1	1	0	0	0	0	0	0	0	0	21	0	0	190	2	130	104	1987	0	14	4	0	5	0	6	0	2	3	5	0	0	0	0	2	0	0	0	0	10	1	0	0	0	0	5	7	4	0	186	281	14	2	0	0	0	1	0	0	0	0	1	93	0	2	1	0	1	0
0	84	14	0	1	0	8	62	0	0	3	0	14	1	1	28	716	2	308	20	903	192	1	17	14	0	1	0	150	0	10	0	550	68	219	0	0	0	0	639	34	1	0	2	8	33	0	1	0	0	0	786	21	0	240	27	46	75	2	0	1	19	0	0	0	1	213	214	1	1	217	8	2	7
0	1	633	92	22	0	2	7	0	28	4	0	1	76	0	6	1	4	0	0	3	3	2	14	4	1	0	0	2	0	4	0	8	4	8	674	0	0	0	15	761	9	0	11	1	1	24	169	0	0	0	4	3	0	4	0	11	8	0	0	21	43	0	3	0	478	6	6	20	4	12	13	6	1
0	0	0	0	0	0	0	0	0	0	0	0	0	0	0	0	0	0	0	0	0	0	0	0	0	0	0	0	0	0	0	0	0	0	0	0	0	0	0	0	0	0	0	0	0	0	0	0	0	0	0	0	0	0	0	0	0	0	0	0	0	0	0	0	0	0	0	0	0	0	0	0	0	0
70	96	64	0	0	0	1	79	0	20	5	0	21	0	1	3	88	0	283	41	21	166	4	57	5	150	2	0	0	0	2	0	247	50	499	0	0	0	0	618	17	8	0	0	7	53	0	0	0	0	0	319	2	0	58	48	60	615	181	0	0	0	0	0	0	0	397	111	0	15	197	13	0	2
0	0	0	0	0	0	0	0	0	0	0	0	0	0	0	0	0	0	0	0	0	0	0	0	0	0	0	0	0	0	0	0	0	0	0	0	0	0	0	0	0	0	0	0	0	0	0	0	0	0	0	0	0	0	0	0	0	0	0	0	0	0	0	0	0	0	0	0	0	0	0	0	0	0
2	0	40	0	13	0	1	3	0	89	18	0	2	26	5	30	31	18	59	35	4	119	0	24	6	10	4	0	2	0	0	0	1	18	5	14	0	0	0	3	11	62	0	231	124	0	124	45	0	0	797	17	117	0	245	0	261	40	9	0	8	50	0	31	0	0	260	11	10	73	3	8	3	232
0	0	0	0	0	0	0	0	0	0	0	0	0	0	0	0	0	0	0	0	0	0	0	0	0	0	0	0	0	0	0	0	0	0	0	0	0	0	0	0	0	0	0	0	0	0	0	0	0	0	0	0	0	0	0	0	0	0	0	0	0	0	0	0	0	0	0	0	0	0	0	0	0	0
2	174	209	1	52	0	5	39	0	4	3	0	582	44	9	12	509	25	13	14	238	3	0	34	2	550	8	0	247	0	1	0	0	24	70	4	0	0	0	251	21	5	0	0	16	3	1	0	0	0	0	278	3	0	32	10	13	87	18	0	1	145	0	0	0	0	4	4	19	5	180	3	20	0
1	144	12	0	681	0	0	76	0	0	7	0	956	2	0	124	222	0	28	0	250	13	2	20	3	68	4	0	50	0	18	0	24	0	26	0	0	0	0	317	6	0	0	1	17	98	0	0	0	0	10	134	0	0	34	0	32	421	9	0	0	1	0	0	0	0	25	15	0	11	214	85	907	0
0	189	45	6	3	0	1	0	0	4	26	0	78	4	4	2	128	0	1	10	56	26	1	112	5	219	8	0	499	0	5	0	70	26	0	1	0	0	0	46	7	12	0	0	11	7	0	0	0	0	0	239	0	0	26	0	30	356	333	0	1	44	0	0	0	0	6	10	1	7	3	0	0	0
0	1	269	0	16	0	0	0	0	356	5	0	2	22	583	0	1	30	0	4	1	0	0	0	0	0	674	0	0	0	14	0	4	0	1	0	0	0	0	0	81	103	0	1	0	0	0	0	0	0	0	1	3	0	0	0	61	17	0	0	0	6	0	0	0	0	0	0	2	0	0	0	32	0
0	0	0	0	0	0	0	0	0	0	0	0	0	0	0	0	0	0	0	0	0	0	0	0	0	0	0	0	0	0	0	0	0	0	0	0	0	0	0	0	0	0	0	0	0	0	0	0	0	0	0	0	0	0	0	0	0	0	0	0	0	0	0	0	0	0	0	0	0	0	0	0	0	0
0	0	0	0	0	0	0	0	0	0	0	0	0	0	0	0	0	0	0	0	0	0	0	0	0	0	0	0	0	0	0	0	0	0	0	0	0	0	0	0	0	0	0	0	0	0	0	0	0	0	0	0	0	0	0	0	0	0	0	0	0	0	0	0	0	0	0	0	0	0	0	0	0	0
0	0	0	0	0	0	0	0	0	0	0	0	0	0	0	0	0	0	0	0	0	0	0	0	0	0	0	0	0	0	0	0	0	0	0	0	0	0	0	0	0	0	0	0	0	0	0	0	0	0	0	0	0	0	0	0	0	0	0	0	0	0	0	0	0	0	0	0	0	0	0	0	0	0
0	390	43	0	407	0	2	207	0	3	28	0	1144	1	2	21	930	1	197	28	639	11	0	69	2	639	15	0	618	0	3	0	251	317	46	0	0	0	0	0	8	2	0	0	16	15	0	0	0	0	0	443	2	0	46	4	78	211	49	0	0	1	0	0	0	0	0	1	0	18	386	57	9	2
0	30	335	1	99	0	99	3	0	206	5	0	69	52	161	1	39	111	0	2	5	1	21	0	0	34	761	0	17	0	11	0	21	6	7	81	0	0	0	8	0	13	0	110	13	0	1	104	0	0	0	43	29	0	1	1	15	47	18	0	23	238	0	0	0	0	0	4	39	0	3	12	26	3
0	7	142	0	272	0	20	0	0	345	214	0	17	251	620	6	0	14	15	26	1	0	0	0	0	1	9	0	8	0	62	0	5	0	12	103	0	0	0	2	13	0	0	263	0	25	92	88	0	0	0	0	1	0	0	0	89	147	328	1	0	224	0	0	0	5	4	0	37	2	7	9	99	0
0	0	0	0	0	0	0	0	0	0	0	0	0	0	0	0	0	0	0	0	0	0	0	0	0	0	0	0	0	0	0	0	0	0	0	0	0	0	0	0	0	0	0	0	0	0	0	0	0	0	0	0	0	0	0	0	0	0	0	0	0	0	0	0	0	0	0	0	0	0	0	0	0	0
0	1	264	0	3	0	33	0	0	596	7	0	4	7	719	0	4	78	0	0	1	0	0	0	0	2	11	0	0	0	231	0	0	1	0	1	0	0	0	0	110	263	0	0	14	0	1	27	0	0	66	0	3	0	0	0	246	280	1	0	0	53	0	0	0	0	1	0	43	8	0	0	28	1
0	12	9	0	1	0	9	4	0	5	0	0	3	1	0	25	27	0	9	28	33	91	1	64	10	8	1	0	7	0	124	0	16	17	11	0	0	0	0	16	13	0	0	14	0	0	0	0	0	0	12	10	38	0	174	17	124	22	3	0	13	18	0	0	0	0	102	24	1	84	15	5	2	28
0	25	0	0	5	0	0	0	0	12	0	0	172	0	11	0	27	0	0	0	0	2	0	2	1	33	1	0	53	0	0	0	3	98	7	0	0	0	0	15	0	25	0	0	0	0	0	0	0	0	0	6	0	0	2	0	5	119	0	0	0	9	0	0	0	0	0	0	0	8	1	0	23	0
0	11	172	0	18	0	0	0	0	6	9	0	1	253	4	0	0	24	0	1	0	0	0	0	0	0	24	0	0	0	124	0	1	0	0	0	0	0	0	0	1	92	0	1	0	0	0	0	0	0	0	0	0	0	0	0	1	0	134	0	0	17	0	0	0	0	0	0	14	36	0	0	16	0
0	0	335	0	3	0	0	0	0	568	0	0	2	40	641	0	0	46	0	129	0	0	0	0	0	1	169	0	0	0	45	0	0	0	0	0	0	0	0	0	104	88	0	27	0	0	0	0	0	0	5	0	0	0	0	0	296	2	0	0	0	63	0	0	0	0	0	0	0	108	0	0	5	0
0	0	0	0	0	0	0	0	0	0	0	0	0	0	0	0	0	0	0	0	0	0	0	0	0	0	0	0	0	0	0	0	0	0	0	0	0	0	0	0	0	0	0	0	0	0	0	0	0	0	0	0	0	0	0	0	0	0	0	0	0	0	0	0	0	0	0	0	0	0	0	0	0	0
0	0	0	0	0	0	0	0	1	0	0	0	0	0	0	0	0	815	0	0	0	0	0	0	0	0	0	0	0	0	0	0	0	0	0	0	0	0	0	0	0	0	0	0	0	0	0	0	0	0	0	0	0	0	0	0	0	0	0	0	0	1	0	0	0	0	0	0	0	0	0	0	0	0
0	0	0	0	0	0	0	0	0	52	0	0	0	0	0	0	2	4	61	34	1	43	0	62	5	0	0	0	0	0	797	0	0	10	0	0	0	0	0	0	0	0	0	66	12	0	0	5	0	0	0	2	59	0	57	0	101	7	0	0	3	0	0	0	0	0	76	0	0	10	0	0	0	63
45	316	28	0	0	0	5	33	0	1	88	0	16	3	3	38	1002	0	160	26	472	154	2	21	7	786	4	0	319	0	17	0	278	134	239	1	0	0	0	443	43	0	0	0	10	6	0	0	0	0	2	0	21	0	228	7	72	457	0	0	0	0	0	0	0	0	667	175	0	3	346	7	0	9
0	2	1	0	1	0	6	0	0	110	0	0	8	0	17	0	23	78	0	171	1	1	0	112	4	21	3	0	2	0	117	0	3	0	0	3	0	0	0	2	29	1	0	3	38	0	0	0	0	0	59	21	0	0	28	1	22	0	0	0	0	7	0	0	0	0	0	0	6	3	0	3	3	0
0	0	0	0	0	0	0	0	0	0	0	0	0	0	0	0	0	0	0	0	0	0	0	0	0	0	0	0	0	0	0	0	0	0	0	0	0	0	0	0	0	0	0	0	0	0	0	0	0	0	0	0	0	0	0	0	0	0	0	0	0	0	0	0	0	0	0	0	0	0	0	0	0	0
89	13	11	1	10	0	0	1	0	1	1	0	11	1	1	6	271	0	10	35	89	441	177	801	186	240	4	0	58	0	245	0	32	34	26	0	0	0	0	46	1	0	0	0	174	2	0	0	0	0	57	228	28	0	0	680	9	42	0	0	1	1	0	0	0	0	94	262	0	9	7	0	4	1
0	1	2	1	1	0	0	2	0	0	0	0	4	44	0	0	7	0	38	302	1	30	237	965	281	27	0	0	48	0	0	0	10	0	0	0	0	0	0	4	1	0	0	0	17	0	0	0	0	0	0	7	1	0	680	0	478	0	2	0	5	1	0	0	0	0	0	19	0	447	5	2	2	0
1	21	389	2	41	0	0	3	0	632	21	0	88	23	427	3	32	18	70	417	19	4	13	132	14	46	11	0	60	0	261	0	13	32	30	61	0	0	0	78	15	89	0	246	124	5	1	296	0	0	101	72	22	0	9	478	0	130	89	0	2	107	0	1	0	63	12	0	7	168	19	9	13	73
1	10	4	5	78	0	45	50	0	22	110	0	96	12	23	8	162	20	37	2	142	100	8	10	2	75	8	0	615	0	40	0	87	421	356	17	0	0	0	211	47	147	0	280	22	119	0	2	0	0	7	457	0	0	42	0	130	0	104	0	50	22	0	1	0	2	449	70	42	17	353	57	23	222
0	84	7	0	2	0	0	54	0	0	0	0	109	0	3	4	2	0	228	6	1	6	0	2	0	2	0	0	181	0	9	0	18	9	333	0	0	0	0	49	18	328	0	1	3	0	134	0	0	0	0	0	0	0	0	2	89	104	0	0	0	4	0	0	0	0	428	0	0	87	96	6	0	0
0	0	0	0	0	0	0	0	0	0	0	0	0	0	0	0	0	0	0	0	0	0	0	0	0	0	0	0	0	0	0	0	0	0	0	0	0	0	0	0	0	1	0	0	0	0	0	0	0	0	0	0	0	0	0	0	0	0	0	0	0	0	0	0	0	0	0	0	0	0	0	0	0	0
0	25	217	0	156	0	0	0	0	38	76	0	4	684	25	1	10	64	0	7	4	1	0	2	0	1	21	0	0	0	8	0	1	0	1	0	0	0	0	0	23	0	0	0	13	0	0	0	0	0	3	0	0	0	1	5	2	50	0	0	0	556	0	0	0	0	0	0	19	0	0	0	43	0
0	31	358	8	1327	0	2	1	0	171	143	0	31	1516	63	355	2	201	0	41	5	1	57	0	1	19	43	0	0	0	50	0	145	1	44	6	0	0	0	1	238	224	0	53	18	9	17	63	0	1	0	0	7	0	1	1	107	22	4	0	556	0	0	9	0	3	0	0	200	15	2	269	624	30
0	0	0	0	0	0	0	0	0	0	0	0	0	0	0	0	0	0	0	0	0	0	0	0	0	0	0	0	0	0	0	0	0	0	0	0	0	0	0	0	0	0	0	0	0	0	0	0	0	0	0	0	0	0	0	0	0	0	0	0	0	0	0	0	0	0	0	0	0	0	0	0	0	0
0	168	36	0	382	0	0	0	0	0	38	0	31	97	1	0	0	0	0	0	0	0	0	0	0	0	3	0	0	0	31	0	0	0	0	0	0	0	0	0	0	0	0	0	0	0	0	0	0	0	0	0	0	0	0	0	1	1	0	0	0	9	0	0	0	0	0	0	0	0	0	0	278	0
0	0	0	0	0	0	0	0	0	0	0	0	0	0	0	0	0	0	0	0	0	0	0	0	0	0	0	0	0	0	0	0	0	0	0	0	0	0	0	0	0	0	0	0	0	0	0	0	0	0	0	0	0	0	0	0	0	0	0	0	0	0	0	0	0	0	0	0	0	0	0	0	0	0
0	1	248	0	0	0	0	0	0	339	12	0	1	8	342	0	1	2	0	21	1	0	0	0	0	1	478	0	0	0	0	0	0	0	0	0	0	0	0	0	0	5	0	0	0	0	0	0	0	0	0	0	0	0	0	0	63	2	0	0	0	3	0	0	0	0	0	0	0	0	0	0	4	0
54	2	0	0	2	0	0	0	0	1	26	0	25	1	37	0	159	7	0	1	1	63	0	20	1	213	6	0	397	0	260	0	4	25	6	0	0	0	0	0	0	4	0	1	102	0	0	0	0	0	76	667	0	0	94	0	12	449	428	0	0	0	0	0	0	0	0	0	4	7	1	0	2	0
0	1	4	0	2	0	0	0	0	16	5	0	58	0	0	0	232	10	0	0	83	15	0	366	93	214	6	0	111	0	11	0	4	15	10	0	0	0	0	1	4	0	0	0	24	0	0	0	0	0	0	175	0	0	262	19	0	70	0	0	0	0	0	0	0	0	0	0	0	2	0	0	7	0
0	1	7	0	199	0	0	0	0	7	70	0	6	124	6	5	1	56	0	0	0	0	0	0	0	1	20	0	0	0	10	0	19	0	1	2	0	0	0	0	39	37	0	43	1	0	14	0	0	0	0	0	6	0	0	0	7	42	0	0	19	200	0	0	0	0	4	0	0	0	1	6	163	0
0	0	80	0	19	0	0	4	0	298	0	0	7	0	87	0	23	1	7	34	4	2	5	3	2	1	4	0	15	0	73	0	5	11	7	0	0	0	0	18	0	2	0	8	84	8	36	108	0	0	10	3	3	0	9	447	168	17	87	0	0	15	0	0	0	0	7	2	0	0	16	2	1	39
0	263	23	8	54	0	0	162	0	0	44	0	737	2	1	0	98	2	21	52	79	1	0	50	1	217	12	0	197	0	3	0	180	214	3	0	0	0	0	386	3	7	0	0	15	1	0	0	0	0	0	346	0	0	7	5	19	353	96	0	0	2	0	0	0	0	1	0	1	16	0	0	1	0
0	5	151	0	342	0	0	0	0	54	11	0	303	319	18	0	15	22	0	2	0	1	0	6	0	8	13	0	13	0	8	0	3	85	0	0	0	0	0	57	12	9	0	0	5	0	0	0	0	0	0	7	3	0	0	2	9	57	6	0	0	269	0	0	0	0	0	0	6	2	0	0	138	0
0	67	46	4	1437	0	5	0	0	0	306	0	47	78	11	329	2	56	1	4	3	2	2	1	1	2	6	0	0	0	3	0	20	907	0	32	0	0	0	9	26	99	0	28	2	23	16	5	0	0	0	0	3	0	4	2	13	23	0	0	43	624	0	278	0	4	2	7	163	1	1	138	0	0
0	0	0	1	1	0	0	0	0	0	0	0	10	0	3	0	12	3	0	10	1	8	0	6	0	7	1	0	2	0	232	0	0	0	0	0	0	0	0	2	3	0	0	1	28	0	0	0	0	0	63	9	0	0	1	0	73	222	0	0	0	30	0	0	0	0	0	0	0	39	0	0	0	0
