0	0	0	0	0	8	0	0	0	1	0	0	0	0	0	0	6	0	10	0	3	165	0	150	20	3	0	0	29	0	16	0	2	0	41	0	0	0	0	3	0	0	0	0	6	0	0	0	0	2	0	107	1	0	143	0	0	16	0	0	1	0	0	0	0	0	12	132	0	0	0	0	0	0
0	0	24	3	122	0	0	69	0	11	0	0	91	44	0	0	19	1	1	14	1	4	11	1	0	0	0	0	3	11	16	3	11	93	10	1	0	31	0	54	0	59	0	84	3	74	0	0	0	8	0	0	1	0	7	2	24	9	55	0	54	126	0	58	0	8	6	32	10	26	49	9	38	15
0	24	0	0	0	28	0	0	2	484	0	0	8	183	101	0	8	16	0	18	8	0	0	0	0	3	8	0	56	8	0	8	0	0	0	0	0	0	0	0	0	0	0	0	2	0	0	0	0	0	0	0	0	0	0	0	124	0	10	0	0	0	0	0	0	19	0	0	1	0	0	24	19	11
0	3	0	0	0	0	0	0	2	1	0	0	0	4	5	0	0	0	0	3	0	0	0	0	0	0	7	0	0	786	4	9	0	1	0	0	0	0	0	0	0	0	0	0	0	0	0	0	0	0	0	0	0	0	0	0	0	0	0	0	0	0	0	0	0	5	0	0	0	0	0	3	1	0
0	122	0	0	0	0	0	0	0	31	4	0	236	29	2	0	0	20	0	13	1	0	0	0	0	0	0	0	0	87	0	8	0	1658	0	0	0	0	0	0	0	0	0	2	0	0	0	0	0	0	0	0	0	0	0	0	2	0	0	0	0	11	0	0	0	0	0	0	0	0	0	104	25	0
8	0	28	0	0	0	0	1	0	202	0	0	7	0	0	0	1342	47	215	8	804	104	12	87	57	731	0	0	343	0	50	0	238	137	395	0	0	5	0	640	0	2	0	26	600	0	0	0	0	0	190	0	279	0	193	54	170	258	0	0	0	0	0	0	0	0	111	213	0	129	56	3	5	316
0	0	0	0	0	0	0	0	0	0	0	0	0	0	0	0	0	0	0	0	0	0	0	0	0	0	0	0	0	3	0	0	0	0	0	0	0	0	0	0	0	0	0	0	0	0	0	0	0	0	0	0	0	0	0	0	0	0	0	0	0	0	0	0	0	0	0	0	0	0	0	0	0	0
0	69	0	0	0	1	0	0	0	0	0	0	576	0	0	0	241	0	6	176	113	0	0	0	0	4	0	0	10	0	0	141	8	144	0	0	0	0	0	0	0	0	0	0	0	0	0	0	0	0	0	0	0	0	0	0	0	0	30	0	0	0	0	0	0	0	0	0	0	0	0	53	0	0
0	0	2	2	0	0	0	0	0	1	0	0	0	2	0	0	0	0	1	0	0	0	0	0	0	0	0	0	2	0	0	0	0	0	1	0	0	0	0	1	0	1	0	0	0	0	0	0	0	4	0	0	0	0	0	0	16	0	0	0	0	6	0	0	0	0	0	0	0	0	1	0	0	0
1	11	484	1	31	202	0	0	1	0	0	0	2	38	262	0	5	124	184	5	2	0	3	0	0	4	3	0	0	14	168	0	7	0	1	173	0	17	0	1	0	203	0	504	0	0	0	0	0	9	95	0	559	0	0	0	469	6	3	0	31	90	0	2	0	315	1	17	0	423	1	32	24	1
0	0	0	0	4	0	0	0	0	0	0	0	0	0	0	0	0	0	0	48	0	0	0	0	0	0	0	0	0	0	0	0	0	0	0	0	0	0	0	0	0	2	0	0	0	0	0	0	0	0	0	0	0	0	0	0	0	0	0	0	0	14	0	0	0	0	0	0	0	0	0	6	0	0
0	0	0	0	0	0	0	0	0	0	0	0	0	0	0	0	0	0	0	0	0	0	0	0	0	0	0	0	0	0	0	0	0	0	0	0	0	0	0	0	0	0	0	0	0	0	0	0	0	0	0	0	0	0	0	0	0	0	0	0	0	0	0	0	0	0	0	0	0	0	0	0	0	0
0	91	8	0	236	7	0	576	0	2	0	0	0	5	6	1	112	1	148	203	141	1	18	0	1	8	0	0	44	0	1	159	572	3442	69	0	0	7	0	844	0	3	0	2	3	260	0	0	0	21	0	0	0	0	18	20	52	29	58	0	5	5	0	2	0	7	3	4	0	73	384	151	3	1
0	44	183	4	29	0	0	0	2	38	0	0	5	0	2	0	0	2	4	5	1	0	22	0	0	1	0	0	0	0	52	15	5	17	2	44	0	327	0	2	0	268	0	324	2	1	0	0	0	0	0	0	0	0	0	34	27	6	7	0	585	1238	0	41	0	22	0	15	0	1	0	144	68	0
0	0	101	5	2	0	0	0	0	262	0	0	6	2	0	0	5	23	46	1	0	0	16	15	16	0	2	0	1	0	7	0	3	1	4	232	0	10	0	4	0	134	0	156	0	0	0	0	0	0	0	0	0	0	0	0	133	20	0	0	5	5	0	0	0	130	6	33	0	2	0	3	3	3
0	0	0	0	0	0	0	0	0	0	0	0	1	0	0	0	0	0	0	0	0	0	0	0	0	0	0	0	0	0	0	0	0	8	0	0	0	0	0	0	0	0	0	0	0	0	0	0	0	0	0	0	0	0	0	0	0	0	0	0	0	0	0	0	0	0	0	0	0	0	0	0	1	0
6	19	8	0	0	1342	0	241	0	5	0	0	112	0	5	0	0	6	214	2	1576	92	4	50	0	868	0	0	62	0	13	0	413	288	74	4	0	19	0	833	0	0	0	4	288	14	0	0	0	0	0	56	62	0	162	32	14	198	43	0	18	3	0	0	5	0	177	355	0	4	105	57	5	42
0	1	16	0	20	47	0	0	0	124	0	0	1	2	23	0	6	0	0	0	0	0	3	0	0	0	0	0	0	3	14	0	12	4	1	6	0	44	0	1	0	3	0	131	2	32	0	0	0	877	1	0	39	0	0	0	8	13	0	0	35	49	0	0	0	2	0	0	11	1	2	4	19	5
10	1	0	0	0	215	0	6	1	184	0	0	148	4	46	0	214	0	0	80	226	24	6	0	0	186	0	0	468	7	35	0	32	136	22	0	0	6	0	20	0	76	0	4	4	0	0	0	0	0	2	3	28	0	2	39	274	20	272	0	0	0	0	0	0	6	36	130	0	10	36	1	0	625
0	14	18	3	13	8	0	176	0	5	48	0	203	5	1	0	2	0	80	0	138	45	44	0	29	67	0	0	32	0	17	2	196	299	64	1	0	13	0	324	0	21	0	1	34	6	0	0	0	0	2	0	25	0	22	30	105	118	115	0	27	10	0	0	0	33	127	17	2	90	304	46	5	0
3	1	8	0	1	804	0	113	0	2	0	0	141	1	0	0	1576	0	226	138	0	29	2	5	0	955	0	0	131	2	5	0	907	440	117	1	0	5	0	951	0	4	0	10	207	37	0	0	0	0	0	17	41	0	113	72	13	149	8	0	3	4	0	2	0	0	19	249	0	27	442	9	1	11
165	4	0	0	0	104	0	0	0	0	0	0	1	0	0	0	92	0	24	45	29	0	0	0	84	107	0	0	36	0	117	0	1	120	0	0	0	0	0	0	0	0	0	0	156	0	0	0	0	0	10	350	0	0	0	1	10	0	8	0	0	0	0	0	0	0	0	0	0	0	0	4	1	88
0	11	0	0	0	12	0	0	0	3	0	0	18	22	16	0	4	3	6	44	2	0	0	0	0	2	0	0	27	0	4	0	0	13	0	0	0	0	0	0	0	0	0	0	0	0	0	0	0	0	0	3	0	0	0	73	8	0	0	0	0	0	0	0	0	0	0	0	0	0	0	4	0	2
150	1	0	0	0	87	0	0	0	0	0	0	0	0	15	0	50	0	0	0	5	0	0	0	613	3	0	0	0	3	6	0	0	1	0	0	0	0	0	0	0	0	0	0	62	0	0	0	0	0	0	508	0	0	0	112	13	0	0	0	0	0	0	0	0	0	0	0	0	0	0	1	0	0
20	0	0	0	0	57	0	0	0	0	0	0	1	0	16	0	0	0	0	29	0	84	0	613	0	0	0	0	0	0	6	0	1	5	2	0	0	0	0	0	0	0	0	2	44	0	0	0	0	0	1	26	23	0	65	96	0	0	0	0	0	0	0	0	0	0	0	90	0	1	0	0	1	0
3	0	3	0	0	731	0	4	0	4	0	0	8	1	0	0	868	0	186	67	955	107	2	3	0	0	0	0	58	1	5	0	627	47	91	0	0	3	0	529	0	0	0	1	245	5	0	0	0	0	0	33	62	0	163	15	22	158	1	0	0	1	0	0	0	0	182	194	0	10	318	4	8	4
0	0	8	7	0	0	0	0	0	3	0	0	0	0	2	0	0	0	0	0	0	0	0	0	0	0	0	0	0	523	0	0	0	0	0	6	0	0	0	0	0	0	0	3	0	0	0	0	0	0	0	0	0	0	0	0	0	0	0	0	1	0	0	0	0	16	0	0	0	0	0	0	0	0
0	0	0	0	0	0	0	0	0	0	0	0	0	0	0	0	0	0	0	0	0	0	0	0	0	0	0	0	0	0	0	0	0	0	0	0	0	0	0	0	0	0	0	0	0	0	0	0	0	0	0	0	0	0	0	0	0	0	0	0	0	0	0	0	0	0	0	0	0	0	0	0	0	0
29	3	56	0	0	343	0	10	2	0	0	0	44	0	1	0	62	0	468	32	131	36	27	0	0	58	0	0	0	2	2	2	197	62	300	0	0	247	0	432	0	0	0	0	34	2	0	0	0	0	0	16	0	0	8	125	21	211	231	0	0	0	0	0	0	0	173	296	0	1	14	3	1	3
0	11	8	786	87	0	3	0	0	14	0	0	0	0	0	0	0	3	7	0	2	0	0	3	0	1	523	0	2	0	11	6	0	10	6	1899	0	10	0	0	0	0	0	16	0	0	0	0	0	0	0	1	9	0	1	0	0	1	0	0	12	1	0	0	0	2745	10	4	0	0	1	62	79	1
16	16	0	4	0	50	0	0	0	168	0	0	1	52	7	0	13	14	35	17	5	117	4	6	6	5	0	0	2	11	0	0	0	8	0	0	0	13	0	7	0	0	0	102	53	0	0	0	0	0	221	0	98	0	210	0	349	18	2	0	0	2	0	2	0	0	232	12	0	6	0	16	0	634
0	3	8	9	8	0	0	141	0	0	0	0	159	15	0	0	0	0	0	2	0	0	0	0	0	0	0	0	2	6	0	0	1	564	2	0	0	0	0	0	0	19	0	14	0	484	0	0	0	0	0	0	0	0	0	0	0	0	0	0	6	248	0	378	0	0	0	0	174	10	0	14	4	0
2	11	0	0	0	238	0	8	0	7	0	0	572	5	3	0	413	12	32	196	907	1	0	0	1	627	0	0	197	0	0	1	0	68	23	0	0	6	0	51	0	0	0	2	3	3	0	0	0	0	0	1	0	0	4	3	6	9	12	0	1	9	0	0	0	1	1	7	0	1	21	5	4	3
0	93	0	1	1658	137	0	144	0	0	0	0	3442	17	1	8	288	4	136	299	440	120	13	1	5	47	0	0	62	10	8	564	68	0	138	0	0	6	0	1943	0	0	0	5	1	617	0	0	0	185	10	4	0	0	313	3	37	479	53	0	1	6	0	2	0	42	251	75	0	387	551	210	20	6
41	10	0	0	0	395	0	0	1	1	0	0	69	2	4	0	74	1	22	64	117	0	0	0	2	91	0	0	300	6	0	2	23	138	0	0	0	0	0	0	0	0	0	0	2	0	0	0	0	0	0	3	0	0	0	0	15	0	264	0	0	10	0	0	0	0	0	0	0	0	0	9	2	1
0	1	0	0	0	0	0	0	0	173	0	0	0	44	232	0	4	6	0	1	1	0	0	0	0	0	6	0	0	1899	0	0	0	0	0	0	0	0	0	0	0	0	0	0	0	0	0	0	0	0	1	0	0	0	0	0	2	0	0	0	0	0	0	0	0	6	0	0	0	0	0	1	7	21
0	0	0	0	0	0	0	0	0	0	0	0	0	0	0	0	0	0	0	0	0	0	0	0	0	0	0	0	0	0	0	0	0	0	0	0	0	0	0	0	0	0	0	0	0	0	0	0	0	0	0	0	0	0	0	0	0	0	0	0	0	0	0	0	0	0	0	0	0	0	0	0	0	0
0	31	0	0	0	5	0	0	0	17	0	0	7	327	10	0	19	44	6	13	5	0	0	0	0	3	0	0	247	10	13	0	6	6	0	0	0	0	0	0	0	0	0	2	2	0	0	0	0	0	0	0	0	0	0	9	3	0	74	0	0	2	0	0	0	0	0	0	2	0	0	30	30	0
0	0	0	0	0	0	0	0	0	0	0	0	0	0	0	0	0	0	0	0	0	0	0	0	0	0	0	0	0	0	0	0	0	0	0	0	0	0	0	0	0	0	0	0	0	0	0	0	0	0	0	0	0	0	0	0	0	0	0	0	0	0	0	0	0	0	0	0	0	0	0	0	0	0
3	54	0	0	0	640	0	0	1	1	0	0	844	2	4	0	833	1	20	324	951	0	0	0	0	529	0	0	432	0	7	0	51	1943	0	0	0	0	0	0	0	0	0	0	6	0	0	0	0	0	0	18	0	0	0	2	7	0	54	0	0	0	0	0	0	1	0	0	0	4	0	17	1	19
0	0	0	0	0	0	0	0	0	0	0	0	0	0	0	0	0	0	0	0	0	0	0	0	0	0	0	0	0	0	0	0	0	0	0	0	0	0	0	0	0	0	0	0	0	0	0	0	0	0	0	0	0	0	0	0	0	0	0	0	0	0	0	0	0	0	0	0	0	0	0	0	0	0
0	59	0	0	0	2	0	0	1	203	2	0	3	268	134	0	0	3	76	21	4	0	0	0	0	0	0	0	0	0	0	19	0	0	0	0	0	0	0	0	0	0	0	4	0	0	0	0	0	0	0	0	0	0	0	0	14	0	154	0	0	1	0	0	0	0	0	0	1	0	0	59	9	2
0	0	0	0	0	0	0	0	0	0	0	0	0	0	0	0	0	0	0	0	0	0	0	0	0	0	0	0	0	0	0	0	0	0	0	0	0	0	0	0	0	0	0	0	0	0	0	0	0	0	0	0	0	0	0	0	0	0	0	0	0	0	0	0	0	0	0	0	0	0	0	0	0	0
0	84	0	0	2	26	0	0	0	504	0	0	2	324	156	0	4	131	4	1	10	0	0	0	2	1	3	0	0	16	102	14	2	5	0	0	0	2	0	0	0	4	0	0	0	0	0	0	0	0	20	0	0	0	0	0	131	0	0	0	2	10	0	0	0	2	0	0	1	1	0	84	52	370
6	3	2	0	0	600	0	0	0	0	0	0	3	2	0	0	288	2	4	34	207	156	0	62	44	245	0	0	34	0	53	0	3	1	2	0	0	2	0	6	0	0	0	0	428	3	0	0	0	0	170	23	206	0	181	9	78	1	0	0	0	2	0	0	0	0	14	14	0	2	4	3	1	60
0	74	0	0	0	0	0	0	0	0	0	0	260	1	0	0	14	32	0	6	37	0	0	0	0	5	0	0	2	0	0	484	3	617	0	0	0	0	0	0	0	0	0	0	3	0	0	0	0	0	0	0	0	0	0	0	2	0	0	0	0	8	0	0	0	0	0	0	0	0	0	59	5	0
0	0	0	0	0	0	0	0	0	0	0	0	0	0	0	0	0	0	0	0	0	0	0	0	0	0	0	0	0	0	0	0	0	0	0	0	0	0	0	0	0	0	0	0	0	0	0	0	0	0	0	0	0	0	0	0	0	0	0	0	0	0	0	0	0	0	0	0	0	0	0	0	0	0
0	0	0	0	0	0	0	0	0	0	0	0	0	0	0	0	0	0	0	0	0	0	0	0	0	0	0	0	0	0	0	0	0	0	0	0	0	0	0	0	0	0	0	0	0	0	0	0	0	0	0	0	0	0	0	0	0	0	0	0	0	3	0	0	0	0	0	0	0	0	0	0	0	0
0	0	0	0	0	0	0	0	0	0	0	0	0	0	0	0	0	0	0	0	0	0	0	0	0	0	0	0	0	0	0	0	0	0	0	0	0	0	0	0	0	0	0	0	0	0	0	0	0	0	0	0	0	0	0	0	0	0	0	0	0	0	0	0	0	0	0	0	0	0	0	0	0	0
2	8	0	0	0	0	0	0	4	9	0	0	21	0	0	0	0	877	0	0	0	0	0	0	0	0	0	0	0	0	0	0	0	185	0	0	0	0	0	0	0	0	0	0	0	0	0	0	0	0	0	0	0	0	0	0	3	0	0	0	0	0	0	0	0	0	0	0	0	0	0	8	3	0
0	0	0	0	0	190	0	0	0	95	0	0	0	0	0	0	0	1	2	2	0	10	0	0	1	0	0	0	0	0	221	0	0	10	0	1	0	0	0	0	0	0	0	20	170	0	0	0	0	0	0	1	119	0	14	0	35	1	0	0	0	0	0	0	0	0	1	0	0	22	0	0	0	247
107	0	0	0	0	0	0	0	0	0	0	0	0	0	0	0	56	0	3	0	17	350	3	508	26	33	0	0	16	1	0	0	1	4	3	0	0	0	0	18	0	0	0	0	23	0	0	0	0	0	1	0	0	0	364	5	1	0	1	0	0	0	0	0	0	0	14	288	0	0	1	1	0	1
1	1	0	0	0	279	0	0	0	559	0	0	0	0	0	0	62	39	28	25	41	0	0	0	23	62	0	0	0	9	98	0	0	0	0	0	0	0	0	0	0	0	0	0	206	0	0	0	0	0	119	0	0	0	0	0	266	0	0	0	0	0	0	0	0	0	0	0	0	2	0	1	0	624
0	0	0	0	0	0	0	0	0	0	0	0	0	0	0	0	0	0	0	0	0	0	0	0	0	0	0	0	0	0	0	0	0	0	0	0	0	0	0	0	0	0	0	0	0	0	0	0	0	0	0	0	0	0	0	0	0	0	0	0	0	0	0	0	0	0	0	0	0	0	0	0	0	0
143	7	0	0	0	193	0	0	0	0	0	0	18	0	0	0	162	0	2	22	113	0	0	0	65	163	0	0	8	1	210	0	4	313	0	0	0	0	0	0	0	0	0	0	181	0	0	0	0	0	14	364	0	0	0	87	1	0	4	0	0	0	0	0	0	0	0	0	0	0	0	7	0	9
0	2	0	0	0	54	0	0	0	0	0	0	20	34	0	0	32	0	39	30	72	1	73	112	96	15	0	0	125	0	0	0	3	3	0	0	0	9	0	2	0	0	0	0	9	0	0	0	0	0	0	5	0	0	87	0	103	0	0	0	0	1	0	0	0	0	0	12	0	25	3	2	0	2
0	24	124	0	2	170	0	0	16	469	0	0	52	27	133	0	14	8	274	105	13	10	8	13	0	22	0	0	21	0	349	0	6	37	15	2	0	3	0	7	0	14	0	131	78	2	0	0	0	3	35	1	266	0	1	103	0	15	76	0	7	20	0	0	0	18	9	2	0	238	12	23	4	222
16	9	0	0	0	258	0	0	0	6	0	0	29	6	20	0	198	13	20	118	149	0	0	0	0	158	0	0	211	1	18	0	9	479	0	0	0	0	0	0	0	0	0	0	1	0	0	0	0	0	1	0	0	0	0	0	15	0	236	0	0	4	0	0	0	1	0	0	0	3	0	9	4	379
0	55	10	0	0	0	0	30	0	3	0	0	58	7	0	0	43	0	272	115	8	8	0	0	0	1	0	0	231	0	2	0	12	53	264	0	0	74	0	54	0	154	0	0	0	0	0	0	0	0	0	1	0	0	4	0	76	236	0	0	22	2	0	0	0	18	406	20	0	226	48	85	7	24
0	0	0	0	0	0	0	0	0	0	0	0	0	0	0	0	0	0	0	0	0	0	0	0	0	0	0	0	0	0	0	0	0	0	0	0	0	0	0	0	0	0	0	0	0	0	0	0	0	0	0	0	0	0	0	0	0	0	0	0	0	0	0	0	0	0	0	0	0	0	0	0	0	0
1	54	0	0	0	0	0	0	0	31	0	0	5	585	5	0	18	35	0	27	3	0	0	0	0	0	1	0	0	12	0	6	1	1	0	0	0	0	0	0	0	0	0	2	0	0	0	0	0	0	0	0	0	0	0	0	7	0	22	0	0	11	0	0	0	0	0	0	0	0	0	54	24	2
0	126	0	0	11	0	0	0	6	90	14	0	5	1238	5	0	3	49	0	10	4	0	0	0	0	1	0	0	0	1	2	248	9	6	10	0	0	2	0	0	0	1	0	10	2	8	0	3	0	0	0	0	0	0	0	1	20	4	2	0	11	0	0	0	0	11	0	0	3	0	0	131	37	28
0	0	0	0	0	0	0	0	0	0	0	0	0	0	0	0	0	0	0	0	0	0	0	0	0	0	0	0	0	0	0	0	0	0	0	0	0	0	0	0	0	0	0	0	0	0	0	0	0	0	0	0	0	0	0	0	0	0	0	0	0	0	0	0	0	0	0	0	0	0	0	0	0	0
0	58	0	0	0	0	0	0	0	2	0	0	2	41	0	0	0	0	0	0	2	0	0	0	0	0	0	0	0	0	2	378	0	2	0	0	0	0	0	0	0	0	0	0	0	0	0	0	0	0	0	0	0	0	0	0	0	0	0	0	0	0	0	0	0	0	0	0	0	0	0	52	0	0
0	0	0	0	0	0	0	0	0	0	0	0	0	0	0	0	5	0	0	0	0	0	0	0	0	0	0	0	0	0	0	0	0	0	0	0	0	0	0	0	0	0	0	0	0	0	0	0	0	0	0	0	0	0	0	0	0	0	0	0	0	0	0	0	0	0	0	0	0	0	0	0	0	0
0	8	19	5	0	0	0	0	0	315	0	0	7	22	130	0	0	2	6	33	0	0	0	0	0	0	16	0	0	2745	0	0	1	42	0	6	0	0	0	1	0	0	0	2	0	0	0	0	0	0	0	0	0	0	0	0	18	1	18	0	0	11	0	0	0	0	0	0	0	0	1	8	0	2
12	6	0	0	0	111	0	0	0	1	0	0	3	0	6	0	177	0	36	127	19	0	0	0	0	182	0	0	173	10	232	0	1	251	0	0	0	0	0	0	0	0	0	0	14	0	0	0	0	0	1	14	0	0	0	0	9	0	406	0	0	0	0	0	0	0	0	0	0	0	0	6	1	109
132	32	0	0	0	213	0	0	0	17	0	0	4	15	33	0	355	0	130	17	249	0	0	0	90	194	0	0	296	4	12	0	7	75	0	0	0	0	0	0	0	0	0	0	14	0	0	0	0	0	0	288	0	0	0	12	2	0	20	0	0	0	0	0	0	0	0	0	0	0	0	32	2	472
0	10	1	0	0	0	0	0	0	0	0	0	0	0	0	0	0	11	0	2	0	0	0	0	0	0	0	0	0	0	0	174	0	0	0	0	0	2	0	0	0	1	0	1	0	0	0	0	0	0	0	0	0	0	0	0	0	0	0	0	0	3	0	0	0	0	0	0	0	0	0	11	9	0
0	26	0	0	0	129	0	0	0	423	0	0	73	1	2	0	4	1	10	90	27	0	0	0	1	10	0	0	1	0	6	10	1	387	0	0	0	0	0	4	0	0	0	1	2	0	0	0	0	0	22	0	2	0	0	25	238	3	226	0	0	0	0	0	0	0	0	0	0	0	4	16	2	15
0	49	0	0	0	56	0	0	1	1	0	0	384	0	0	0	105	2	36	304	442	0	0	0	0	318	0	0	14	1	0	0	21	551	0	0	0	0	0	0	0	0	0	0	4	0	0	0	0	0	0	1	0	0	0	3	12	0	48	0	0	0	0	0	0	1	0	0	0	4	0	44	0	25
0	9	24	3	104	3	0	53	0	32	6	0	151	144	3	0	57	4	1	46	9	4	4	1	0	4	0	0	3	62	16	14	5	210	9	1	0	30	0	17	0	59	0	84	3	59	0	0	0	8	0	1	1	0	7	2	23	9	85	0	54	131	0	52	0	8	6	32	11	16	44	0	83	36
0	38	19	1	25	5	0	0	0	24	0	0	3	68	3	1	5	19	0	5	1	1	0	0	1	8	0	0	1	79	0	4	4	20	2	7	0	30	0	1	0	9	0	52	1	5	0	0	0	3	0	0	0	0	0	0	4	4	7	0	24	37	0	0	0	0	1	2	9	2	0	83	0	0
0	15	11	0	0	316	0	0	0	1	0	0	1	0	3	0	42	5	625	0	11	88	2	0	0	4	0	0	3	1	634	0	3	6	1	21	0	0	0	19	0	2	0	370	60	0	0	0	0	0	247	1	624	0	9	2	222	379	24	0	2	28	0	0	0	2	109	472	0	15	25	36	0	0
