0	17	0	0	3	0	0	0	0	3	0	0	0	0	8	6	44	0	23	0	12	383	7	235	56	8	0	0	30	0	18	0	4	10	198	21	0	0	20	45	2	2	2	0	251	10	0	0	0	0	6	267	16	0	555	36	1	40	4	0	0	0	0	1	0	0	279	455	0	0	4	0	4	24
17	0	13	2	1236	0	1	147	3	2	344	0	484	10	3	309	280	0	85	40	95	110	1	0	1	61	6	0	23	0	3	0	380	739	59	7	0	0	23	1286	15	14	462	0	28	282	16	0	0	0	0	6	71	0	86	11	191	178	154	0	1	9	0	196	0	0	2	88	70	22	595	596	1322	23
0	13	0	0	48	0	1	0	19	630	24	0	0	160	173	9	3	110	1	54	22	0	12	0	0	6	486	0	5	182	63	0	14	0	10	150	0	0	6	6	412	49	18	253	0	2	75	113	0	0	0	2	10	0	1	3	425	45	77	0	33	253	0	34	0	0	1	0	3	267	24	56	25	1
0	2	0	0	0	0	0	0	0	83	0	0	0	2	2	0	0	0	0	0	0	0	0	1	0	1	30	0	0	20	14	0	1	6	0	1	0	0	0	0	1	0	0	0	0	0	0	0	0	0	21	0	0	0	1	0	1	0	0	0	0	5	0	0	0	0	0	0	0	0	1	0	0	2
3	1236	48	0	0	0	1	0	14	14	423	0	127	52	56	77	20	1	2	1	12	0	3	0	0	3	4	0	1	12	4	0	5	99	1	19	0	0	7	154	8	130	10	29	0	7	2	2	0	0	0	0	0	0	10	1	15	78	9	0	2	969	0	120	0	0	0	0	4	8	13	107	766	0
0	0	0	0	0	0	0	0	0	0	0	0	0	0	0	0	0	0	0	0	0	0	0	0	0	0	0	0	0	0	0	0	0	0	0	0	0	0	0	0	0	0	0	0	0	0	0	0	0	0	0	0	0	0	0	0	0	0	0	0	0	0	0	0	0	0	0	0	0	0	0	0	0	0
0	1	1	0	1	0	0	0	0	0	17	0	0	1	15	0	3	23	0	0	0	0	0	0	0	9	3	0	2	322	0	0	0	0	2	188	0	0	0	0	158	0	0	60	0	0	0	0	0	0	0	61	5	0	0	0	3	2	0	0	0	7	0	0	0	0	0	0	0	0	0	0	7	0
0	147	0	0	0	0	0	0	0	0	0	0	19	1	0	0	15	0	0	6	91	0	0	0	0	1	0	0	0	0	0	0	12	0	12	0	0	0	0	26	0	0	1	0	0	0	0	0	0	0	0	0	1	0	0	1	2	18	14	0	0	1	0	0	0	0	0	0	0	0	0	0	0	0
0	3	19	0	14	0	0	0	0	0	0	0	0	3	0	0	0	13	1	0	6	0	0	0	0	0	0	0	6	1	0	0	3	0	5	17	0	0	3	7	0	0	2	2	0	0	1	0	0	4	0	3	0	0	0	0	15	21	2	0	8	39	0	7	0	0	0	0	0	7	6	8	4	0
3	2	630	83	14	0	0	0	0	0	11	0	0	17	346	2	13	46	151	88	9	0	3	1	0	18	9	0	0	13	217	0	4	0	0	215	0	0	0	1	238	132	7	352	5	2	5	325	0	0	4	0	269	0	2	2	468	55	3	0	4	102	0	1	0	0	0	4	3	266	32	24	9	0
0	344	24	0	423	0	17	0	0	11	0	0	1	548	5	78	8	37	1	3	2	0	0	0	0	0	1	0	0	0	0	0	2	52	1	17	0	0	0	1	49	254	6	151	0	0	6	8	0	0	0	1	0	0	1	0	39	14	36	0	91	1196	0	80	0	0	1	1	120	53	2	221	803	0
0	0	0	0	0	0	0	0	0	0	0	0	0	0	0	0	0	0	0	0	0	0	0	0	0	0	0	0	0	0	0	0	0	0	0	0	0	0	0	0	0	0	0	0	0	0	0	0	0	0	0	0	0	0	0	0	0	0	0	0	0	0	0	0	0	0	0	0	0	0	0	0	0	0
0	484	0	0	127	0	0	19	0	0	1	0	0	1	0	22	214	0	1	5	108	74	0	0	0	7	0	0	0	0	2	0	215	207	41	0	0	0	0	238	1	0	0	0	0	107	0	0	0	0	0	0	0	0	3	1	13	9	83	0	0	2	0	1	0	0	0	3	0	1	210	170	2	0
0	10	160	2	52	0	1	1	3	17	548	0	1	0	10	7	5	11	2	0	26	1	0	0	0	0	7	0	8	1	3	0	2	6	11	67	0	0	35	24	22	74	11	169	33	1	107	4	0	0	0	0	0	0	14	65	70	42	61	0	167	1370	0	22	0	0	1	1	11	10	6	96	40	4
8	3	173	2	56	0	15	0	0	346	5	0	0	10	0	30	5	18	141	6	22	0	0	2	0	3	19	0	1	1	2	0	0	2	3	330	0	0	1	3	94	235	126	370	0	2	14	89	0	0	0	0	138	0	3	0	170	104	36	0	0	19	0	3	0	0	1	15	74	62	38	31	7	2
6	309	9	0	77	0	0	0	0	2	78	0	22	7	30	0	20	0	0	0	2	0	0	0	0	16	1	0	3	0	30	0	2	0	1	0	0	0	9	4	2	0	1	3	5	0	0	0	0	0	0	8	14	0	1	0	3	16	2	0	0	174	0	0	0	0	0	0	0	0	0	0	163	0
44	280	3	0	20	0	3	15	0	13	8	0	214	5	5	20	0	1	14	27	1072	348	2	11	1	854	9	0	169	1	23	0	606	158	264	1	0	0	525	825	74	2	11	34	226	34	19	0	0	1	0	576	609	0	396	13	41	106	18	0	36	115	0	1	0	0	257	295	15	15	352	54	20	7
0	0	110	0	1	0	23	0	13	46	37	0	0	11	18	0	1	0	0	17	4	0	46	0	0	27	1	0	0	50	106	0	26	1	1	38	0	0	0	0	82	5	1	90	1	0	34	59	0	429	1	19	49	0	0	0	26	34	0	0	11	226	0	0	0	0	1	3	30	22	110	65	63	2
23	85	1	0	2	0	0	0	1	151	1	0	1	2	141	0	14	0	0	9	10	17	0	100	13	12	0	0	218	0	100	0	13	0	66	1	0	0	0	3	1	0	70	2	86	0	0	0	0	0	0	13	230	0	2	231	120	288	558	0	0	4	0	0	0	0	0	0	0	12	0	0	1	1
0	40	54	0	1	0	0	6	0	88	3	0	5	0	6	0	27	17	9	0	35	16	0	175	70	42	0	0	122	0	64	0	161	21	48	0	0	0	81	244	5	2	6	0	73	0	1	14	0	0	0	42	174	0	128	233	92	11	59	0	0	4	0	1	0	0	5	19	14	38	22	12	4	6
12	95	22	0	12	0	0	91	6	9	2	0	108	26	22	2	1072	4	10	35	0	31	0	8	0	840	0	0	89	0	29	0	417	202	146	1	0	0	532	535	62	12	2	1	126	18	20	0	0	0	0	300	348	0	100	30	41	37	2	0	0	4	0	1	0	0	1	98	0	9	320	35	10	1
383	110	0	0	0	0	0	0	0	0	0	0	74	1	0	0	348	0	17	16	31	0	1	443	92	201	0	0	252	0	178	0	9	7	50	1	0	0	16	23	6	0	9	0	166	8	0	0	0	0	1	187	204	0	384	3	1	190	87	0	8	1	0	0	0	0	67	53	2	0	0	3	2	15
7	1	12	0	3	0	0	0	0	3	0	0	0	0	0	0	2	46	0	0	0	1	0	750	80	2	0	0	0	10	28	0	0	0	0	0	0	0	0	0	0	0	0	0	0	0	0	0	0	0	0	92	14	0	125	267	0	0	0	0	0	10	0	0	0	0	0	0	0	0	0	0	0	0
235	0	0	1	0	0	0	0	0	1	0	0	0	0	2	0	11	0	100	175	8	443	750	0	983	17	0	0	43	0	160	0	13	16	74	0	0	0	6	4	4	0	0	0	178	20	0	0	0	0	0	519	304	0	418	915	32	9	0	0	0	0	0	0	0	0	4	662	0	0	6	0	0	0
56	1	0	0	0	0	0	0	0	0	0	0	0	0	0	0	1	0	13	70	0	92	80	983	0	9	1	0	11	0	36	0	2	1	4	0	0	0	0	1	0	0	0	0	5	0	0	0	0	0	0	123	109	0	276	387	12	2	1	0	0	1	0	0	0	0	1	72	0	0	0	0	0	1
8	61	6	1	3	0	9	1	0	18	0	0	7	0	3	16	854	27	12	42	840	201	2	17	9	0	0	0	58	0	9	0	552	120	120	2	0	0	520	856	37	4	20	18	154	73	3	6	0	0	0	366	416	0	273	30	41	83	29	0	2	39	0	0	0	0	245	297	0	15	373	35	12	14
0	6	486	30	4	0	3	0	0	9	1	0	0	7	19	1	9	1	0	0	0	0	0	0	1	0	0	0	0	624	0	0	3	0	0	273	0	0	0	8	504	6	5	4	0	0	29	16	0	0	0	0	0	0	24	0	19	16	4	0	0	14	0	11	0	0	0	1	0	2	1	31	3	1
0	0	0	0	0	0	0	0	0	0	0	0	0	0	0	0	0	0	0	0	0	0	0	0	0	0	0	0	0	0	0	0	0	0	0	0	0	0	0	0	0	0	0	0	0	0	0	0	0	0	0	0	0	0	0	0	0	0	0	0	0	0	0	0	0	0	0	0	0	0	0	0	0	0
30	23	5	0	1	0	2	0	6	0	0	0	0	8	1	3	169	0	218	122	89	252	0	43	11	58	0	0	0	1	20	0	164	49	513	0	0	0	121	537	10	4	222	4	30	28	0	0	0	0	0	207	298	0	45	36	30	379	351	0	0	0	0	0	0	0	393	256	28	4	55	25	0	4
0	0	182	20	12	0	322	0	1	13	0	0	0	1	1	0	1	50	0	0	0	0	10	0	0	0	624	0	1	0	51	0	0	0	0	395	0	0	0	0	423	2	0	9	0	0	22	37	0	0	0	0	0	0	2	0	11	7	0	0	5	32	0	0	0	0	0	0	0	1	26	20	12	0
18	3	63	14	4	0	0	0	0	217	0	0	2	3	2	30	23	106	100	64	29	178	28	160	36	9	0	0	20	51	0	0	6	56	13	4	0	0	11	14	8	5	1	241	304	16	73	42	0	0	291	3	436	0	90	4	178	92	4	0	4	86	0	5	0	0	182	11	1	121	14	28	6	223
0	0	0	0	0	0	0	0	0	0	0	0	0	0	0	0	0	0	0	0	0	0	0	0	0	0	0	0	0	0	0	0	0	0	0	0	0	0	0	0	0	0	0	0	0	0	0	0	0	0	0	0	0	0	0	0	0	0	0	0	0	0	0	0	0	0	0	0	0	0	0	0	0	0
4	380	14	1	5	0	0	12	3	4	2	0	215	2	0	2	606	26	13	161	417	9	0	13	2	552	3	0	164	0	6	0	0	10	74	13	0	0	151	204	25	1	15	1	68	5	1	1	0	0	0	174	245	0	27	6	17	77	32	0	0	48	0	0	0	0	6	25	4	11	81	27	11	4
10	739	0	6	99	0	0	0	0	0	52	0	207	6	2	0	158	1	0	21	202	7	0	16	1	120	0	0	49	0	56	0	10	0	12	0	0	0	50	55	4	0	17	0	61	0	0	0	0	0	0	78	188	0	34	2	6	373	62	0	0	3	0	0	0	0	0	0	0	0	0	0	528	0
198	59	10	0	1	0	2	12	5	0	1	0	41	11	3	1	264	1	66	48	146	50	0	74	4	120	0	0	513	0	13	0	74	12	0	1	0	0	56	269	22	0	84	2	60	20	2	0	0	0	0	154	196	0	36	34	23	554	299	0	0	23	0	0	0	0	74	68	1	8	43	13	11	0
21	7	150	1	19	0	188	0	17	215	17	0	0	67	330	0	1	38	1	0	1	1	0	0	0	2	273	0	0	395	4	0	13	0	1	0	0	0	0	0	408	121	0	264	0	0	1	6	0	0	0	6	2	0	0	1	19	24	10	0	2	73	0	0	0	0	1	0	0	4	1	12	52	0
0	0	0	0	0	0	0	0	0	0	0	0	0	0	0	0	0	0	0	0	0	0	0	0	0	0	0	0	0	0	0	0	0	0	0	0	0	0	0	0	0	0	0	0	0	0	0	0	0	0	0	0	0	0	0	0	0	0	0	0	0	0	0	0	0	0	0	0	0	0	0	0	0	0
0	0	0	0	0	0	0	0	0	0	0	0	0	0	0	0	0	0	0	0	0	0	0	0	0	0	0	0	0	0	0	0	0	0	0	0	0	0	0	0	0	0	0	0	0	0	0	0	0	0	0	0	0	0	0	0	0	0	0	0	0	0	0	0	0	0	0	0	0	0	0	0	0	0
20	23	6	0	7	0	0	0	3	0	0	0	0	35	1	9	525	0	0	81	532	16	0	6	0	520	0	0	121	0	11	0	151	50	56	0	0	0	0	170	22	0	2	0	104	1	0	0	0	0	1	228	264	0	46	6	9	35	8	0	0	1	0	1	0	0	1	41	1	3	30	6	4	1
45	1286	6	0	154	0	0	26	7	1	1	0	238	24	3	4	825	0	3	244	535	23	0	4	1	856	8	0	537	0	14	0	204	55	269	0	0	0	170	0	17	2	76	1	260	22	10	0	0	0	0	202	431	0	124	9	19	70	254	0	0	2	0	0	0	0	2	20	2	5	148	40	6	4
2	15	412	1	8	0	158	0	0	238	49	0	1	22	94	2	74	82	1	5	62	6	0	4	0	37	504	0	10	423	8	0	25	4	22	408	0	0	22	17	0	2	7	371	69	3	1	266	0	0	0	60	36	0	18	11	25	49	1	0	7	147	0	0	0	0	0	8	9	1	4	14	35	1
2	14	49	0	130	0	0	0	0	132	254	0	0	74	235	0	2	5	0	2	12	0	0	0	0	4	6	0	4	2	5	0	1	0	0	121	0	0	0	2	2	0	10	154	0	0	54	1	0	0	0	2	0	0	1	0	24	329	731	0	0	328	0	0	0	0	33	0	9	1	1	1	74	0
2	462	18	0	10	0	0	1	2	7	6	0	0	11	126	1	11	1	70	6	2	9	0	0	0	20	5	0	222	0	1	0	15	17	84	0	0	0	2	76	7	10	0	5	0	0	22	0	0	0	0	1	2	0	9	4	79	415	305	0	4	13	0	1	0	0	75	3	19	12	3	18	3	0
0	0	253	0	29	0	60	0	2	352	151	0	0	169	370	3	34	90	2	0	1	0	0	0	0	18	4	0	4	9	241	0	1	0	2	264	0	0	0	1	371	154	5	0	1	0	0	41	0	0	1	56	115	0	12	0	97	230	2	0	0	418	0	0	0	0	1	0	7	3	0	42	66	3
251	28	0	0	0	0	0	0	0	5	0	0	0	33	0	5	226	1	86	73	126	166	0	178	5	154	0	0	30	0	304	0	68	61	60	0	0	0	104	260	69	0	0	1	0	0	2	0	0	0	1	141	136	0	299	37	157	21	0	0	17	4	0	0	0	0	86	69	19	32	44	16	0	24
10	282	2	0	7	0	0	0	0	2	0	0	107	1	2	0	34	0	0	0	18	8	0	20	0	73	0	0	28	0	16	0	5	0	20	0	0	0	1	22	3	0	0	0	0	0	0	0	0	0	0	14	32	0	9	4	8	113	412	0	0	6	0	0	0	0	0	0	0	3	0	0	53	0
0	16	75	0	2	0	0	0	1	5	6	0	0	107	14	0	19	34	0	1	20	0	0	0	0	3	29	0	0	22	73	0	1	0	2	1	0	0	0	10	1	54	22	0	2	0	0	0	0	0	0	0	0	0	2	2	11	32	670	0	0	26	0	0	0	0	0	0	0	23	0	0	23	0
0	0	113	0	2	0	0	0	0	325	8	0	0	4	89	0	0	59	0	14	0	0	0	0	0	6	16	0	0	37	42	0	1	0	0	6	0	0	0	0	266	1	0	41	0	0	0	0	0	0	0	3	49	0	0	1	105	24	2	0	0	50	0	0	0	0	0	1	0	18	0	0	15	0
0	0	0	0	0	0	0	0	0	0	0	0	0	0	0	0	0	0	0	0	0	0	0	0	0	0	0	0	0	0	0	0	0	0	0	0	0	0	0	0	0	0	0	0	0	0	0	0	0	0	0	0	0	0	0	0	0	0	0	0	0	0	0	0	0	0	0	0	0	0	0	0	0	0
0	0	0	0	0	0	0	0	4	0	0	0	0	0	0	0	1	429	0	0	0	0	0	0	0	0	0	0	0	0	0	0	0	0	0	0	0	0	0	0	0	0	0	0	0	0	0	0	0	0	0	0	0	0	0	0	0	0	0	0	0	0	0	0	0	0	0	0	0	0	0	0	0	0
6	0	0	21	0	0	0	0	0	4	0	0	0	0	0	0	0	1	0	0	0	1	0	0	0	0	0	0	0	0	291	0	0	0	0	0	0	0	1	0	0	0	0	1	1	0	0	0	0	0	0	0	5	0	0	0	0	7	2	0	0	0	0	0	0	0	0	0	0	0	0	0	0	1
267	6	2	0	0	0	61	0	3	0	1	0	0	0	0	8	576	19	13	42	300	187	92	519	123	366	0	0	207	0	3	0	174	78	154	6	0	0	228	202	60	2	1	56	141	14	0	3	0	0	0	0	563	0	310	55	43	22	0	0	1	11	0	0	0	0	115	257	1	2	4	26	1	10
16	71	10	0	0	0	5	1	0	269	0	0	0	0	138	14	609	49	230	174	348	204	14	304	109	416	0	0	298	0	436	0	245	188	196	2	0	0	264	431	36	0	2	115	136	32	0	49	0	0	5	563	0	0	268	30	213	442	12	0	1	5	0	1	0	0	212	114	11	138	68	27	2	225
0	0	0	0	0	0	0	0	0	0	0	0	0	0	0	0	0	0	0	0	0	0	0	0	0	0	0	0	0	0	0	0	0	0	0	0	0	0	0	0	0	0	0	0	0	0	0	0	0	0	0	0	0	0	0	0	0	0	0	0	0	0	0	0	0	0	0	0	0	0	0	0	0	0
555	86	1	1	10	0	0	0	0	2	1	0	3	14	3	1	396	0	2	128	100	384	125	418	276	273	24	0	45	2	90	0	27	34	36	0	0	0	46	124	18	1	9	12	299	9	2	0	0	0	0	310	268	0	0	390	24	90	23	0	1	37	0	1	0	0	74	155	2	1	1	14	18	0
36	11	3	0	1	0	0	1	0	2	0	0	1	65	0	0	13	0	231	233	30	3	267	915	387	30	0	0	36	0	4	0	6	2	34	1	0	0	6	9	11	0	4	0	37	4	2	1	0	0	0	55	30	0	390	0	271	39	108	0	0	0	0	0	0	0	1	15	0	141	1	3	1	2
1	191	425	1	15	0	3	2	15	468	39	0	13	70	170	3	41	26	120	92	41	1	0	32	12	41	19	0	30	11	178	0	17	6	23	19	0	0	9	19	25	24	79	97	157	8	11	105	0	0	0	43	213	0	24	271	0	199	468	0	1	195	0	1	0	0	13	1	10	183	9	22	53	26
40	178	45	0	78	0	2	18	21	55	14	0	9	42	104	16	106	34	288	11	37	190	0	9	2	83	16	0	379	7	92	0	77	373	554	24	0	0	35	70	49	329	415	230	21	113	32	24	0	0	7	22	442	0	90	39	199	0	1376	0	1	213	0	5	0	0	673	36	100	21	63	130	65	264
4	154	77	0	9	0	0	14	2	3	36	0	83	61	36	2	18	0	558	59	2	87	0	0	1	29	4	0	351	0	4	0	32	62	299	10	0	0	8	254	1	731	305	2	0	412	670	2	0	0	2	0	12	0	23	108	468	1376	0	0	12	52	0	110	0	0	1272	0	42	802	64	246	18	0
0	0	0	0	0	0	0	0	0	0	0	0	0	0	0	0	0	0	0	0	0	0	0	0	0	0	0	0	0	0	0	0	0	0	0	0	0	0	0	0	0	0	0	0	0	0	0	0	0	0	0	0	0	0	0	0	0	0	0	0	0	0	0	0	0	0	0	0	0	0	0	0	0	0
0	1	33	0	2	0	0	0	8	4	91	0	0	167	0	0	36	11	0	0	0	8	0	0	0	2	0	0	0	5	4	0	0	0	0	2	0	0	0	0	7	0	4	0	17	0	0	0	0	0	0	1	1	0	1	0	1	1	12	0	0	182	0	0	0	0	0	0	0	0	0	0	172	0
0	9	253	5	969	0	7	1	39	102	1196	0	2	1370	19	174	115	226	4	4	4	1	10	0	1	39	14	0	0	32	86	0	48	3	23	73	0	0	1	2	147	328	13	418	4	6	26	50	0	0	0	11	5	0	37	0	195	213	52	0	182	0	0	5	0	0	1	36	164	42	65	341	741	66
0	0	0	0	0	0	0	0	0	0	0	0	0	0	0	0	0	0	0	0	0	0	0	0	0	0	0	0	0	0	0	0	0	0	0	0	0	0	0	0	0	0	0	0	0	0	0	0	0	0	0	0	0	0	0	0	0	0	0	0	0	0	0	0	0	0	0	0	0	0	0	0	0	0
1	196	34	0	120	0	0	0	7	1	80	0	1	22	3	0	1	0	0	1	1	0	0	0	0	0	11	0	0	0	5	0	0	0	0	0	0	0	1	0	0	0	1	0	0	0	0	0	0	0	0	0	1	0	1	0	1	5	110	0	0	5	0	0	0	0	0	0	0	0	0	0	186	0
0	0	0	0	0	0	0	0	0	0	0	0	0	0	0	0	0	0	0	0	0	0	0	0	0	0	0	0	0	0	0	0	0	0	0	0	0	0	0	0	0	0	0	0	0	0	0	0	0	0	0	0	0	0	0	0	0	0	0	0	0	0	0	0	0	0	0	0	0	0	0	0	0	0
0	0	0	0	0	0	0	0	0	0	0	0	0	0	0	0	0	0	0	0	0	0	0	0	0	0	0	0	0	0	0	0	0	0	0	0	0	0	0	0	0	0	0	0	0	0	0	0	0	0	0	0	0	0	0	0	0	0	0	0	0	0	0	0	0	0	0	0	0	0	0	0	0	0
279	2	1	0	0	0	0	0	0	0	1	0	0	1	1	0	257	1	0	5	1	67	0	4	1	245	0	0	393	0	182	0	6	0	74	1	0	0	1	2	0	33	75	1	86	0	0	0	0	0	0	115	212	0	74	1	13	673	1272	0	0	1	0	0	0	0	0	0	0	2	0	0	3	0
455	88	0	0	0	0	0	0	0	4	1	0	3	1	15	0	295	3	0	19	98	53	0	662	72	297	1	0	256	0	11	0	25	0	68	0	0	0	41	20	8	0	3	0	69	0	0	1	0	0	0	257	114	0	155	15	1	36	0	0	0	36	0	0	0	0	0	0	0	1	1	1	0	0
0	70	3	0	4	0	0	0	0	3	120	0	0	11	74	0	15	30	0	14	0	2	0	0	0	0	0	0	28	0	1	0	4	0	1	0	0	0	1	2	9	9	19	7	19	0	0	0	0	0	0	1	11	0	2	0	10	100	42	0	0	164	0	0	0	0	0	0	0	1	0	0	120	0
0	22	267	0	8	0	0	0	7	266	53	0	1	10	62	0	15	22	12	38	9	0	0	0	0	15	2	0	4	1	121	0	11	0	8	4	0	0	3	5	1	1	12	3	32	3	23	18	0	0	0	2	138	0	1	141	183	21	802	0	0	42	0	0	0	0	2	1	1	0	3	2	8	2
4	595	24	1	13	0	0	0	6	32	2	0	210	6	38	0	352	110	0	22	320	0	0	6	0	373	1	0	55	26	14	0	81	0	43	1	0	0	30	148	4	1	3	0	44	0	0	0	0	0	0	4	68	0	1	1	9	63	64	0	0	65	0	0	0	0	0	1	0	3	0	1	31	0
0	596	56	0	107	0	0	0	8	24	221	0	170	96	31	0	54	65	0	12	35	3	0	0	0	35	31	0	25	20	28	0	27	0	13	12	0	0	6	40	14	1	18	42	16	0	0	0	0	0	0	26	27	0	14	3	22	130	246	0	0	341	0	0	0	0	0	1	0	2	1	0	230	0
4	1322	25	0	766	0	7	0	4	9	803	0	2	40	7	163	20	63	1	4	10	2	0	0	0	12	3	0	0	12	6	0	11	528	11	52	0	0	4	6	35	74	3	66	0	53	23	15	0	0	0	1	2	0	18	1	53	65	18	0	172	741	0	186	0	0	3	0	120	8	31	230	0	0
24	23	1	2	0	0	0	0	0	0	0	0	0	4	2	0	7	2	1	6	1	15	0	0	1	14	1	0	4	0	223	0	4	0	0	0	0	0	1	4	1	0	0	3	24	0	0	0	0	0	1	10	225	0	0	2	26	264	0	0	0	66	0	0	0	0	0	0	0	2	0	0	0	0
