0	0	0	0	0	1	0	0	0	0	0	0	0	0	0	0	3	0	13	0	0	117	0	145	40	1	0	0	0	0	1	0	0	0	52	0	0	0	0	0	0	0	0	0	2	1	0	1	0	0	0	10	1	0	163	0	0	2	0	0	0	0	0	0	0	0	40	178	0	0	0	0	0	0
0	44	0	6	25	1	0	57	6	6	40	0	683	15	0	4	16	3	31	16	3	0	0	0	1	6	3	0	0	0	1	2	10	78	8	7	0	0	0	21	0	29	0	5	0	4	7	7	0	0	0	0	1	0	4	2	22	43	12	236	28	14	0	280	0	3	4	1	14	12	22	22	3	1
0	0	0	0	0	0	0	1	0	429	20	0	0	267	50	0	0	42	0	2	0	0	0	0	0	2	147	0	0	0	29	0	2	1	2	21	0	0	0	0	0	5	0	822	0	0	0	251	0	0	0	2	0	0	0	4	383	2	130	5	0	128	0	44	0	144	0	0	5	0	0	0	5	0
0	6	0	0	0	0	0	0	3	20	0	0	0	0	0	0	0	1	0	0	0	0	0	0	1	1	289	0	0	0	0	0	0	0	0	143	0	0	0	0	0	0	0	0	0	0	0	88	0	0	0	0	0	0	0	0	0	0	0	1	0	0	0	0	0	378	0	0	0	0	0	6	1	0
0	25	0	0	0	0	0	0	1	20	426	0	144	70	0	0	1	48	0	1	1	0	0	0	1	0	4	0	0	0	11	4	2	23	3	18	1	0	0	0	0	15	0	76	0	0	0	22	0	0	0	7	0	0	0	0	1	12	0	5	0	607	0	402	0	1	2	0	26	0	0	25	31	1
1	1	0	0	0	0	0	0	0	444	0	0	0	0	14	0	27	13	0	4	77	0	0	0	128	77	0	0	0	0	112	0	6	0	0	0	0	0	0	0	0	0	0	6	0	0	0	92	0	0	0	19	0	0	18	0	255	19	0	4	0	0	0	0	0	0	0	0	0	0	0	1	0	192
0	0	0	0	0	0	0	0	0	0	0	0	0	0	1	0	0	4	0	0	0	0	0	0	0	14	0	0	0	0	0	0	0	0	0	37	0	0	0	0	0	0	0	6	0	0	0	0	0	0	0	0	0	0	1	0	0	0	0	0	0	0	0	0	0	0	0	0	2	0	2	0	1	0
0	57	1	0	0	0	0	0	7	1	1	0	569	8	0	0	90	0	0	101	521	0	0	0	0	18	22	0	0	0	0	0	397	0	39	0	0	0	0	292	0	0	2	0	0	5	0	0	0	0	0	3	0	0	0	14	20	49	262	288	0	0	0	75	0	0	0	0	0	41	226	119	1	0
0	6	0	3	1	0	0	7	0	0	0	0	15	31	0	7	0	1	6	0	4	2	0	0	0	2	0	0	0	0	1	0	6	4	5	0	0	0	0	8	0	0	0	1	3	3	0	0	0	1	0	2	0	0	2	0	2	2	6	20	3	0	0	0	0	0	1	0	1	6	10	0	0	0
0	6	429	20	20	444	0	1	0	0	36	0	5	10	283	2	2	47	132	160	1	0	0	0	0	0	113	0	0	0	89	0	9	1	0	461	0	0	0	2	0	269	0	1647	0	0	6	838	0	0	120	1	638	0	0	0	817	12	2	0	6	34	0	0	0	557	3	33	1	187	14	17	2	1
0	40	20	0	426	0	0	1	0	36	0	0	3	275	2	196	0	11	0	0	2	0	0	0	0	2	7	0	0	0	2	0	9	29	0	49	0	0	0	2	0	168	29	78	0	0	0	0	0	0	0	0	0	0	0	0	23	2	4	3	278	333	0	70	0	26	0	4	90	18	116	114	7	0
0	0	0	0	0	0	0	0	0	0	0	0	0	0	0	0	0	0	0	0	0	0	0	0	0	0	0	0	0	0	0	0	0	0	0	0	0	0	0	0	0	0	0	0	0	0	0	0	0	0	0	0	0	0	0	0	0	0	0	0	0	0	0	0	0	0	0	0	0	0	0	0	0	0
0	683	0	0	144	0	0	569	15	5	3	0	0	1	4	91	11	5	236	13	192	4	0	0	0	4	7	0	0	0	0	0	315	530	91	5	0	0	0	660	0	9	2	0	1	246	2	1	0	0	0	3	1	0	19	96	32	47	31	323	2	7	0	21	0	0	12	3	3	88	545	143	0	12
0	15	267	0	70	0	0	8	31	10	275	0	1	0	4	19	9	10	6	3	18	0	0	0	0	0	24	0	0	0	37	5	16	2	1	78	0	0	0	15	0	230	0	25	5	2	216	46	0	0	0	1	3	0	1	14	15	4	16	0	559	1196	0	158	0	18	7	4	94	34	10	80	65	0
0	0	50	0	0	14	1	0	0	283	2	0	4	4	0	0	0	3	1	0	0	0	0	0	0	0	0	0	0	0	3	0	0	1	1	184	0	0	0	1	0	187	0	200	0	0	3	186	0	0	0	1	41	0	0	0	49	27	11	2	0	6	0	2	0	35	2	0	6	32	2	1	2	3
0	4	0	0	0	0	0	0	7	2	196	0	91	19	0	0	0	18	0	1	0	1	0	0	0	0	0	0	0	0	0	0	1	10	2	11	0	0	0	0	0	0	0	0	0	0	0	0	0	0	0	1	0	0	0	0	6	8	0	0	0	72	0	89	0	0	5	0	7	0	0	4	15	1
3	16	0	0	1	27	0	90	0	2	0	0	11	9	0	0	0	0	7	9	135	20	0	0	0	92	0	0	0	0	8	0	174	35	11	0	0	0	0	171	0	1	0	4	1	16	1	1	0	0	3	34	39	0	28	10	9	102	7	24	1	1	0	0	0	0	67	25	2	15	48	10	1	6
0	3	42	1	48	13	4	0	1	47	11	0	5	10	3	18	0	0	0	3	0	4	0	0	0	0	0	0	0	0	0	0	12	14	3	25	0	0	0	0	0	21	0	90	2	0	12	50	0	644	0	0	13	0	0	0	20	35	2	3	11	78	0	0	0	27	15	0	22	2	0	31	17	1
13	31	0	0	0	0	0	0	6	132	0	0	236	6	1	0	7	0	0	234	103	21	0	0	5	98	13	0	0	0	106	0	35	39	85	0	0	0	0	18	0	22	5	16	0	0	0	295	0	0	26	131	4	0	26	168	529	261	508	262	0	0	0	0	0	0	14	12	0	19	17	11	2	105
0	16	2	0	1	4	0	101	0	160	0	0	13	3	0	1	9	3	234	0	193	0	1	1	0	65	0	0	0	0	81	0	62	18	26	0	0	0	0	146	0	3	0	2	139	23	0	145	0	0	309	9	186	0	284	135	623	47	95	85	2	1	0	0	0	2	5	18	0	276	206	9	3	26
0	3	0	0	1	77	0	521	4	1	2	0	192	18	0	0	135	0	103	193	0	17	0	1	3	1098	24	0	0	0	3	0	778	241	201	17	0	0	0	881	0	1	1	0	47	73	1	0	0	0	3	648	133	0	158	86	14	57	9	29	2	24	0	0	0	1	7	163	0	19	301	2	2	60
117	0	0	0	0	0	0	0	2	0	0	0	4	0	0	1	20	4	21	0	17	0	0	0	80	41	2	0	0	0	84	0	9	12	59	2	0	0	0	1	0	1	0	0	6	0	0	0	0	0	45	231	1	0	289	1	0	144	27	18	0	0	0	0	0	0	13	63	0	0	1	0	0	87
0	0	0	0	0	0	0	0	0	0	0	0	0	0	0	0	0	0	0	1	0	0	0	0	0	0	0	0	0	0	0	0	0	0	0	0	0	0	0	0	0	0	0	0	0	0	0	0	0	0	0	0	0	0	0	0	3	0	12	17	0	0	0	0	0	0	0	0	0	0	0	0	0	0
145	0	0	0	0	0	0	0	0	0	0	0	0	0	0	0	0	0	0	1	1	0	0	0	695	1	0	0	0	0	0	0	0	0	0	0	0	0	0	0	0	0	0	0	0	0	0	0	0	0	0	9	0	0	0	0	43	0	0	0	0	1	0	0	0	0	0	2	0	0	0	0	0	1
40	1	0	1	1	128	0	0	0	0	0	0	0	0	0	0	0	0	5	0	3	80	0	695	0	1	0	0	0	0	0	0	1	1	14	0	0	0	0	0	0	0	0	0	0	0	0	0	0	0	0	4	110	0	163	109	56	9	0	0	0	0	0	0	0	0	0	170	0	0	0	1	0	4
1	6	2	1	0	77	14	18	2	0	2	0	4	0	0	0	92	0	98	65	1098	41	0	1	1	0	19	0	0	0	37	0	675	68	82	2	0	0	1	616	0	1	1	1	42	18	0	1	0	0	0	588	244	0	143	26	16	69	7	33	1	22	0	0	0	3	115	141	0	20	270	4	1	20
0	3	147	289	4	0	0	22	0	113	7	0	7	24	0	0	0	0	13	0	24	2	0	0	0	19	0	0	0	0	0	0	1	2	13	370	0	0	0	4	0	7	0	4	0	1	15	141	0	0	0	20	0	0	11	0	1	0	7	0	16	13	0	1	0	540	2	15	7	7	7	9	0	0
0	0	0	0	0	0	0	0	0	0	0	0	0	0	0	0	0	0	0	0	0	0	0	0	0	0	0	0	0	0	0	0	0	0	0	0	0	0	0	0	0	0	0	0	0	0	0	0	0	0	0	0	0	0	0	0	0	0	0	0	0	0	0	0	0	0	0	0	0	0	0	0	0	0
0	0	0	0	0	0	0	0	0	0	0	0	0	0	0	0	0	0	0	0	0	0	0	0	0	0	0	0	0	0	0	0	0	0	0	0	0	0	0	0	0	0	0	0	0	0	0	0	0	0	0	0	0	0	0	0	0	0	0	0	0	0	0	0	0	0	0	0	0	0	0	0	0	0
0	0	0	0	0	0	0	0	0	0	0	0	0	0	0	0	0	0	0	0	0	0	0	0	0	0	0	0	0	0	0	0	0	0	0	0	0	0	0	0	0	0	0	0	0	0	0	0	0	0	0	0	0	0	0	0	0	0	0	0	0	0	0	0	0	0	0	0	0	0	0	0	0	0
1	1	29	0	11	112	0	0	1	89	2	0	0	37	3	0	8	0	106	81	3	84	0	0	0	37	0	0	0	0	0	0	4	6	8	1	0	0	0	3	0	75	0	123	184	1	96	28	0	0	411	7	249	0	131	0	514	227	51	0	0	17	0	40	0	2	130	33	11	58	4	2	9	41
0	2	0	0	4	0	0	0	0	0	0	0	0	5	0	0	0	0	0	0	0	0	0	0	0	0	0	0	0	0	0	0	0	0	0	0	0	0	0	0	0	0	0	0	0	0	0	0	0	0	0	0	0	0	0	0	0	0	0	0	0	0	0	0	0	0	0	0	0	0	0	0	0	0
0	10	2	0	2	6	0	397	6	9	9	0	315	16	0	1	174	12	35	62	778	9	0	0	1	675	1	0	0	0	4	0	0	11	126	7	0	0	0	159	0	3	3	0	11	6	0	0	0	0	0	310	14	0	26	19	18	86	12	121	2	32	0	0	0	0	7	22	0	12	35	5	8	45
0	78	1	0	23	0	0	0	4	1	29	0	530	2	1	10	35	14	39	18	241	12	0	0	1	68	2	0	0	0	6	0	11	0	30	2	0	0	0	48	0	2	0	0	7	12	0	1	0	0	1	180	15	0	39	1	20	165	80	156	0	14	0	26	0	0	22	11	0	4	39	16	2	9
52	8	2	0	3	0	0	39	5	0	0	0	91	1	1	2	11	3	85	26	201	59	0	0	14	82	13	0	0	0	8	0	126	30	0	0	0	0	0	180	0	5	6	0	1	6	1	0	0	0	0	492	16	0	11	16	42	338	378	185	3	3	0	0	0	0	90	179	0	32	69	9	0	45
0	7	21	143	18	0	37	0	0	461	49	0	5	78	184	11	0	25	0	0	17	2	0	0	0	2	370	0	0	0	1	0	7	2	0	0	0	0	0	0	0	70	0	1485	0	0	1	214	0	0	1	1	0	0	0	0	15	0	3	0	9	70	0	1	0	459	4	0	27	3	0	11	19	2
0	0	0	0	1	0	0	0	0	0	0	0	0	0	0	0	0	0	0	0	0	0	0	0	0	0	0	0	0	0	0	0	0	0	0	0	0	0	0	0	0	0	0	4	0	0	0	0	0	0	0	0	0	0	0	0	0	0	0	0	0	1	0	0	0	0	0	0	0	0	0	0	0	0
0	0	0	0	0	0	0	0	0	0	0	0	0	0	0	0	0	0	0	0	0	0	0	0	0	0	0	0	0	0	0	0	0	0	0	0	0	0	0	0	0	0	0	0	0	0	0	0	0	0	0	0	0	0	0	0	0	0	0	0	0	0	0	0	0	0	0	0	0	0	0	0	0	0
0	0	0	0	0	0	0	0	0	0	0	0	0	0	0	0	0	0	0	0	0	0	0	0	0	1	0	0	0	0	0	0	0	0	0	0	0	0	0	0	0	0	0	0	0	0	0	0	0	0	0	0	0	0	0	0	0	0	0	0	0	0	0	0	0	0	0	0	0	0	0	0	0	0
0	21	0	0	0	0	0	292	8	2	2	0	660	15	1	0	171	0	18	146	881	1	0	0	0	616	4	0	0	0	3	0	159	48	180	0	0	0	0	0	0	0	3	0	0	0	0	0	0	0	0	328	0	0	8	5	38	82	56	374	0	1	0	0	0	0	0	0	0	5	8	21	0	43
0	0	0	0	0	0	0	0	0	0	0	0	0	0	0	0	0	0	0	0	0	0	0	0	0	0	0	0	0	0	0	0	0	0	0	0	0	0	0	0	0	0	0	0	0	0	0	0	0	0	0	0	0	0	0	0	0	0	0	0	0	0	0	0	0	0	0	0	0	0	0	0	0	0
0	29	5	0	15	0	0	0	0	269	168	0	9	230	187	0	1	21	22	3	1	1	0	0	0	1	7	0	0	0	75	0	3	2	5	70	0	0	0	0	0	0	7	217	0	0	94	250	0	0	0	0	0	0	1	0	36	268	634	10	0	331	0	11	0	6	8	0	35	21	75	29	58	0
0	0	0	0	0	0	0	2	0	0	29	0	2	0	0	0	0	0	5	0	1	0	0	0	0	1	0	0	0	0	0	0	3	0	6	0	0	0	0	3	0	7	0	0	0	0	0	0	0	0	0	0	2	0	0	0	3	6	11	6	0	0	0	0	0	0	6	0	100	0	6	0	0	0
0	5	822	0	76	6	6	0	1	1647	78	0	0	25	200	0	4	90	16	2	0	0	0	0	0	1	4	0	0	0	123	0	0	0	0	1485	4	0	0	0	0	217	0	0	0	0	0	1902	0	0	221	0	718	0	3	0	944	197	0	0	0	120	0	0	0	799	1	4	28	8	0	5	29	8
2	0	0	0	0	0	0	0	3	0	0	0	1	5	0	0	1	2	0	139	47	6	0	0	0	42	0	0	0	0	184	0	11	7	1	0	0	0	0	0	0	0	0	0	0	0	0	0	0	0	99	8	0	0	118	0	118	1	0	0	0	6	0	0	0	0	0	0	0	0	0	0	1	84
1	4	0	0	0	0	0	5	3	0	0	0	246	2	0	0	16	0	0	23	73	0	0	0	0	18	1	0	0	0	1	0	6	12	6	0	0	0	0	0	0	0	0	0	0	0	0	0	0	0	1	2	0	0	4	1	5	38	120	67	0	72	0	2	0	0	0	0	0	0	0	4	2	1
0	7	0	0	0	0	0	0	0	6	0	0	2	216	3	0	1	12	0	0	1	0	0	0	0	0	15	0	0	0	96	0	0	0	1	1	0	0	0	0	0	94	0	0	0	0	0	4	0	0	0	0	0	0	1	0	3	6	294	1	0	40	0	32	0	0	0	0	6	0	0	7	2	0
1	7	251	88	22	92	0	0	0	838	0	0	1	46	186	0	1	50	295	145	0	0	0	0	0	1	141	0	0	0	28	0	0	1	0	214	0	0	0	0	0	250	0	1902	0	0	4	0	0	0	5	4	111	0	0	0	867	9	0	1	0	121	0	1	0	390	0	0	0	263	0	16	10	0
0	0	0	0	0	0	0	0	0	0	0	0	0	0	0	0	0	0	0	0	0	0	0	0	0	0	0	0	0	0	0	0	0	0	0	0	0	0	0	0	0	0	0	0	0	0	0	0	0	0	0	0	0	0	0	0	0	0	0	0	0	0	0	0	0	0	0	0	0	0	0	0	0	0
0	0	0	0	0	0	0	0	1	0	0	0	0	0	0	0	0	644	0	0	0	0	0	0	0	0	0	0	0	0	0	0	0	0	0	0	0	0	0	0	0	0	0	0	0	0	0	0	0	0	0	0	0	0	0	0	0	0	0	0	0	0	0	1	0	0	0	0	0	0	0	0	1	0
0	0	0	0	0	0	0	0	0	120	0	0	0	0	0	0	3	0	26	309	3	45	0	0	0	0	0	0	0	0	411	0	0	1	0	1	0	0	0	0	0	0	0	221	99	1	0	5	0	0	0	0	144	0	142	0	427	37	0	0	0	0	0	0	0	0	53	3	0	124	0	0	0	232
10	0	2	0	7	19	0	3	2	1	0	0	3	1	1	1	34	0	131	9	648	231	0	9	4	588	20	0	0	0	7	0	310	180	492	1	0	0	0	328	0	0	0	0	8	2	0	4	0	0	0	0	259	0	158	46	21	122	0	14	3	7	0	0	0	0	195	75	0	25	141	7	0	85
1	1	0	0	0	0	0	0	0	638	0	0	1	3	41	0	39	13	4	186	133	1	0	0	110	244	0	0	0	0	249	0	14	15	16	0	0	0	0	0	0	0	2	718	0	0	0	111	0	0	144	259	0	0	18	1	372	80	0	23	0	1	0	0	0	0	0	0	0	0	1	1	1	353
0	0	0	0	0	0	0	0	0	0	0	0	0	0	0	0	0	0	0	0	0	0	0	0	0	0	0	0	0	0	0	0	0	0	0	0	0	0	0	0	0	0	0	0	0	0	0	0	0	0	0	0	0	0	0	0	0	0	0	0	0	0	0	0	0	0	0	0	0	0	0	0	0	0
163	4	0	0	0	18	1	0	2	0	0	0	19	1	0	0	28	0	26	284	158	289	0	0	163	143	11	0	0	0	131	0	26	39	11	0	0	0	0	8	0	1	0	3	118	4	1	0	0	0	142	158	18	0	0	209	20	53	3	21	0	2	0	0	0	0	24	220	1	12	13	1	1	4
0	2	4	0	0	0	0	14	0	0	0	0	96	14	0	0	10	0	168	135	86	1	0	0	109	26	0	0	0	0	0	0	19	1	16	0	0	0	0	5	0	0	0	0	0	1	0	0	0	0	0	46	1	0	209	0	296	5	45	17	0	0	0	1	0	0	0	33	0	100	6	2	0	0
0	22	383	0	1	255	0	20	2	817	23	0	32	15	49	6	9	20	529	623	14	0	3	43	56	16	1	0	0	0	514	0	18	20	42	15	0	0	0	38	0	36	3	944	118	5	3	867	0	0	427	21	372	0	20	296	0	194	348	86	2	44	0	6	0	134	13	13	7	385	47	10	1	301
2	43	2	0	12	19	0	49	2	12	2	0	47	4	27	8	102	35	261	47	57	144	0	0	9	69	0	0	0	0	227	0	86	165	338	0	0	0	0	82	0	268	6	197	1	38	6	9	0	0	37	122	80	0	53	5	194	0	770	301	0	62	0	3	0	1	331	119	3	70	384	34	10	240
0	12	130	0	0	0	0	262	6	2	4	0	31	16	11	0	7	2	508	95	9	27	12	0	0	7	7	0	0	0	51	0	12	80	378	3	0	0	0	56	0	634	11	0	0	120	294	0	0	0	0	0	0	0	3	45	348	770	0	1095	0	1	0	30	0	0	900	10	52	521	659	174	6	0
0	236	5	1	5	4	0	288	20	0	3	0	323	0	2	0	24	3	262	85	29	18	17	0	0	33	0	0	0	0	0	0	121	156	185	0	0	0	0	374	0	10	6	0	0	67	1	1	0	0	0	14	23	0	21	17	86	301	1095	0	0	0	0	49	0	0	15	80	1	148	439	81	0	20
0	28	0	0	0	0	0	0	3	6	278	0	2	559	0	0	1	11	0	2	2	0	0	0	0	1	16	0	0	0	0	0	2	0	3	9	0	0	0	0	0	0	0	0	0	0	0	0	0	0	0	3	0	0	0	0	2	0	0	0	0	409	0	3	0	0	1	0	0	0	0	28	28	0
0	14	128	0	607	0	0	0	0	34	333	0	7	1196	6	72	1	78	0	1	24	0	0	1	0	22	13	0	0	0	17	0	32	14	3	70	1	0	0	1	0	331	0	120	6	72	40	121	0	0	0	7	1	0	2	0	44	62	1	0	409	0	0	16	0	14	2	0	170	17	1	113	13	44
0	0	0	0	0	0	0	0	0	0	0	0	0	0	0	0	0	0	0	0	0	0	0	0	0	0	0	0	0	0	0	0	0	0	0	0	0	0	0	0	0	0	0	0	0	0	0	0	0	0	0	0	0	0	0	0	0	0	0	0	0	0	0	0	0	0	0	0	0	0	0	0	0	0
0	280	44	0	402	0	0	75	0	0	70	0	21	158	2	89	0	0	0	0	0	0	0	0	0	0	1	0	0	0	40	0	0	26	0	1	0	0	0	0	0	11	0	0	0	2	32	1	0	1	0	0	0	0	0	1	6	3	30	49	3	16	0	0	0	0	0	0	83	2	18	48	0	0
0	0	0	0	0	0	0	0	0	0	0	0	0	0	0	0	0	0	0	0	0	0	0	0	0	0	0	0	0	0	0	0	0	0	0	0	0	0	0	0	0	0	0	0	0	0	0	0	0	0	0	0	0	0	0	0	0	0	0	0	0	0	0	0	0	0	0	0	0	0	0	0	0	0
0	3	144	378	1	0	0	0	0	557	26	0	0	18	35	0	0	27	0	2	1	0	0	0	0	3	540	0	0	0	2	0	0	0	0	459	0	0	0	0	0	6	0	799	0	0	0	390	0	0	0	0	0	0	0	0	134	1	0	0	0	14	0	0	0	0	0	0	7	0	0	3	0	0
40	4	0	0	2	0	0	0	1	3	0	0	12	7	2	5	67	15	14	5	7	13	0	0	0	115	2	0	0	0	130	0	7	22	90	4	0	0	0	0	0	8	6	1	0	0	0	0	0	0	53	195	0	0	24	0	13	331	900	15	1	2	0	0	0	0	0	0	1	0	4	4	2	128
178	1	0	0	0	0	0	0	0	33	4	0	3	4	0	0	25	0	12	18	163	63	0	2	170	141	15	0	0	0	33	0	22	11	179	0	0	0	0	0	0	0	0	4	0	0	0	0	0	0	3	75	0	0	220	33	13	119	10	80	0	0	0	0	0	0	0	0	0	0	0	1	0	298
0	14	5	0	26	0	2	0	1	1	90	0	3	94	6	7	2	22	0	0	0	0	0	0	0	0	7	0	0	0	11	0	0	0	0	27	0	0	0	0	0	35	100	28	0	0	6	0	0	0	0	0	0	0	1	0	7	3	52	1	0	170	0	83	0	7	1	0	0	5	0	14	1	0
0	12	0	0	0	0	0	41	6	187	18	0	88	34	32	0	15	2	19	276	19	0	0	0	0	20	7	0	0	0	58	0	12	4	32	3	0	0	0	5	0	21	0	8	0	0	0	263	0	0	124	25	0	0	12	100	385	70	521	148	0	17	0	2	0	0	0	0	5	0	12	8	10	33
0	22	0	0	0	0	2	226	10	14	116	0	545	10	2	0	48	0	17	206	301	1	0	0	0	270	7	0	0	0	4	0	35	39	69	0	0	0	0	8	0	75	6	0	0	0	0	0	0	0	0	141	1	0	13	6	47	384	659	439	0	1	0	18	0	0	4	0	0	12	0	19	2	3
0	22	0	6	25	1	0	119	0	17	114	0	143	80	1	4	10	31	11	9	2	0	0	0	1	4	9	0	0	0	2	0	5	16	9	11	0	0	0	21	0	29	0	5	0	4	7	16	0	0	0	7	1	0	1	2	10	34	174	81	28	113	0	48	0	3	4	1	14	8	19	0	1	0
0	3	5	1	31	0	1	1	0	2	7	0	0	65	2	15	1	17	2	3	2	0	0	0	0	1	0	0	0	0	9	0	8	2	0	19	0	0	0	0	0	58	0	29	1	2	2	10	0	1	0	0	1	0	1	0	1	10	6	0	28	13	0	0	0	0	2	0	1	10	2	1	0	0
0	1	0	0	1	192	0	0	0	1	0	0	12	0	3	1	6	1	105	26	60	87	0	1	4	20	0	0	0	0	41	0	45	9	45	2	0	0	0	43	0	0	0	8	84	1	0	0	0	0	232	85	353	0	4	0	301	240	0	20	0	44	0	0	0	0	128	298	0	33	3	0	0	0
