0	0	0	0	0	0	0	0	0	1	0	0	0	2	0	0	9	0	9	0	9	141	0	0	80	7	0	0	1	0	2	0	2	9	5	0	0	1	0	0	2	0	0	0	30	1	0	0	0	3	0	0	2	0	74	0	0	2	0	0	5	0	0	0	0	0	78	92	0	1	0	0	0	7
0	0	62	0	191	0	0	31	0	2	0	0	85	15	0	13	4	10	5	17	0	1	7	0	1	0	0	0	12	1	1	3	44	88	11	10	0	34	0	84	0	186	0	18	3	17	0	0	0	0	0	0	1	0	4	7	32	43	3	0	74	179	0	38	0	3	6	9	10	23	42	0	47	1
0	62	0	0	0	21	0	0	0	540	0	0	6	302	53	0	3	19	2	14	10	0	0	0	0	10	1	0	38	9	0	31	0	1	0	0	0	0	0	0	0	0	0	8	0	17	0	50	0	0	0	13	0	0	0	0	272	8	0	0	0	0	0	0	0	26	0	0	1	4	0	62	20	4
0	0	0	0	0	0	0	0	0	5	0	0	0	0	1	0	1	2	0	0	0	0	0	0	0	0	0	0	0	876	0	0	0	2	0	0	0	0	0	0	0	0	0	0	0	0	0	5	0	0	0	0	0	0	0	0	0	0	0	0	0	0	0	0	0	72	0	0	0	0	0	0	7	0
0	191	0	0	0	0	0	0	0	1	4	0	110	72	2	0	0	19	0	13	0	0	0	0	0	0	0	0	0	91	0	88	2	85	0	0	0	0	0	0	0	0	0	2	0	34	0	7	0	0	0	0	0	0	0	0	2	1	2	0	0	0	0	0	0	0	0	0	0	0	1	189	40	0
0	0	21	0	0	0	0	0	0	0	0	0	4	0	0	0	462	0	103	3	352	37	10	2	0	234	0	0	187	0	1	0	86	73	108	0	0	5	0	196	0	2	0	0	203	0	0	0	0	0	0	0	0	0	50	19	0	25	0	0	0	0	0	0	0	0	6	131	0	20	5	2	0	10
0	0	0	0	0	0	0	0	0	0	0	0	0	0	0	0	0	0	0	0	0	0	0	0	0	0	0	0	0	2	0	0	0	0	0	0	0	0	0	0	0	0	0	0	0	0	0	0	0	0	0	0	0	0	0	0	0	0	0	0	0	0	0	0	0	0	0	0	0	0	0	0	0	0
0	31	0	0	0	0	0	0	0	0	0	0	501	3	0	0	207	0	2	171	94	0	0	0	0	15	0	0	8	0	0	178	9	26	0	0	0	0	0	0	0	0	0	0	0	1	0	0	0	0	0	1	0	0	0	1	0	3	46	0	0	0	0	0	0	0	0	0	0	0	3	15	0	0
0	0	0	0	0	0	0	0	0	0	0	0	0	0	0	0	0	0	0	0	0	0	0	0	0	0	0	0	1	0	0	0	0	0	0	0	0	0	0	0	0	0	0	0	0	0	0	0	0	6	0	0	0	0	0	0	0	0	0	0	0	0	0	0	0	0	0	0	0	0	0	0	0	0
1	2	540	5	1	0	0	0	0	0	9	0	2	59	459	0	7	130	210	269	0	0	0	0	0	1	1	0	4	4	217	0	10	2	4	206	0	2	0	1	73	268	0	1401	13	24	0	68	0	0	56	0	392	0	10	0	868	9	1	0	14	45	0	1	0	471	1	13	0	568	61	14	2	1
0	0	0	0	4	0	0	0	0	9	0	0	1	16	0	0	0	6	0	48	0	0	0	0	0	0	0	0	0	0	0	0	0	0	0	0	0	0	0	0	0	22	0	0	0	0	0	0	0	0	0	0	0	0	0	0	0	0	0	0	38	4	0	18	0	0	0	0	0	0	0	28	24	0
0	0	0	0	0	0	0	0	0	0	0	0	0	0	0	0	0	0	0	0	0	0	0	0	0	0	0	0	0	0	0	0	0	0	0	0	0	0	0	0	0	0	0	0	0	0	0	0	0	0	0	0	0	0	0	0	0	0	0	0	0	0	0	0	0	0	0	0	0	0	0	0	0	0
0	85	6	0	110	4	0	501	0	2	1	0	0	3	1	7	218	3	94	41	135	1	6	0	2	12	0	0	103	0	0	158	682	1327	32	0	0	15	0	659	32	5	0	1	5	284	0	0	0	0	0	0	0	0	17	8	72	73	52	0	7	5	0	21	0	0	2	23	0	98	229	268	5	16
2	15	302	0	72	0	0	3	0	59	16	0	3	0	2	0	1	5	1	6	3	0	6	0	2	0	0	0	4	0	0	50	10	33	2	10	0	199	0	3	0	81	0	87	0	43	0	0	0	1	0	0	0	0	0	33	1	196	11	1	1164	992	0	97	0	22	0	15	0	19	0	146	25	1
0	0	53	1	2	0	0	0	0	459	0	0	1	2	0	1	2	23	95	1	0	0	0	0	0	0	0	0	4	0	10	0	3	1	1	189	0	4	0	0	0	337	0	1059	0	0	0	3	0	0	0	0	0	0	1	0	183	3	28	0	5	1	0	0	0	27	1	23	0	55	0	0	0	4
0	13	0	0	0	0	0	0	0	0	0	0	7	0	1	0	0	0	0	4	13	0	0	0	0	1	0	0	0	0	0	0	0	0	0	0	0	0	0	0	0	0	0	0	0	2	0	0	0	0	0	0	0	0	0	0	1	0	0	0	0	0	0	0	0	0	0	0	0	0	0	13	3	0
9	4	3	1	0	462	0	207	0	7	0	0	218	1	2	0	0	10	118	16	1297	109	0	6	35	844	0	0	175	0	108	0	479	235	55	3	0	14	0	663	7	4	0	2	247	30	0	0	0	0	1	312	1	0	245	15	13	145	6	0	18	2	0	0	0	7	378	638	0	12	23	34	0	22
0	10	19	2	19	0	0	0	0	130	6	0	3	5	23	0	10	0	0	2	0	0	2	0	0	0	0	0	0	3	9	0	3	4	0	9	0	17	0	3	0	2	0	102	2	11	0	17	0	355	0	0	16	0	0	0	1	6	0	0	15	38	0	1	0	23	0	0	11	1	1	18	33	3
9	5	2	0	0	103	0	2	0	210	0	0	94	1	95	0	118	0	0	323	44	6	2	0	0	74	0	0	205	0	102	0	22	10	8	0	0	2	0	4	0	2	0	98	8	0	0	3	0	0	0	0	10	0	0	43	450	65	52	0	0	0	0	0	0	0	2	12	0	24	10	5	0	632
0	17	14	0	13	3	0	171	0	269	48	0	41	6	1	4	16	2	323	0	156	1	43	0	83	103	0	0	24	0	189	2	180	68	30	0	0	20	0	129	4	53	0	0	342	49	0	0	0	0	3	2	202	0	230	395	617	50	13	0	38	54	0	3	0	34	17	79	2	503	357	66	6	88
9	0	10	0	0	352	0	94	0	0	0	0	135	3	0	13	1297	0	44	156	0	96	1	1	0	945	0	0	152	0	13	0	478	261	109	1	0	3	0	598	0	3	0	0	215	9	0	0	0	0	1	355	0	0	108	45	19	45	20	0	14	14	0	0	0	0	6	415	0	17	345	2	1	7
141	1	0	0	0	37	0	0	0	0	0	0	1	0	0	0	109	0	6	1	96	0	0	0	0	82	0	0	43	0	320	0	4	12	0	0	0	0	0	0	0	0	0	2	0	0	0	0	0	0	25	275	0	0	0	6	10	49	0	0	0	0	0	0	0	0	0	0	0	0	0	1	1	75
0	7	0	0	0	10	0	0	0	0	0	0	6	6	0	0	0	2	2	43	1	0	0	0	0	1	0	0	14	0	4	0	0	8	0	0	0	0	0	0	0	0	0	0	0	0	0	0	0	0	0	0	0	0	0	3	6	0	0	0	0	0	0	0	0	0	0	0	0	0	0	0	0	1
0	0	0	0	0	2	0	0	0	0	0	0	0	0	0	0	6	0	0	0	1	0	0	0	46	0	0	0	0	0	6	0	0	0	0	0	0	0	0	0	0	0	0	0	0	0	0	0	0	0	0	95	0	0	0	21	0	0	0	0	0	0	0	0	0	0	0	0	0	0	0	0	0	0
80	1	0	0	0	0	0	0	0	0	0	0	2	2	0	0	35	0	0	83	0	0	0	46	0	15	0	0	0	0	14	0	2	2	0	0	0	0	0	0	0	0	0	0	0	1	0	0	0	0	4	43	0	0	0	9	47	0	0	0	0	0	0	0	0	0	0	0	0	0	0	1	0	1
7	0	10	0	0	234	0	15	0	1	0	0	12	0	0	1	844	0	74	103	945	82	1	0	15	0	0	0	196	0	2	0	672	61	62	0	0	0	0	536	0	0	0	1	209	1	0	0	0	0	0	180	1	0	238	17	10	20	3	0	0	0	0	0	0	0	295	368	0	15	194	3	8	1
0	0	1	0	0	0	0	0	0	1	0	0	0	0	0	0	0	0	0	0	0	0	0	0	0	0	0	0	0	344	0	0	0	0	0	0	0	0	0	0	0	0	0	0	0	0	0	0	0	0	0	0	0	0	0	0	1	0	0	0	0	0	0	0	0	0	0	0	0	0	0	0	0	0
0	0	0	0	0	0	0	0	0	0	0	0	0	0	0	0	0	0	0	0	0	0	0	0	0	0	0	0	0	0	0	0	0	0	0	0	0	0	0	0	0	0	0	0	0	0	0	0	0	0	0	0	0	0	0	0	0	0	0	0	0	0	0	0	0	0	0	0	0	0	0	0	0	0
1	12	38	0	0	187	0	8	1	4	0	0	103	4	4	0	175	0	205	24	152	43	14	0	0	196	0	0	0	0	4	2	86	25	40	0	0	60	0	102	0	0	0	14	1	0	0	0	0	0	0	138	0	0	8	54	16	117	23	0	0	0	0	0	0	0	7	17	0	0	2	11	2	26
0	1	9	876	91	0	2	0	0	4	0	0	0	0	0	0	0	3	0	0	0	0	0	0	0	0	344	0	0	0	0	0	0	4	0	1740	0	0	0	0	0	0	0	10	0	0	0	6	0	0	0	0	0	0	0	2	11	1	0	0	12	0	0	0	0	2718	0	0	0	0	1	19	150	0
2	1	0	0	0	1	0	0	0	217	0	0	0	0	10	0	108	9	102	189	13	320	4	6	14	2	0	0	4	0	0	0	6	15	0	0	0	0	0	4	0	0	0	466	236	118	0	0	0	0	652	1	282	0	400	0	641	167	0	0	0	0	0	2	0	0	218	14	0	188	0	1	0	862
0	3	31	0	88	0	0	178	0	0	0	0	158	50	0	0	0	0	0	2	0	0	0	0	0	0	0	0	2	0	0	0	1	592	2	0	0	0	0	0	0	19	0	0	0	484	0	0	0	0	0	0	0	0	0	0	0	0	2	0	0	278	0	460	0	0	0	0	174	4	0	0	4	0
2	44	0	0	2	86	0	9	0	10	0	0	682	10	3	0	479	3	22	180	478	4	0	0	2	672	0	0	86	0	6	1	0	11	20	0	0	18	0	20	0	4	0	6	2	1	0	7	0	0	0	92	0	0	4	8	17	9	15	0	5	4	0	0	0	0	4	15	0	2	196	20	0	4
9	88	1	2	85	73	0	26	0	2	0	0	1327	33	1	0	235	4	10	68	261	12	8	0	2	61	0	0	25	4	15	592	11	0	14	0	0	3	0	205	2	1	0	14	3	408	0	0	0	0	0	19	0	0	99	0	24	331	6	0	3	4	0	0	0	3	43	86	0	7	104	65	16	8
5	11	0	0	0	108	0	0	0	4	0	0	32	2	1	0	55	0	8	30	109	0	0	0	0	62	0	0	40	0	0	2	20	14	0	0	0	0	0	0	0	0	0	0	0	23	0	0	0	0	0	171	0	0	0	3	11	56	16	0	0	0	0	0	0	0	0	0	0	0	0	10	2	2
0	10	0	0	0	0	0	0	0	206	0	0	0	10	189	0	3	9	0	0	1	0	0	0	0	0	0	0	0	1740	0	0	0	0	0	0	0	0	0	0	0	0	0	170	0	0	0	34	0	0	0	0	0	0	0	0	12	1	0	0	0	0	0	0	0	61	0	0	0	0	0	10	4	21
0	0	0	0	0	0	0	0	0	0	0	0	0	0	0	0	0	0	0	0	0	0	0	0	0	0	0	0	0	0	0	0	0	0	0	0	0	0	0	0	0	0	0	0	0	0	0	0	0	0	0	0	0	0	0	0	0	0	0	0	0	0	0	0	0	0	0	0	0	0	0	0	0	0
1	34	0	0	0	5	0	0	0	2	0	0	15	199	4	0	14	17	2	20	3	0	0	0	0	0	0	0	60	0	0	0	18	3	0	0	0	0	0	0	0	0	0	6	0	0	0	0	0	0	0	0	0	0	0	12	4	44	66	0	0	0	0	0	0	0	0	0	2	1	72	34	21	0
0	0	0	0	0	0	0	0	0	0	0	0	0	0	0	0	0	0	0	0	0	0	0	0	0	0	0	0	0	0	0	0	0	0	0	0	0	0	0	0	0	0	0	0	0	0	0	0	0	0	0	0	0	0	0	0	0	0	0	0	0	0	0	0	0	0	0	0	0	0	0	0	0	0
0	84	0	0	0	196	0	0	0	1	0	0	659	3	0	0	663	3	4	129	598	0	0	0	0	536	0	0	102	0	4	0	20	205	0	0	0	0	0	0	0	0	0	0	0	0	0	0	0	0	0	193	0	0	0	5	5	0	2	0	0	0	0	0	0	0	0	0	0	0	246	43	8	17
2	0	0	0	0	0	0	0	0	73	0	0	32	0	0	0	7	0	0	4	0	0	0	0	0	0	0	0	0	0	0	0	0	2	0	0	0	0	0	0	0	0	0	0	0	0	0	24	0	0	0	0	0	0	0	0	1	0	0	0	0	0	0	0	0	70	0	0	0	0	0	0	0	0
0	186	0	0	0	2	0	0	0	268	22	0	5	81	337	0	4	2	2	53	3	0	0	0	0	0	0	0	0	0	0	19	4	1	0	0	0	0	0	0	0	0	0	378	0	1	0	3	0	0	0	0	0	0	0	0	29	84	238	0	0	0	0	0	0	0	0	0	1	2	0	186	11	2
0	0	0	0	0	0	0	0	0	0	0	0	0	0	0	0	0	0	0	0	0	0	0	0	0	0	0	0	0	0	0	0	0	0	0	0	0	0	0	0	0	0	0	0	0	0	0	0	0	0	0	0	0	0	0	0	0	0	0	0	0	0	0	0	0	0	0	0	0	0	0	0	0	0
0	18	8	0	2	0	0	0	0	1401	0	0	1	87	1059	0	2	102	98	0	0	2	0	0	0	1	0	0	14	10	466	0	6	14	0	170	0	6	0	0	0	378	0	0	0	1	0	86	0	0	58	0	736	0	0	2	359	50	4	0	2	4	0	0	0	60	4	0	1	92	0	24	7	857
30	3	0	0	0	203	0	0	0	13	0	0	5	0	0	0	247	2	8	342	215	0	0	0	0	209	0	0	1	0	236	0	2	3	0	0	0	0	0	0	0	0	0	0	0	28	0	0	0	0	27	0	0	0	0	3	108	4	0	0	0	0	0	0	0	0	0	0	0	0	0	3	1	61
1	17	17	0	34	0	0	1	0	24	0	0	284	43	0	2	30	11	0	49	9	0	0	0	1	1	0	0	0	0	118	484	1	408	23	0	0	0	0	0	0	1	0	1	28	0	0	0	0	0	1	0	1	0	14	7	2	28	1	0	82	73	0	0	0	14	1	11	0	0	9	30	7	1
0	0	0	0	0	0	0	0	0	0	0	0	0	0	0	0	0	0	0	0	0	0	0	0	0	0	0	0	0	0	0	0	0	0	0	0	0	0	0	0	0	0	0	0	0	0	0	0	0	0	0	0	0	0	0	0	0	0	0	0	0	0	0	0	0	0	0	0	0	0	0	0	0	0
0	0	50	5	7	0	0	0	0	68	0	0	0	0	3	0	0	17	3	0	0	0	0	0	0	0	0	0	0	6	0	0	7	0	0	34	0	0	0	0	24	3	0	86	0	0	0	0	0	0	0	0	11	0	0	0	36	0	0	0	2	7	0	2	0	49	0	0	0	53	0	3	0	0
0	0	0	0	0	0	0	0	0	0	0	0	0	0	0	0	0	0	0	0	0	0	0	0	0	0	0	0	0	0	0	0	0	0	0	0	0	0	0	0	0	0	0	0	0	0	0	0	0	0	0	0	0	0	0	0	0	0	0	0	0	0	0	0	0	0	0	0	0	0	0	0	0	0
3	0	0	0	0	0	0	0	6	0	0	0	0	1	0	0	0	355	0	0	0	0	0	0	0	0	0	0	0	0	0	0	0	0	0	0	0	0	0	0	0	0	0	0	0	0	0	0	0	0	0	0	0	0	0	0	0	0	0	0	0	0	0	0	0	0	0	0	0	0	0	0	3	0
0	0	0	0	0	0	0	0	0	56	0	0	0	0	0	0	1	0	0	3	1	25	0	0	4	0	0	0	0	0	652	0	0	0	0	0	0	0	0	0	0	0	0	58	27	1	0	0	0	0	0	0	0	0	24	0	0	1	0	0	0	0	0	0	0	0	19	0	0	1	0	1	0	184
0	0	13	0	0	0	0	1	0	0	0	0	0	0	0	0	312	0	0	2	355	275	0	95	43	180	0	0	138	0	1	0	92	19	171	0	0	0	0	193	0	0	0	0	0	0	0	0	0	0	0	0	0	0	130	62	0	93	0	0	0	0	0	0	0	0	213	196	0	0	50	3	0	0
2	1	0	0	0	0	0	0	0	392	0	0	0	0	0	0	1	16	10	202	0	0	0	0	0	1	0	0	0	0	282	0	0	0	0	0	0	0	0	0	0	0	0	736	0	1	0	11	0	0	0	0	0	0	0	0	330	35	0	0	0	0	0	0	0	0	0	0	0	6	0	1	0	495
0	0	0	0	0	0	0	0	0	0	0	0	0	0	0	0	0	0	0	0	0	0	0	0	0	0	0	0	0	0	0	0	0	0	0	0	0	0	0	0	0	0	0	0	0	0	0	0	0	0	0	0	0	0	0	0	0	0	0	0	0	0	0	0	0	0	0	0	0	0	0	0	0	0
74	4	0	0	0	50	0	0	0	10	0	0	17	0	1	0	245	0	0	230	108	0	0	0	0	238	0	0	8	0	400	0	4	99	0	0	0	0	0	0	0	0	0	0	0	14	0	0	0	0	24	130	0	0	0	48	10	6	0	0	0	0	0	0	0	0	0	0	0	0	0	4	0	3
0	7	0	0	0	19	0	1	0	0	0	0	8	33	0	0	15	0	43	395	45	6	3	21	9	17	0	0	54	2	0	0	8	0	3	0	0	12	0	5	0	0	0	2	3	7	0	0	0	0	0	62	0	0	48	0	248	1	0	0	3	3	0	0	0	0	0	17	0	40	10	8	0	2
0	32	272	0	2	0	0	0	0	868	0	0	72	1	183	1	13	1	450	617	19	10	6	0	47	10	1	0	16	11	641	0	17	24	11	12	0	4	0	5	1	29	0	359	108	2	0	36	0	0	0	0	330	0	10	248	0	4	126	2	10	10	0	0	0	126	14	1	0	463	12	40	4	371
2	43	8	0	1	25	0	3	0	9	0	0	73	196	3	0	145	6	65	50	45	49	0	0	0	20	0	0	117	1	167	0	9	331	56	1	0	44	0	0	0	84	0	50	4	28	0	0	0	0	1	93	35	0	6	1	4	0	88	4	155	11	0	0	0	3	82	72	0	9	40	55	12	242
0	3	0	0	2	0	0	46	0	1	0	0	52	11	28	0	6	0	52	13	20	0	0	0	0	3	0	0	23	0	0	2	15	6	16	0	0	66	0	2	0	238	0	4	0	1	0	0	0	0	0	0	0	0	0	0	126	88	0	3	0	0	0	0	0	0	384	0	0	204	7	19	0	7
0	0	0	0	0	0	0	0	0	0	0	0	0	1	0	0	0	0	0	0	0	0	0	0	0	0	0	0	0	0	0	0	0	0	0	0	0	0	0	0	0	0	0	0	0	0	0	0	0	0	0	0	0	0	0	0	2	4	3	0	0	0	0	0	0	0	0	0	0	0	0	0	0	0
5	74	0	0	0	0	0	0	0	14	38	0	7	1164	5	0	18	15	0	38	14	0	0	0	0	0	0	0	0	12	0	0	5	3	0	0	0	0	0	0	0	0	0	2	0	82	0	2	0	0	0	0	0	0	0	3	10	155	0	0	0	0	0	0	0	0	0	0	0	0	0	74	37	7
0	179	0	0	0	0	0	0	0	45	4	0	5	992	1	0	2	38	0	54	14	0	0	0	0	0	0	0	0	0	0	278	4	4	0	0	0	0	0	0	0	0	0	4	0	73	0	7	0	0	0	0	0	0	0	3	10	11	0	0	0	0	0	0	0	0	0	0	3	0	0	179	81	27
0	0	0	0	0	0	0	0	0	0	0	0	0	0	0	0	0	0	0	0	0	0	0	0	0	0	0	0	0	0	0	0	0	0	0	0	0	0	0	0	0	0	0	0	0	0	0	0	0	0	0	0	0	0	0	0	0	0	0	0	0	0	0	0	0	0	0	0	0	0	0	0	0	0
0	38	0	0	0	0	0	0	0	1	18	0	21	97	0	0	0	1	0	3	0	0	0	0	0	0	0	0	0	0	2	460	0	0	0	0	0	0	0	0	0	0	0	0	0	0	0	2	0	0	0	0	0	0	0	0	0	0	0	0	0	0	0	0	0	0	0	0	0	0	0	37	1	0
0	0	0	0	0	0	0	0	0	0	0	0	0	0	0	0	0	0	0	0	0	0	0	0	0	0	0	0	0	0	0	0	0	0	0	0	0	0	0	0	0	0	0	0	0	0	0	0	0	0	0	0	0	0	0	0	0	0	0	0	0	0	0	0	0	0	0	0	0	0	0	0	0	0
0	3	26	72	0	0	0	0	0	471	0	0	0	22	27	0	7	23	0	34	0	0	0	0	0	0	0	0	0	2718	0	0	0	3	0	61	0	0	0	0	70	0	0	60	0	14	0	49	0	0	0	0	0	0	0	0	126	3	0	0	0	0	0	0	0	0	0	0	0	0	0	3	0	1
78	6	0	0	0	6	0	0	0	1	0	0	2	0	1	0	378	0	2	17	6	0	0	0	0	295	0	0	7	0	218	0	4	43	0	0	0	0	0	0	0	0	0	4	0	1	0	0	0	0	19	213	0	0	0	0	14	82	384	0	0	0	0	0	0	0	0	0	0	1	1	6	1	53
92	9	0	0	0	131	0	0	0	13	0	0	23	15	23	0	638	0	12	79	415	0	0	0	0	368	0	0	17	0	14	0	15	86	0	0	0	0	0	0	0	0	0	0	0	11	0	0	0	0	0	196	0	0	0	17	1	72	0	0	0	0	0	0	0	0	0	0	0	0	2	9	2	245
0	10	1	0	0	0	0	0	0	0	0	0	0	0	0	0	0	11	0	2	0	0	0	0	0	0	0	0	0	0	0	174	0	0	0	0	0	2	0	0	0	1	0	1	0	0	0	0	0	0	0	0	0	0	0	0	0	0	0	0	0	3	0	0	0	0	0	0	0	0	0	11	9	0
1	23	4	0	0	20	0	0	0	568	0	0	98	19	55	0	12	1	24	503	17	0	0	0	0	15	0	0	0	0	188	4	2	7	0	0	0	1	0	0	0	2	0	92	0	0	0	53	0	0	1	0	6	0	0	40	463	9	204	0	0	0	0	0	0	0	1	0	0	0	2	7	0	36
0	42	0	0	1	5	0	3	0	61	0	0	229	0	0	0	23	1	10	357	345	0	0	0	0	194	0	0	2	1	0	0	196	104	0	0	0	72	0	246	0	0	0	0	0	9	0	0	0	0	0	50	0	0	0	10	12	40	7	0	0	0	0	0	0	0	1	2	0	2	0	163	9	2
0	0	62	0	189	2	0	15	0	14	28	0	268	146	0	13	34	18	5	66	2	1	0	0	1	3	0	0	11	19	1	0	20	65	10	10	0	34	0	43	0	186	0	24	3	30	0	3	0	0	1	3	1	0	4	8	40	55	19	0	74	179	0	37	0	3	6	9	11	7	163	0	66	10
0	47	20	7	40	0	0	0	0	2	24	0	5	25	0	3	0	33	0	6	1	1	0	0	0	8	0	0	2	150	0	4	0	16	2	4	0	21	0	8	0	11	0	7	1	7	0	0	0	3	0	0	0	0	0	0	4	12	0	0	37	81	0	1	0	0	1	2	9	0	9	66	0	0
7	1	4	0	0	10	0	0	0	1	0	0	16	1	4	0	22	3	632	88	7	75	1	0	1	1	0	0	26	0	862	0	4	8	2	21	0	0	0	17	0	2	0	857	61	1	0	0	0	0	184	0	495	0	3	2	371	242	7	0	7	27	0	0	0	1	53	245	0	36	2	10	0	0
