0	0	0	0	0	0	0	0	0	24	0	0	0	0	0	0	3	0	6	4	2	158	0	303	4	110	0	0	25	0	49	0	3	0	49	0	0	0	17	2	0	0	2	0	9	0	0	0	0	1	0	3	4	0	85	1	0	42	8	0	1	0	0	0	0	0	7	20	0	0	0	0	0	0
0	0	1	0	11	0	0	2	1	0	0	0	10	0	0	0	0	2	4	3	0	2	2	0	0	0	0	18	16	0	0	0	5	4	17	1	0	0	0	7	6	1	3	8	1	0	0	0	3	3	0	0	0	0	3	1	1	14	16	0	1	8	0	0	0	0	10	0	0	0	2	0	0	0
0	1	0	0	0	0	0	0	16	465	0	0	5	8	36	0	0	2	0	30	0	0	0	0	0	5	0	0	0	18	0	0	0	14	0	0	5	0	0	0	23	0	0	0	1	16	0	23	0	0	0	0	0	0	0	1	44	4	0	0	0	0	0	0	0	103	0	0	1	7	0	1	4	6
0	0	0	0	0	0	0	0	1	21	0	0	0	0	0	0	0	0	0	1	0	0	0	0	0	1	0	0	0	812	0	0	0	0	0	0	0	0	0	0	250	0	0	8	0	0	0	5	0	0	0	0	0	0	0	0	0	0	0	0	0	0	0	0	0	205	1	0	0	1	0	0	0	1
0	11	0	0	0	0	0	0	18	0	4	0	331	64	0	0	0	0	0	37	0	0	0	0	0	8	0	0	0	0	0	0	56	926	0	0	0	0	5	0	0	0	0	0	0	140	0	3	0	0	9	0	0	0	0	0	0	17	0	0	0	0	0	0	0	0	0	0	7	5	0	8	0	8
0	0	0	0	0	0	0	0	7	639	0	0	0	0	9	0	0	1	7	189	0	0	0	42	0	0	0	0	0	0	623	0	0	12	0	0	0	0	0	0	0	0	1	2	0	26	0	6	0	3	100	0	3	0	0	0	3	144	0	0	0	0	0	0	0	0	0	0	0	7	0	3	0	351
0	0	0	0	0	0	0	0	0	0	0	0	0	0	0	0	0	0	0	0	0	0	0	0	0	0	0	0	0	1	0	0	0	0	0	0	0	0	0	0	0	0	0	0	0	0	0	0	0	0	0	0	0	0	0	0	0	0	0	0	0	0	0	0	0	0	0	0	0	0	0	0	0	0
0	2	0	0	0	0	0	0	31	0	0	0	526	0	0	0	0	0	2	33	0	0	0	0	0	42	0	0	0	0	0	0	23	209	2	0	0	0	0	0	0	0	1	0	0	14	0	0	0	0	0	0	0	0	0	3	0	37	12	1	0	0	0	0	0	0	0	0	0	0	2	0	0	1
0	1	16	1	18	7	0	31	0	10	0	0	37	1	0	0	8	2	33	96	18	7	15	0	0	13	0	67	14	3	0	0	50	53	32	0	0	0	5	3	7	31	43	6	9	1	0	0	0	16	0	0	0	0	6	48	23	81	136	0	6	23	0	7	0	0	6	8	47	7	43	16	4	1
24	0	465	21	0	639	0	0	10	0	0	0	2	0	161	0	0	21	221	215	1	0	0	0	0	0	0	0	0	0	39	0	6	7	2	331	0	0	0	3	139	342	40	595	16	1	0	35	37	36	25	0	716	0	0	0	617	53	1	0	28	21	0	0	0	576	10	23	4	331	0	12	0	0
0	0	0	0	4	0	0	0	0	0	0	0	0	1	0	0	0	0	0	0	0	0	0	0	0	0	0	0	0	0	0	0	0	0	0	0	0	2	0	0	0	0	0	0	0	0	0	0	0	0	0	0	0	0	0	0	0	0	0	0	0	4	0	0	0	0	0	0	4	0	0	0	0	0
0	0	0	0	0	0	0	0	0	0	0	0	0	0	0	0	0	0	0	0	0	0	0	0	0	0	0	0	0	0	0	0	0	0	0	0	0	0	0	0	0	0	0	0	0	0	0	0	0	0	0	0	0	0	0	0	0	0	0	0	0	0	0	0	0	0	0	0	0	0	0	0	0	0
0	10	5	0	331	0	0	526	37	2	0	0	0	1	14	1	68	0	150	43	74	3	41	0	0	5	0	543	175	0	2	0	635	1781	42	0	0	0	126	246	3	1	383	0	6	419	0	2	0	0	0	0	0	0	6	5	62	139	42	1	2	11	0	1	0	25	1	1	0	0	233	9	5	5
0	0	8	0	64	0	0	0	1	0	1	0	1	0	5	0	0	0	0	1	0	0	2	0	0	0	0	70	0	0	0	0	10	38	1	0	0	26	0	0	1	59	0	128	0	1	0	0	0	0	0	0	0	0	0	0	1	5	0	0	173	241	0	29	0	1	0	0	0	0	1	0	23	0
0	0	36	0	0	9	0	0	0	161	0	0	14	5	0	0	0	1	19	2	0	0	0	0	0	0	0	1	0	0	0	0	12	0	13	61	0	0	8	21	0	128	21	131	0	0	0	2	31	0	0	0	34	0	0	0	129	15	20	0	0	9	0	0	0	13	0	27	0	0	0	0	0	2
0	0	0	0	0	0	0	0	0	0	0	0	1	0	0	0	0	0	0	0	0	0	0	0	0	0	0	0	0	0	0	0	0	1	0	0	0	0	0	0	0	0	0	0	0	2	0	0	0	0	0	0	0	0	0	0	0	0	0	0	0	0	0	0	0	0	0	0	0	0	0	0	0	0
3	0	0	0	0	0	0	0	8	0	0	0	68	0	0	0	0	0	12	15	0	0	0	2	0	512	0	0	0	0	60	0	345	55	0	0	0	0	265	0	0	0	0	0	4	2	0	0	0	0	0	27	0	0	0	0	0	54	2	0	0	0	0	0	0	2	2	0	0	2	0	0	0	34
0	2	2	0	0	1	0	0	2	21	0	0	0	0	1	0	0	0	0	0	0	0	0	0	0	0	0	2	0	0	54	0	0	8	1	3	0	0	0	0	7	12	0	11	0	1	0	0	0	39	0	0	1	0	0	0	2	1	0	0	2	9	0	0	0	3	0	0	10	0	0	2	0	0
6	4	0	0	0	7	0	2	33	221	0	0	150	0	19	0	12	0	0	324	14	10	2	0	2	81	0	6	103	0	97	0	404	102	32	0	0	8	76	10	2	3	19	4	46	47	0	0	2	0	0	23	8	0	4	189	27	266	66	0	0	2	0	0	0	3	2	12	0	11	16	4	2	235
4	3	30	1	37	189	0	33	96	215	0	0	43	1	2	0	15	0	324	0	117	10	40	121	44	36	0	90	154	0	248	0	267	92	126	0	0	6	180	133	14	39	85	11	284	18	0	16	40	14	60	0	226	0	110	483	502	81	44	0	9	22	0	0	0	18	13	94	29	280	258	14	3	12
2	0	0	0	0	0	0	0	18	1	0	0	74	0	0	0	0	0	14	117	0	0	0	2	0	661	0	0	0	1	4	0	1290	73	0	0	0	0	395	0	0	0	1	0	3	49	0	0	0	0	8	16	0	0	0	3	0	20	0	0	0	0	0	0	0	0	0	0	0	0	0	0	0	8
158	2	0	0	0	0	0	0	7	0	0	0	3	0	0	0	0	0	10	10	0	0	0	275	0	231	0	0	14	0	384	0	20	7	3	0	0	0	27	0	0	0	0	0	85	29	0	0	0	0	42	9	0	0	0	10	3	114	0	0	0	0	0	0	0	0	2	0	0	0	0	0	1	94
0	2	0	0	0	0	0	0	15	0	0	0	41	2	0	0	0	0	2	40	0	0	0	139	0	15	0	0	1	0	0	0	16	42	2	0	0	0	16	0	0	0	2	0	0	33	0	0	0	0	0	0	0	0	0	0	0	55	64	0	0	0	0	0	0	0	0	0	0	0	0	2	0	9
303	0	0	0	0	42	0	0	0	0	0	0	0	0	0	0	2	0	0	121	2	275	139	0	169	9	0	0	61	0	0	0	2	57	2	0	0	0	2	0	2	0	0	0	272	0	0	0	0	0	0	3	89	0	257	292	20	17	0	0	2	4	0	2	0	0	0	265	0	0	0	0	0	0
4	0	0	0	0	0	0	0	0	0	0	0	0	0	0	0	0	0	2	44	0	0	0	169	0	2	0	0	4	0	14	0	0	0	0	0	0	0	0	0	0	0	0	0	63	0	0	0	0	0	19	2	0	0	0	146	94	0	0	0	0	0	0	0	0	0	0	0	0	0	0	0	0	0
110	0	5	1	8	0	0	42	13	0	0	0	5	0	0	0	512	0	81	36	661	231	15	9	2	0	0	39	60	1	45	0	373	35	104	1	0	1	357	206	34	0	41	2	110	17	0	0	2	2	4	0	208	0	267	21	30	52	6	0	2	1	0	0	0	10	79	64	0	3	45	2	3	1
0	0	0	0	0	0	0	0	0	0	0	0	0	0	0	0	0	0	0	0	0	0	0	0	0	0	0	0	0	0	0	0	0	0	0	0	0	0	0	0	0	0	0	0	0	0	0	0	0	0	0	0	0	0	0	0	0	0	0	0	0	0	0	0	0	0	0	0	0	0	0	0	0	0
0	18	0	0	0	0	0	0	67	0	0	0	543	70	1	0	0	2	6	90	0	0	0	0	0	39	0	0	1	1	2	0	27	1039	4	0	0	0	0	0	0	0	1	4	0	150	0	4	0	0	0	0	0	0	0	3	0	38	54	0	0	0	0	0	0	3	2	0	0	9	0	17	0	21
25	16	0	0	0	0	0	0	14	0	0	0	175	0	0	0	0	0	103	154	0	14	1	61	4	60	0	1	0	1	14	0	874	808	264	0	0	114	24	16	0	2	8	0	2	115	0	0	1	0	0	6	0	0	2	7	5	404	112	0	0	0	0	0	0	1	58	96	0	0	13	10	0	16
0	0	18	812	0	0	1	0	3	0	0	0	0	0	0	0	0	0	0	0	1	0	0	0	0	1	0	1	1	0	22	0	0	1	0	781	0	0	0	0	974	0	0	0	5	6	0	1	129	1	0	0	0	0	18	0	1	0	0	0	0	0	0	0	0	1504	1	0	0	0	0	0	0	0
49	0	0	0	0	623	0	0	0	39	0	0	2	0	0	0	60	54	97	248	4	384	0	0	14	45	0	2	14	22	0	0	24	4	6	0	0	0	2	2	8	0	24	328	800	0	0	0	0	0	288	0	1056	0	418	0	533	67	0	0	2	2	0	0	0	14	282	24	0	260	33	0	0	498
0	0	0	0	0	0	0	0	0	0	0	0	0	0	0	0	0	0	0	0	0	0	0	0	0	0	0	0	0	0	0	0	0	0	0	0	0	0	0	0	0	0	0	0	0	0	0	0	0	0	0	0	0	0	0	0	0	0	0	0	0	1	0	1	0	0	0	0	1	0	0	2	0	0
3	5	0	0	56	0	0	23	50	6	0	0	635	10	12	0	345	0	404	267	1290	20	16	2	0	373	0	27	874	0	24	0	0	174	228	2	0	0	1341	1010	9	6	14	7	2	30	0	0	83	47	0	0	25	0	203	35	35	171	17	1	0	16	0	0	0	2	1	57	2	0	1112	0	0	49
0	4	14	0	926	12	0	209	53	7	0	0	1781	38	0	1	55	8	102	92	73	7	42	57	0	35	0	1039	808	1	4	0	174	0	5	0	2	58	29	38	16	14	214	56	137	1182	0	0	0	0	40	0	2	0	253	3	43	779	2	0	78	86	0	0	0	35	46	33	57	1	451	2	12	7
49	17	0	0	0	0	0	2	32	2	0	0	42	1	13	0	0	1	32	126	0	3	2	2	0	104	0	4	264	0	6	0	228	5	0	0	0	0	38	20	0	0	8	0	0	9	0	0	0	0	0	4	0	0	1	5	5	306	75	1	0	1	0	0	0	0	11	0	0	2	2	13	0	14
0	1	0	0	0	0	0	0	0	331	0	0	0	0	61	0	0	3	0	0	0	0	0	0	0	1	0	0	0	781	0	0	2	0	0	0	0	0	0	0	188	0	0	10	0	0	0	9	0	0	0	0	0	0	0	0	1	0	0	0	0	0	0	0	0	313	0	0	0	2	0	1	0	3
0	0	5	0	0	0	0	0	0	0	0	0	0	0	0	0	0	0	0	0	0	0	0	0	0	0	0	0	0	0	0	0	0	2	0	0	0	0	0	0	5	0	0	2	0	0	0	0	0	0	0	0	0	0	0	0	0	0	0	0	8	16	0	0	0	0	0	0	0	0	0	5	0	0
0	0	0	0	0	0	0	0	0	0	2	0	0	26	0	0	0	0	8	6	0	0	0	0	0	1	0	0	114	0	0	0	0	58	0	0	0	0	0	0	0	0	0	0	0	0	0	0	0	0	0	0	0	0	0	0	0	83	0	0	0	0	0	0	0	0	0	0	0	0	0	0	0	0
17	0	0	0	5	0	0	0	5	0	0	0	126	0	8	0	265	0	76	180	395	27	16	2	0	357	0	0	24	0	2	0	1341	29	38	0	0	0	0	152	20	0	1	0	22	31	0	0	1	0	0	16	0	0	187	0	0	57	0	0	0	0	0	0	0	2	2	2	0	4	94	0	0	22
2	7	0	0	0	0	0	0	3	3	0	0	246	0	21	0	0	0	10	133	0	0	0	0	0	206	0	0	16	0	2	0	1010	38	20	0	0	0	152	0	0	0	1	0	2	18	0	0	0	0	0	4	0	0	0	2	0	0	0	0	0	0	0	0	0	0	0	0	0	0	0	7	0	7
0	6	23	250	0	0	0	0	7	139	0	0	3	1	0	0	0	7	2	14	0	0	0	2	0	34	0	0	0	974	8	0	9	16	0	188	5	0	20	0	0	2	1	215	6	32	0	49	0	3	0	0	0	0	0	2	3	41	0	0	2	11	0	0	0	460	0	0	5	0	0	9	0	34
0	1	0	0	0	0	0	0	31	342	0	0	1	59	128	0	0	12	3	39	0	0	0	0	0	0	0	0	2	0	0	0	6	14	0	0	0	0	0	0	2	0	3	4	0	6	0	17	0	0	0	0	0	0	0	0	2	280	96	0	0	0	0	0	0	2	0	0	9	9	0	1	3	19
2	3	0	0	0	1	0	1	43	40	0	0	383	0	21	0	0	0	19	85	1	0	2	0	0	41	0	1	8	0	24	0	14	214	8	0	0	0	1	1	1	3	0	2	4	57	0	0	0	3	0	0	0	0	2	1	13	488	172	2	1	0	0	0	0	2	4	0	1	5	6	2	3	49
0	8	0	8	0	2	0	0	6	595	0	0	0	128	131	0	0	11	4	11	0	0	0	0	0	2	0	4	0	0	328	0	7	56	0	10	2	0	0	0	215	4	2	0	9	8	0	22	8	0	6	0	12	0	0	0	69	47	26	0	2	16	0	0	0	10	3	0	4	5	0	8	0	334
9	1	1	0	0	0	0	0	9	16	0	0	6	0	0	0	4	0	46	284	3	85	0	272	63	110	0	0	2	5	800	0	2	137	0	0	0	0	22	2	6	0	4	9	0	10	0	0	1	0	22	1	127	0	69	2	83	23	0	0	0	1	0	0	0	0	12	1	0	48	1	0	2	117
0	0	16	0	140	26	0	14	1	1	0	0	419	1	0	2	2	1	47	18	49	29	33	0	0	17	0	150	115	6	0	0	30	1182	9	0	0	0	31	18	32	6	57	8	10	0	0	0	0	0	0	0	55	0	67	0	22	206	0	0	23	21	0	0	0	15	56	1	0	0	90	1	10	1
0	0	0	0	0	0	0	0	0	0	0	0	0	0	0	0	0	0	0	0	0	0	0	0	0	0	0	0	0	0	0	0	0	0	0	0	0	0	0	0	0	0	0	0	0	0	0	0	0	0	0	0	0	0	0	0	0	0	0	0	0	0	0	0	0	0	0	0	0	0	0	0	0	0
0	0	23	5	3	6	0	0	0	35	0	0	2	0	2	0	0	0	0	16	0	0	0	0	0	0	0	4	0	1	0	0	0	0	0	9	0	0	0	0	49	17	0	22	0	0	0	0	0	0	0	0	8	0	0	0	22	1	0	0	0	0	0	0	0	39	0	0	1	28	0	1	0	0
0	3	0	0	0	0	0	0	0	37	0	0	0	0	31	0	0	0	2	40	0	0	0	0	0	2	0	0	1	129	0	0	83	0	0	0	0	0	1	0	0	0	0	8	1	0	0	0	0	0	0	0	0	0	0	0	0	0	0	0	0	0	0	0	0	2	0	0	0	0	0	3	0	0
1	3	0	0	0	3	0	0	16	36	0	0	0	0	0	0	0	39	0	14	0	0	0	0	0	2	0	0	0	1	0	0	47	0	0	0	0	0	0	0	3	0	3	0	0	0	0	0	0	0	0	0	0	0	0	0	0	0	0	0	0	0	0	0	0	0	4	0	0	4	0	3	0	2
0	0	0	0	9	100	0	0	0	25	0	0	0	0	0	0	0	0	0	60	8	42	0	0	19	4	0	0	0	0	288	0	0	40	0	0	0	0	0	0	0	0	0	6	22	0	0	0	0	0	0	0	163	0	71	0	255	9	0	0	0	0	0	0	0	0	10	0	0	44	0	0	0	54
3	0	0	0	0	0	0	0	0	0	0	0	0	0	0	0	27	0	23	0	16	9	0	3	2	0	0	0	6	0	0	0	0	0	4	0	0	0	16	4	0	0	0	0	1	0	0	0	0	0	0	0	0	0	2	0	0	0	0	0	0	0	0	0	0	0	0	2	0	0	0	0	0	0
4	0	0	0	0	3	0	0	0	716	0	0	0	0	34	0	0	1	8	226	0	0	0	89	0	208	0	0	0	0	1056	0	25	2	0	0	0	0	0	0	0	0	0	12	127	55	0	8	0	0	163	0	0	0	0	0	155	61	0	0	0	0	0	0	0	0	0	0	0	7	0	0	0	548
0	0	0	0	0	0	0	0	0	0	0	0	0	0	0	0	0	0	0	0	0	0	0	0	0	0	0	0	0	0	0	0	0	0	0	0	0	0	0	0	0	0	0	0	0	0	0	0	0	0	0	0	0	0	0	0	0	0	0	0	0	0	0	0	0	0	0	0	0	0	0	0	0	0
85	3	0	0	0	0	0	0	6	0	0	0	6	0	0	0	0	0	4	110	0	0	0	257	0	267	0	0	2	18	418	0	203	253	1	0	0	0	187	0	0	0	2	0	69	67	0	0	0	0	71	2	0	0	0	106	0	70	4	0	0	0	0	0	0	0	2	0	0	3	4	1	0	23
1	1	1	0	0	0	0	3	48	0	0	0	5	0	0	0	0	0	189	483	3	10	0	292	146	21	0	3	7	0	0	0	35	3	5	0	0	0	0	2	2	0	1	0	2	0	0	0	0	0	0	0	0	0	106	0	107	5	28	0	2	0	0	0	0	0	0	228	0	150	1	3	4	7
0	1	44	0	0	3	0	0	23	617	0	0	62	1	129	0	0	2	27	502	0	3	0	20	94	30	0	0	5	1	533	0	35	43	5	1	0	0	0	0	3	2	13	69	83	22	0	22	0	0	255	0	155	0	0	107	0	87	29	2	0	6	0	0	0	64	3	0	0	12	0	1	0	171
42	14	4	0	17	144	0	37	81	53	0	0	139	5	15	0	54	1	266	81	20	114	55	17	0	52	0	38	404	0	67	0	171	779	306	0	0	83	57	0	41	280	488	47	23	206	0	1	0	0	9	0	61	0	70	5	87	0	254	2	16	31	0	0	0	20	417	103	33	2	206	14	3	553
8	16	0	0	0	0	0	12	136	1	0	0	42	0	20	0	2	0	66	44	0	0	64	0	0	6	0	54	112	0	0	0	17	2	75	0	0	0	0	0	0	96	172	26	0	0	0	0	0	0	0	0	0	0	4	28	29	254	0	3	0	0	0	0	0	0	77	0	0	56	47	11	0	8
0	0	0	0	0	0	0	1	0	0	0	0	1	0	0	0	0	0	0	0	0	0	0	0	0	0	0	0	0	0	0	0	1	0	1	0	0	0	0	0	0	0	2	0	0	0	0	0	0	0	0	0	0	0	0	0	2	2	3	0	0	0	0	0	0	0	0	0	0	0	1	0	0	0
1	1	0	0	0	0	0	0	6	28	0	0	2	173	0	0	0	2	0	9	0	0	0	2	0	2	0	0	0	0	2	0	0	78	0	0	8	0	0	0	2	0	1	2	0	23	0	0	0	0	0	0	0	0	0	2	0	16	0	0	0	0	0	0	0	0	1	0	1	8	0	1	0	17
0	8	0	0	0	0	0	0	23	21	4	0	11	241	9	0	0	9	2	22	0	0	0	4	0	1	0	0	0	0	2	1	16	86	1	0	16	0	0	0	11	0	0	16	1	21	0	0	0	0	0	0	0	0	0	0	6	31	0	0	0	0	0	0	0	2	4	0	8	10	0	8	1	41
0	0	0	0	0	0	0	0	0	0	0	0	0	0	0	0	0	0	0	0	0	0	0	0	0	0	0	0	0	0	0	0	0	0	0	0	0	0	0	0	0	0	0	0	0	0	0	0	0	0	0	0	0	0	0	0	0	0	0	0	0	0	0	0	0	0	0	0	0	0	0	0	0	0
0	0	0	0	0	0	0	0	7	0	0	0	1	29	0	0	0	0	0	0	0	0	0	2	0	0	0	0	0	0	0	1	0	0	0	0	0	0	0	0	0	0	0	0	0	0	0	0	0	0	0	0	0	0	0	0	0	0	0	0	0	0	0	0	0	0	0	0	2	0	0	0	0	1
0	0	0	0	0	0	0	0	0	0	0	0	0	0	0	0	0	0	0	0	0	0	0	0	0	0	0	0	0	0	0	0	0	0	0	0	0	0	0	0	0	0	0	0	0	0	0	0	0	0	0	0	0	0	0	0	0	0	0	0	0	0	0	0	0	0	0	0	0	0	0	0	0	0
0	0	103	205	0	0	0	0	0	576	0	0	25	1	13	0	2	3	3	18	0	0	0	0	0	10	0	3	1	1504	14	0	2	35	0	313	0	0	2	0	460	2	2	10	0	15	0	39	2	0	0	0	0	0	0	0	64	20	0	0	0	2	0	0	0	0	0	0	0	0	1	0	0	13
7	10	0	1	0	0	0	0	6	10	0	0	1	0	0	0	2	0	2	13	0	2	0	0	0	79	0	2	58	1	282	0	1	46	11	0	0	0	2	0	0	0	4	3	12	56	0	0	0	4	10	0	0	0	2	0	3	417	77	0	1	4	0	0	0	0	0	0	0	8	2	14	0	17
20	0	0	0	0	0	0	0	8	23	0	0	1	0	27	0	0	0	12	94	0	0	0	265	0	64	0	0	96	0	24	0	57	33	0	0	0	0	2	0	0	0	0	0	1	1	0	0	0	0	0	2	0	0	0	228	0	103	0	0	0	0	0	0	0	0	0	0	0	0	0	0	0	144
0	0	1	0	7	0	0	0	47	4	4	0	0	0	0	0	0	10	0	29	0	0	0	0	0	0	0	0	0	0	0	1	2	57	0	0	0	0	0	0	5	9	1	4	0	0	0	1	0	0	0	0	0	0	0	0	0	33	0	0	1	8	0	2	0	0	0	0	0	7	3	0	3	20
0	0	7	1	5	7	0	0	7	331	0	0	0	0	0	0	2	0	11	280	0	0	0	0	0	3	0	9	0	0	260	0	0	1	2	2	0	0	4	0	0	9	5	5	48	0	0	28	0	4	44	0	7	0	3	150	12	2	56	0	8	10	0	0	0	0	8	0	7	0	7	4	4	13
0	2	0	0	0	0	0	2	43	0	0	0	233	1	0	0	0	0	16	258	0	0	0	0	0	45	0	0	13	0	33	0	1112	451	2	0	0	0	94	0	0	0	6	0	1	90	0	0	0	0	0	0	0	0	4	1	0	206	47	1	0	0	0	0	0	1	2	0	3	7	0	2	0	3
0	0	1	0	8	3	0	0	16	12	0	0	9	0	0	0	0	2	4	14	0	0	2	0	0	2	0	17	10	0	0	2	0	2	13	1	5	0	0	7	9	1	2	8	0	1	0	1	3	3	0	0	0	0	1	3	1	14	11	0	1	8	0	0	0	0	14	0	0	4	2	0	0	4
0	0	4	0	0	0	0	0	4	0	0	0	5	23	0	0	0	0	2	3	0	1	0	0	0	3	0	0	0	0	0	0	0	12	0	0	0	0	0	0	0	3	3	0	2	10	0	0	0	0	0	0	0	0	0	4	0	3	0	0	0	1	0	0	0	0	0	0	3	4	0	0	0	1
0	0	6	1	8	351	0	1	1	0	0	0	5	0	2	0	34	0	235	12	8	94	9	0	0	1	0	21	16	0	498	0	49	7	14	3	0	0	22	7	34	19	49	334	117	1	0	0	0	2	54	0	548	0	23	7	171	553	8	0	17	41	0	1	0	13	17	144	20	13	3	4	1	0
