0	0	0	0	0	8	0	0	0	1	0	0	0	0	0	0	6	0	8	0	3	140	0	132	1	3	0	0	29	0	1	0	0	1	39	0	0	1	0	3	0	0	0	0	1	0	0	0	0	2	0	107	1	0	139	0	0	14	0	0	0	0	0	0	0	0	11	106	0	0	0	0	0	0
0	0	56	0	280	0	0	82	0	10	0	0	98	43	0	13	19	5	1	15	1	5	11	1	0	0	0	0	4	11	14	3	14	100	17	5	0	38	0	66	0	205	0	61	3	74	0	0	0	8	0	0	1	0	8	2	36	34	53	0	88	255	0	61	0	8	8	38	10	20	56	9	52	15
0	56	0	0	0	28	0	0	2	583	0	0	9	183	114	0	8	16	0	13	11	0	0	0	0	10	8	0	56	9	0	7	0	1	0	0	0	0	0	0	0	0	0	0	2	0	0	15	0	0	0	13	0	0	0	0	140	0	8	0	0	0	0	0	0	19	0	0	1	0	0	56	10	7
0	0	0	0	0	0	0	0	2	1	0	0	0	4	5	0	0	0	0	3	0	0	0	0	0	0	7	0	0	1194	4	3	0	1	0	0	0	0	0	0	0	0	0	0	0	0	0	0	0	0	0	0	0	0	0	0	0	0	0	0	0	0	0	0	0	4	0	0	0	0	0	0	0	0
0	280	0	0	0	0	0	0	0	31	4	0	195	44	2	0	0	20	0	14	1	0	0	0	0	0	0	0	0	91	0	6	0	1391	0	0	0	0	0	0	0	0	0	2	0	0	0	0	0	0	0	0	0	0	0	0	2	0	0	0	0	0	0	0	0	0	0	0	0	0	1	262	41	0
8	0	28	0	0	0	0	1	0	28	0	0	7	0	0	0	1342	26	215	8	804	103	12	7	0	731	0	0	343	0	6	0	238	137	395	0	0	5	0	640	0	2	0	12	409	0	0	0	0	0	58	0	169	0	172	54	62	216	0	0	0	0	0	0	0	0	111	212	0	63	56	3	5	130
0	0	0	0	0	0	0	0	0	0	0	0	0	0	0	0	0	0	0	0	0	0	0	0	0	0	0	0	0	3	0	0	0	0	0	0	0	0	0	0	0	0	0	0	0	0	0	0	0	0	0	0	0	0	0	0	0	0	0	0	0	0	0	0	0	0	0	0	0	0	0	0	0	0
0	82	0	0	0	1	0	0	0	0	0	0	702	0	0	0	293	0	6	176	154	0	0	0	0	2	0	0	10	0	0	141	10	145	0	0	0	0	0	0	0	0	0	0	0	0	0	0	0	0	0	0	0	0	0	0	0	0	24	0	0	0	0	0	0	0	0	0	0	0	0	63	0	0
0	0	2	2	0	0	0	0	0	1	0	0	0	2	0	0	0	0	1	0	0	0	0	0	0	0	0	0	2	0	0	0	0	0	1	0	0	0	0	1	0	1	0	0	0	0	0	0	0	4	0	0	0	0	0	0	16	0	0	0	0	6	0	0	0	0	0	0	0	0	1	0	0	0
1	10	583	1	31	28	0	0	1	0	0	0	2	38	386	0	3	125	192	29	2	0	3	0	0	1	3	0	0	14	291	0	7	0	1	226	0	17	0	1	0	205	0	625	0	0	0	12	0	0	117	0	446	0	0	0	491	2	3	0	15	90	0	2	0	351	0	16	0	413	1	29	24	1
0	0	0	0	4	0	0	0	0	0	0	0	0	0	0	0	0	0	0	48	0	0	0	0	0	0	0	0	0	0	0	0	0	0	0	0	0	0	0	0	0	2	0	0	0	0	0	0	0	0	0	0	0	0	0	0	0	0	0	0	0	12	0	0	0	0	0	0	0	0	0	6	0	0
0	0	0	0	0	0	0	0	0	0	0	0	0	0	0	0	0	0	0	0	0	0	0	0	0	0	0	0	0	0	0	0	0	0	0	0	0	0	0	0	0	0	0	0	0	0	0	0	0	0	0	0	0	0	0	0	0	0	0	0	0	0	0	0	0	0	0	0	0	0	0	0	0	0
0	98	9	0	195	7	0	702	0	2	0	0	0	5	4	7	139	1	118	38	98	1	18	0	0	0	0	0	45	0	1	158	629	2681	74	0	0	9	0	857	0	3	0	2	3	397	0	0	0	21	0	0	0	0	27	19	44	71	55	0	5	6	0	2	0	0	3	17	0	50	392	154	3	1
0	43	183	4	44	0	0	0	2	38	0	0	5	0	1	0	0	2	4	5	1	0	22	0	0	1	0	0	0	0	48	7	5	17	2	44	0	321	0	2	0	258	0	310	2	1	0	0	0	0	0	0	0	0	0	33	22	10	7	0	735	1402	0	40	0	22	0	15	0	0	0	144	34	0
0	0	114	5	2	0	0	0	0	386	0	0	4	1	0	1	5	23	30	2	0	0	16	0	0	0	2	0	1	0	7	0	3	1	4	296	0	10	0	4	0	224	0	222	0	0	0	3	0	0	0	0	0	0	0	0	150	20	0	0	5	5	0	0	0	137	6	23	0	1	0	3	3	3
0	13	0	0	0	0	0	0	0	0	0	0	7	0	1	0	0	0	0	4	13	0	0	0	0	1	0	0	0	0	0	0	0	8	0	0	0	0	0	0	0	0	0	0	0	0	0	0	0	0	0	0	0	0	0	0	1	0	0	0	0	0	0	0	0	0	0	0	0	0	0	13	2	0
6	19	8	0	0	1342	0	293	0	3	0	0	139	0	5	0	0	6	120	2	1669	99	4	51	0	902	0	0	67	0	17	0	406	314	78	4	0	24	0	883	0	0	0	4	307	14	0	0	0	0	1	293	62	0	194	32	8	181	43	0	18	3	0	0	0	0	345	552	0	14	72	57	5	44
0	5	16	0	20	26	0	0	0	125	0	0	1	2	23	0	6	0	0	0	0	0	3	0	0	0	0	0	0	4	11	0	12	4	0	13	0	43	0	1	0	4	0	136	2	28	0	0	0	924	1	0	35	0	0	0	8	15	0	0	35	56	0	0	0	9	0	0	11	1	2	15	19	5
8	1	0	0	0	215	0	6	1	192	0	0	118	4	30	0	120	0	0	141	147	26	6	0	0	100	0	0	462	7	125	0	18	127	18	0	0	4	0	14	0	76	0	4	5	0	0	0	0	0	2	0	28	0	2	41	292	18	270	0	0	0	0	0	0	5	36	130	0	12	30	1	0	677
0	15	13	3	14	8	0	176	0	29	48	0	38	5	2	4	2	0	141	0	138	0	44	0	1	67	0	0	23	0	182	2	181	202	24	0	0	15	0	232	0	52	0	0	145	3	0	0	0	0	5	0	3	0	71	121	222	29	13	0	29	22	0	3	0	28	38	15	2	191	223	45	6	7
3	1	11	0	1	804	0	154	0	2	0	0	98	1	0	13	1669	0	147	138	0	50	2	5	0	1029	0	0	141	2	5	0	970	328	139	1	0	5	0	1016	0	4	0	10	231	36	0	0	0	0	1	250	41	0	133	56	30	154	8	0	16	18	0	2	0	0	18	456	0	21	431	8	1	9
140	5	0	0	0	103	0	0	0	0	0	0	1	0	0	0	99	0	26	0	50	0	0	0	0	128	0	0	36	0	325	0	1	90	0	0	0	0	0	0	0	0	0	0	60	0	0	0	0	0	25	533	0	0	0	5	10	0	8	0	0	0	0	0	0	0	0	0	0	0	0	5	1	113
0	11	0	0	0	12	0	0	0	3	0	0	18	22	16	0	4	3	6	44	2	0	0	0	0	2	0	0	27	0	4	0	0	13	0	0	0	0	0	0	0	0	0	0	0	0	0	0	0	0	0	3	0	0	0	73	8	0	0	0	0	0	0	0	0	0	0	0	0	0	0	4	0	2
132	1	0	0	0	7	0	0	0	0	0	0	0	0	0	0	51	0	0	0	5	0	0	0	550	3	0	0	0	3	6	0	0	0	0	0	0	0	0	0	0	0	0	0	0	0	0	0	0	0	0	556	0	0	0	130	0	0	0	0	0	0	0	0	0	0	0	0	0	0	0	1	0	0
1	0	0	0	0	0	0	0	0	0	0	0	0	0	0	0	0	0	0	1	0	0	0	550	0	0	0	0	0	0	14	0	0	0	0	0	0	0	0	0	0	0	0	0	0	0	0	0	0	0	4	43	0	0	0	1	0	0	0	0	0	0	0	0	0	0	0	0	0	0	0	0	0	0
3	0	10	0	0	731	0	2	0	1	0	0	0	1	0	1	902	0	100	67	1029	128	2	3	0	0	0	0	48	1	5	0	662	76	102	0	0	3	0	667	0	0	0	1	266	6	0	0	0	0	0	174	57	0	181	15	18	158	0	0	0	1	0	0	0	0	200	373	0	16	314	5	8	4
0	0	8	7	0	0	0	0	0	3	0	0	0	0	2	0	0	0	0	0	0	0	0	0	0	0	0	0	0	572	0	0	0	0	0	6	0	0	0	0	0	0	0	3	0	0	0	0	0	0	0	0	0	0	0	0	1	0	0	0	1	0	0	0	0	16	0	0	0	0	0	0	0	0
0	0	0	0	0	0	0	0	0	0	0	0	0	0	0	0	0	0	0	0	0	0	0	0	0	0	0	0	0	0	0	0	0	0	0	0	0	0	0	0	0	0	0	0	0	0	0	0	0	0	0	0	0	0	0	0	0	0	0	0	0	0	0	0	0	0	0	0	0	0	0	0	0	0
29	4	56	0	0	343	0	10	2	0	0	0	45	0	1	0	67	0	462	23	141	36	27	0	0	48	0	0	0	2	2	2	191	57	300	0	0	247	0	432	0	0	0	0	33	2	0	0	0	0	0	113	0	0	8	126	18	211	225	0	0	0	0	0	0	0	173	296	0	1	14	4	1	3
0	11	9	1194	91	0	3	0	0	14	0	0	0	0	0	0	0	4	7	0	2	0	0	3	0	1	572	0	2	0	11	0	0	10	6	2592	0	10	0	0	0	0	0	16	0	0	0	0	0	0	0	1	9	0	1	0	11	1	0	0	12	1	0	0	0	3740	10	4	0	0	1	62	145	1
1	14	0	4	0	6	0	0	0	291	0	0	1	48	7	0	17	11	125	182	5	325	4	6	14	5	0	0	2	11	0	0	0	12	0	0	0	13	0	9	0	0	0	372	234	0	0	0	0	0	280	1	98	0	364	0	582	86	2	0	0	0	0	2	0	0	328	14	0	62	0	14	0	984
0	3	7	3	6	0	0	141	0	0	0	0	158	7	0	0	0	0	0	2	0	0	0	0	0	0	0	0	2	0	0	0	1	563	2	0	0	0	0	0	0	19	0	0	0	484	0	0	0	0	0	0	0	0	0	0	0	0	0	0	0	248	0	378	0	0	0	0	174	4	0	0	4	0
0	14	0	0	0	238	0	10	0	7	0	0	629	5	3	0	406	12	18	181	970	1	0	0	0	662	0	0	191	0	0	1	0	66	24	0	0	6	0	31	0	0	0	2	4	3	0	0	0	0	0	49	0	0	4	2	4	7	8	0	0	6	0	0	0	1	0	11	0	1	17	8	4	3
1	100	1	1	1391	137	0	145	0	0	0	0	2681	17	1	8	314	4	127	202	328	90	13	0	0	76	0	0	57	10	12	563	66	0	135	0	0	6	0	1494	0	0	0	5	3	819	0	0	0	185	10	2	0	0	300	0	26	376	48	0	1	6	0	2	0	0	206	90	0	172	219	203	16	6
39	17	0	0	0	395	0	0	1	1	0	0	74	2	4	0	78	0	18	24	139	0	0	0	0	102	0	0	300	6	0	2	24	135	0	0	0	0	0	0	0	0	0	0	2	0	0	0	0	0	0	135	0	0	0	0	12	0	252	0	0	0	0	0	0	0	0	0	0	0	0	16	2	1
0	5	0	0	0	0	0	0	0	226	0	0	0	44	296	0	4	13	0	0	1	0	0	0	0	0	6	0	0	2592	0	0	0	0	0	0	0	0	0	0	0	0	0	0	0	0	0	11	0	0	0	0	0	0	0	0	2	0	0	0	0	0	0	0	0	5	0	0	0	0	0	5	7	21
0	0	0	0	0	0	0	0	0	0	0	0	0	0	0	0	0	0	0	0	0	0	0	0	0	0	0	0	0	0	0	0	0	0	0	0	0	0	0	0	0	0	0	0	0	0	0	0	0	0	0	0	0	0	0	0	0	0	0	0	0	0	0	0	0	0	0	0	0	0	0	0	0	0
1	38	0	0	0	5	0	0	0	17	0	0	9	321	10	0	24	43	4	15	5	0	0	0	0	3	0	0	247	10	13	0	6	6	0	0	0	0	0	0	0	0	0	2	2	0	0	0	0	0	0	0	0	0	0	9	2	0	70	0	0	0	0	0	0	0	0	0	2	0	0	37	31	0
0	0	0	0	0	0	0	0	0	0	0	0	0	0	0	0	0	0	0	0	0	0	0	0	0	0	0	0	0	0	0	0	0	0	0	0	0	0	0	0	0	0	0	0	0	0	0	0	0	0	0	0	0	0	0	0	0	0	0	0	0	0	0	0	0	0	0	0	0	0	0	0	0	0
3	66	0	0	0	640	0	0	1	1	0	0	857	2	4	0	883	1	14	232	1016	0	0	0	0	667	0	0	432	0	9	0	31	1494	0	0	0	0	0	0	0	0	0	0	5	0	0	0	0	0	0	142	0	0	0	2	5	0	54	0	0	0	0	0	0	0	0	0	0	0	0	22	1	19
0	0	0	0	0	0	0	0	0	0	0	0	0	0	0	0	0	0	0	0	0	0	0	0	0	0	0	0	0	0	0	0	0	0	0	0	0	0	0	0	0	0	0	0	0	0	0	0	0	0	0	0	0	0	0	0	0	0	0	0	0	0	0	0	0	0	0	0	0	0	0	0	0	0
0	205	0	0	0	2	0	0	1	205	2	0	3	258	224	0	0	4	76	52	4	0	0	0	0	0	0	0	0	0	0	19	0	0	0	0	0	0	0	0	0	0	0	4	0	0	0	0	0	0	0	0	0	0	0	0	6	0	142	0	0	0	0	0	0	0	0	0	1	0	0	205	9	2
0	0	0	0	0	0	0	0	0	0	0	0	0	0	0	0	0	0	0	0	0	0	0	0	0	0	0	0	0	0	0	0	0	0	0	0	0	0	0	0	0	0	0	0	0	0	0	0	0	0	0	0	0	0	0	0	0	0	0	0	0	0	0	0	0	0	0	0	0	0	0	0	0	0
0	61	0	0	2	12	0	0	0	625	0	0	2	310	222	0	4	136	4	0	10	0	0	0	0	1	3	0	0	16	372	0	2	5	0	0	0	2	0	0	0	4	0	0	0	0	0	18	0	0	61	0	0	0	0	0	150	0	0	0	2	4	0	0	0	2	0	0	1	0	0	61	17	556
1	3	2	0	0	409	0	0	0	0	0	0	3	2	0	0	307	2	5	145	231	60	0	0	0	266	0	0	33	0	234	0	4	3	2	0	0	2	0	5	0	0	0	0	226	3	0	0	0	0	69	11	102	0	102	1	41	1	0	0	0	2	0	0	0	0	10	13	0	2	4	3	1	18
0	74	0	0	0	0	0	0	0	0	0	0	397	1	0	0	14	28	0	3	36	0	0	0	0	6	0	0	2	0	0	484	3	819	0	0	0	0	0	0	0	0	0	0	3	0	0	0	0	0	1	0	0	0	0	0	2	0	0	0	0	0	0	0	0	0	0	0	0	0	0	59	5	0
0	0	0	0	0	0	0	0	0	0	0	0	0	0	0	0	0	0	0	0	0	0	0	0	0	0	0	0	0	0	0	0	0	0	0	0	0	0	0	0	0	0	0	0	0	0	0	0	0	0	0	0	0	0	0	0	0	0	0	0	0	0	0	0	0	0	0	0	0	0	0	0	0	0
0	0	15	0	0	0	0	0	0	12	0	0	0	0	3	0	0	0	0	0	0	0	0	0	0	0	0	0	0	0	0	0	0	0	0	11	0	0	0	0	0	0	0	18	0	0	0	0	0	0	0	0	0	0	0	0	7	0	0	0	2	7	0	0	0	16	0	0	0	2	0	0	0	0
0	0	0	0	0	0	0	0	0	0	0	0	0	0	0	0	0	0	0	0	0	0	0	0	0	0	0	0	0	0	0	0	0	0	0	0	0	0	0	0	0	0	0	0	0	0	0	0	0	0	0	0	0	0	0	0	0	0	0	0	0	0	0	0	0	0	0	0	0	0	0	0	0	0
2	8	0	0	0	0	0	0	4	0	0	0	21	0	0	0	0	924	0	0	0	0	0	0	0	0	0	0	0	0	0	0	0	185	0	0	0	0	0	0	0	0	0	0	0	0	0	0	0	0	0	0	0	0	0	0	3	0	0	0	0	0	0	0	0	0	0	0	0	0	0	8	3	0
0	0	0	0	0	58	0	0	0	117	0	0	0	0	0	0	1	1	2	5	1	25	0	0	4	0	0	0	0	0	280	0	0	10	0	0	0	0	0	0	0	0	0	61	69	1	0	0	0	0	0	1	54	0	29	0	15	1	0	0	0	0	0	0	0	0	19	0	0	1	0	1	0	315
107	0	13	0	0	0	0	0	0	0	0	0	0	0	0	0	293	0	0	0	250	533	3	556	43	174	0	0	113	1	1	0	49	2	135	0	0	0	0	142	0	0	0	0	11	0	0	0	0	0	1	0	0	0	429	39	0	84	1	0	0	0	0	0	0	0	167	444	0	0	30	4	0	0
1	1	0	0	0	169	0	0	0	446	0	0	0	0	0	0	62	35	28	3	41	0	0	0	0	57	0	0	0	9	98	0	0	0	0	0	0	0	0	0	0	0	0	0	102	0	0	0	0	0	54	0	0	0	0	0	219	0	0	0	0	0	0	0	0	0	0	0	0	2	0	1	0	484
0	0	0	0	0	0	0	0	0	0	0	0	0	0	0	0	0	0	0	0	0	0	0	0	0	0	0	0	0	0	0	0	0	0	0	0	0	0	0	0	0	0	0	0	0	0	0	0	0	0	0	0	0	0	0	0	0	0	0	0	0	0	0	0	0	0	0	0	0	0	0	0	0	0
139	8	0	0	0	172	0	0	0	0	0	0	27	0	0	0	194	0	2	71	133	0	0	0	0	181	0	0	8	1	364	0	4	300	0	0	0	0	0	0	0	0	0	0	102	0	0	0	0	0	29	429	0	0	0	108	1	0	0	0	0	0	0	0	0	0	0	0	0	0	0	8	0	9
0	2	0	0	0	54	0	0	0	0	0	0	19	33	0	0	32	0	41	121	56	5	73	130	1	15	0	0	126	0	0	0	2	0	0	0	0	9	0	2	0	0	0	0	1	0	0	0	0	0	0	39	0	0	108	0	103	0	0	0	0	0	0	0	0	0	0	13	0	27	3	2	0	2
0	36	140	0	2	62	0	0	16	491	0	0	44	22	150	1	8	8	292	222	30	10	8	0	0	18	1	0	18	11	582	0	4	26	12	2	0	2	0	5	0	6	0	150	41	2	0	7	0	3	15	0	219	0	1	103	0	10	63	0	8	8	0	0	0	17	9	2	0	232	8	34	6	248
14	34	0	0	0	216	0	0	0	2	0	0	71	10	20	0	181	15	18	29	154	0	0	0	0	158	0	0	211	1	86	0	7	376	0	0	0	0	0	0	0	0	0	0	1	0	0	0	0	0	1	84	0	0	0	0	10	0	222	0	0	0	0	0	0	0	0	0	0	0	0	34	4	277
0	53	8	0	0	0	0	24	0	3	0	0	55	7	0	0	43	0	270	13	8	8	0	0	0	0	0	0	225	0	2	0	8	48	252	0	0	70	0	54	0	142	0	0	0	0	0	0	0	0	0	1	0	0	0	0	63	222	0	0	22	2	0	0	0	18	398	20	0	212	30	83	7	22
0	0	0	0	0	0	0	0	0	0	0	0	0	0	0	0	0	0	0	0	0	0	0	0	0	0	0	0	0	0	0	0	0	0	0	0	0	0	0	0	0	0	0	0	0	0	0	0	0	0	0	0	0	0	0	0	0	0	0	0	0	0	0	0	0	0	0	0	0	0	0	0	0	0
0	88	0	0	0	0	0	0	0	15	0	0	5	735	5	0	18	35	0	29	16	0	0	0	0	0	1	0	0	12	0	0	0	1	0	0	0	0	0	0	0	0	0	2	0	0	0	2	0	0	0	0	0	0	0	0	8	0	22	0	0	0	0	0	0	0	0	0	0	0	0	88	39	2
0	255	0	0	0	0	0	0	6	90	12	0	6	1402	5	0	3	56	0	22	18	0	0	0	0	1	0	0	0	1	0	248	6	6	0	0	0	0	0	0	0	0	0	4	2	0	0	7	0	0	0	0	0	0	0	0	8	0	2	0	0	0	0	0	0	11	0	0	3	0	0	255	45	28
0	0	0	0	0	0	0	0	0	0	0	0	0	0	0	0	0	0	0	0	0	0	0	0	0	0	0	0	0	0	0	0	0	0	0	0	0	0	0	0	0	0	0	0	0	0	0	0	0	0	0	0	0	0	0	0	0	0	0	0	0	0	0	0	0	0	0	0	0	0	0	0	0	0
0	61	0	0	0	0	0	0	0	2	0	0	2	40	0	0	0	0	0	3	2	0	0	0	0	0	0	0	0	0	2	378	0	2	0	0	0	0	0	0	0	0	0	0	0	0	0	0	0	0	0	0	0	0	0	0	0	0	0	0	0	0	0	0	0	0	0	0	0	0	0	55	0	0
0	0	0	0	0	0	0	0	0	0	0	0	0	0	0	0	0	0	0	0	0	0	0	0	0	0	0	0	0	0	0	0	0	0	0	0	0	0	0	0	0	0	0	0	0	0	0	0	0	0	0	0	0	0	0	0	0	0	0	0	0	0	0	0	0	0	0	0	0	0	0	0	0	0
0	8	19	4	0	0	0	0	0	351	0	0	0	22	137	0	0	9	5	28	0	0	0	0	0	0	16	0	0	3740	0	0	1	0	0	5	0	0	0	0	0	0	0	2	0	0	0	16	0	0	0	0	0	0	0	0	17	0	18	0	0	11	0	0	0	0	0	0	0	0	0	8	0	1
11	8	0	0	0	111	0	0	0	0	0	0	3	0	6	0	345	0	36	38	18	0	0	0	0	200	0	0	173	10	328	0	0	206	0	0	0	0	0	0	0	0	0	0	10	0	0	0	0	0	19	167	0	0	0	0	9	0	398	0	0	0	0	0	0	0	0	0	0	0	0	8	1	101
106	38	0	0	0	212	0	0	0	16	0	0	17	15	23	0	552	0	130	15	456	0	0	0	0	373	0	0	296	4	14	0	11	90	0	0	0	0	0	0	0	0	0	0	13	0	0	0	0	0	0	444	0	0	0	13	2	0	20	0	0	0	0	0	0	0	0	0	0	0	0	38	2	464
0	10	1	0	0	0	0	0	0	0	0	0	0	0	0	0	0	11	0	2	0	0	0	0	0	0	0	0	0	0	0	174	0	0	0	0	0	2	0	0	0	1	0	1	0	0	0	0	0	0	0	0	0	0	0	0	0	0	0	0	0	3	0	0	0	0	0	0	0	0	0	11	9	0
0	20	0	0	0	63	0	0	0	413	0	0	50	0	1	0	14	1	12	191	21	0	0	0	0	16	0	0	1	0	62	4	1	172	0	0	0	0	0	0	0	0	0	0	2	0	0	2	0	0	1	0	2	0	0	27	232	0	212	0	0	0	0	0	0	0	0	0	0	0	0	5	0	12
0	56	0	0	1	56	0	0	1	1	0	0	392	0	0	0	72	2	30	223	431	0	0	0	0	314	0	0	14	1	0	0	17	219	0	0	0	0	0	0	0	0	0	0	4	0	0	0	0	0	0	30	0	0	0	3	8	0	30	0	0	0	0	0	0	0	0	0	0	0	0	51	9	25
0	9	56	0	262	3	0	63	0	29	6	0	154	144	3	13	57	15	1	45	8	5	4	1	0	5	0	0	4	62	14	0	8	203	16	5	0	37	0	22	0	205	0	61	3	59	0	0	0	8	1	4	1	0	8	2	34	34	83	0	88	255	0	55	0	8	8	38	11	5	51	0	78	38
0	52	10	0	41	5	0	0	0	24	0	0	3	34	3	2	5	19	0	6	1	1	0	0	0	8	0	0	1	145	0	4	4	16	2	7	0	31	0	1	0	9	0	17	1	5	0	0	0	3	0	0	0	0	0	0	6	4	7	0	39	45	0	0	0	0	1	2	9	0	9	78	0	0
0	15	7	0	0	130	0	0	0	1	0	0	1	0	3	0	44	5	677	7	9	113	2	0	0	4	0	0	3	1	984	0	3	6	1	21	0	0	0	19	0	2	0	556	18	0	0	0	0	0	315	0	484	0	9	2	248	277	22	0	2	28	0	0	0	1	101	464	0	12	25	38	0	0
