0	0	0	0	0	0	0	0	0	21	0	0	0	2	0	0	8	0	10	1	9	368	0	159	80	27	0	0	235	0	20	0	3	8	48	0	0	0	0	0	2	0	0	0	36	1	0	0	0	4	0	0	5	0	230	0	0	7	0	0	0	0	0	0	0	0	77	195	0	1	0	0	0	7
0	0	0	0	1	0	0	12	0	1	0	0	39	2	0	0	3	6	3	2	0	0	0	0	1	0	0	0	7	0	0	0	29	32	2	0	0	12	0	20	0	3	2	1	0	0	0	0	0	0	0	0	1	0	0	7	0	4	2	0	8	0	0	2	0	1	1	1	0	5	2	0	2	0
0	0	0	0	0	0	0	0	1	483	0	0	5	299	42	0	0	4	2	2	0	0	0	0	0	4	0	0	0	3	2	24	0	5	0	0	0	0	0	0	0	0	0	8	0	61	0	36	0	0	0	0	0	0	0	0	191	12	6	0	0	0	0	0	0	34	0	0	5	2	0	0	0	0
0	0	0	0	0	0	0	0	0	5	0	0	0	0	1	0	0	0	0	0	0	0	0	0	0	0	0	0	0	207	0	0	0	4	0	0	0	0	0	0	0	0	0	0	0	0	0	4	0	0	0	0	0	0	0	0	0	0	0	0	0	0	0	0	0	96	0	0	0	0	0	0	0	1
0	1	0	0	0	0	0	0	0	3	8	0	220	203	4	0	0	0	2	1	0	0	0	0	0	0	0	0	0	0	2	82	7	1421	0	0	0	0	0	0	0	0	0	0	0	212	0	7	0	0	0	0	0	0	0	0	0	2	2	0	0	0	0	0	0	0	0	0	0	0	0	0	0	1
0	0	0	0	0	0	0	0	0	320	0	0	0	0	21	0	0	1	9	226	0	0	0	112	0	0	0	0	0	0	450	0	0	12	0	0	0	0	0	0	0	0	0	0	0	27	0	5	0	0	0	0	2	0	0	0	58	192	0	0	0	0	0	0	0	0	0	0	0	0	0	0	0	371
0	0	0	0	0	0	0	0	0	0	0	0	0	0	0	0	0	0	0	0	0	0	0	0	0	0	0	0	0	0	0	0	0	0	0	0	0	0	0	0	0	0	0	0	0	0	0	0	0	0	0	0	0	0	0	0	0	0	0	0	0	0	0	0	0	0	0	0	0	0	0	0	0	0
0	12	0	0	0	0	0	0	0	2	0	0	679	3	1	0	62	0	12	89	0	0	0	0	0	54	0	0	28	0	0	37	41	511	3	0	0	0	0	0	0	0	0	0	0	17	0	0	0	0	0	0	0	0	0	2	0	24	80	0	0	0	0	0	0	0	0	0	0	0	5	5	0	0
0	0	1	0	0	0	0	0	0	0	0	0	16	0	0	0	0	2	18	0	0	0	0	0	0	0	0	0	14	0	0	0	0	5	0	0	0	0	0	0	0	0	3	0	0	0	0	0	0	4	0	0	0	0	0	0	2	3	4	0	0	1	0	0	0	0	0	0	1	0	4	0	0	0
21	1	483	5	3	320	0	2	0	0	9	0	2	23	496	0	7	75	347	296	2	0	1	0	0	0	0	0	4	7	52	0	7	15	5	116	0	1	0	1	167	249	24	1404	18	27	0	75	0	18	2	0	824	0	10	0	702	29	39	0	48	44	0	1	0	503	9	12	0	292	54	21	2	1
0	0	0	0	8	0	0	0	0	9	0	0	1	17	0	0	0	0	0	0	0	0	0	0	0	0	0	0	0	0	0	0	0	0	0	0	0	2	0	0	0	2	0	0	0	4	0	0	0	0	0	0	0	0	0	0	0	0	0	0	38	26	0	0	0	0	0	0	4	0	0	22	24	0
0	0	0	0	0	0	0	0	0	0	0	0	0	0	0	0	0	0	0	0	0	0	0	0	0	0	0	0	0	0	0	0	0	0	0	0	0	0	0	0	0	0	0	0	0	0	0	0	0	0	0	0	0	0	0	0	0	0	0	0	0	0	0	0	0	0	0	0	0	0	0	0	0	0
0	39	5	0	220	0	0	679	16	2	1	0	0	4	2	1	111	3	280	26	145	1	10	0	2	20	0	109	247	0	2	0	688	2735	28	0	0	6	0	84	48	5	251	1	4	647	0	9	0	0	0	0	0	0	12	5	28	187	33	0	7	9	0	23	0	25	12	7	0	74	340	145	7	33
2	2	299	0	203	0	0	3	0	23	17	0	4	0	8	0	1	20	1	2	3	0	2	0	2	0	0	70	4	0	5	43	19	84	3	3	0	128	0	0	13	95	0	21	12	45	0	1	0	4	0	0	0	0	1	69	1	191	15	1	883	773	0	129	0	10	0	1	5	20	1	106	42	1
0	0	42	1	4	21	0	1	0	496	0	0	2	8	0	0	2	8	149	30	2	0	0	0	0	0	0	0	4	0	3	0	4	6	1	65	0	0	0	0	4	295	23	1043	0	0	0	5	0	0	0	0	20	0	3	0	118	3	30	0	5	13	0	2	0	48	3	49	4	54	3	0	0	1
0	0	0	0	0	0	0	0	0	0	0	0	1	0	0	0	0	0	0	0	0	0	0	0	0	0	0	0	0	0	0	0	0	1	0	0	0	0	0	0	0	0	0	0	0	4	0	0	0	0	0	0	0	0	0	0	0	0	0	0	0	0	0	0	0	0	0	0	0	0	0	0	0	0
8	3	0	0	0	0	0	62	0	7	0	0	111	1	2	0	0	7	83	18	315	52	0	0	35	552	0	0	130	0	108	0	266	148	26	0	0	7	0	91	7	4	0	0	19	31	0	0	0	0	0	0	10	0	147	7	0	132	6	0	18	1	0	0	0	7	160	248	0	2	21	29	0	14
0	6	4	0	0	1	0	0	2	75	0	0	3	20	8	0	7	0	0	2	0	0	0	0	0	0	0	2	0	0	6	0	0	3	1	0	0	0	0	1	2	2	0	36	0	33	0	17	0	4	0	0	10	0	0	0	0	4	0	0	2	3	0	0	0	9	0	0	2	0	0	6	0	1
10	3	2	0	2	9	0	12	18	347	0	0	280	1	149	0	83	0	0	309	8	8	0	0	0	103	0	0	370	0	93	0	45	259	36	0	0	4	0	4	2	3	13	98	6	80	0	5	0	0	0	0	18	0	4	57	338	379	158	0	0	0	0	0	0	3	24	10	0	16	8	3	2	496
1	2	2	0	1	226	0	89	0	296	0	0	26	2	30	0	18	2	309	0	51	12	14	161	83	48	0	9	74	0	190	0	104	44	18	0	0	7	0	0	9	2	100	2	250	63	0	18	0	0	12	0	451	0	296	505	431	34	17	0	31	36	0	0	0	29	16	83	0	141	282	39	1	25
9	0	0	0	0	0	0	0	0	2	0	0	145	3	2	0	315	0	8	51	0	0	0	2	0	778	0	0	6	1	16	0	33	534	1	0	0	0	0	0	0	0	0	0	0	64	0	0	0	0	8	0	0	0	0	4	0	46	56	0	0	0	0	0	0	0	0	0	0	0	2	0	0	8
368	0	0	0	0	0	0	0	0	0	0	0	1	0	0	0	52	0	8	12	0	0	0	104	0	106	0	0	206	0	206	0	3	9	6	0	0	0	0	0	0	0	0	2	0	29	0	0	0	0	0	0	0	0	0	3	3	184	0	0	0	0	0	0	0	0	0	0	0	0	0	0	0	64
0	0	0	0	0	0	0	0	0	1	0	0	10	2	0	0	0	0	0	14	0	0	0	0	0	0	0	0	0	0	0	0	0	41	0	0	0	0	0	0	0	0	0	0	0	66	0	0	0	0	0	0	0	0	0	1	0	65	0	0	0	0	0	0	0	0	0	0	0	0	0	0	0	5
159	0	0	0	0	112	0	0	0	0	0	0	0	0	0	0	0	0	0	161	2	104	0	0	30	4	0	0	0	0	0	0	2	55	2	0	0	0	0	0	0	0	0	0	26	0	0	0	0	0	0	0	50	0	142	129	0	11	0	0	0	0	0	0	0	0	0	106	0	0	0	0	0	0
80	1	0	0	0	0	0	0	0	0	0	0	2	2	0	0	35	0	0	83	0	0	0	30	0	15	0	0	0	0	0	0	2	2	0	0	0	0	0	0	0	0	0	0	0	1	0	0	0	0	0	0	0	0	0	9	47	0	0	0	0	0	0	0	0	0	0	0	0	0	0	1	0	1
27	0	4	0	0	0	0	54	0	0	0	0	20	0	0	0	552	0	103	48	778	106	0	4	15	0	0	0	200	0	11	0	549	39	44	0	0	1	0	68	18	1	28	1	113	17	0	4	0	0	0	0	161	0	230	33	3	36	9	0	2	0	0	0	0	8	276	112	0	8	96	2	0	6
0	0	0	0	0	0	0	0	0	0	0	0	0	0	0	0	0	0	0	0	0	0	0	0	0	0	0	0	0	0	0	0	0	0	0	0	0	0	0	0	0	0	0	0	0	0	0	0	0	0	0	0	0	0	0	0	0	0	0	0	0	0	0	0	0	0	0	0	0	0	0	0	0	0
0	0	0	0	0	0	0	0	0	0	0	0	109	70	0	0	0	2	0	9	0	0	0	0	0	0	0	0	1	0	0	0	5	773	0	0	0	0	0	0	0	0	0	4	0	98	0	0	0	0	0	0	0	0	0	0	0	0	0	0	0	0	0	0	0	0	0	0	0	0	0	0	0	0
235	7	0	0	0	0	0	28	14	4	0	0	247	4	4	0	130	0	370	74	6	206	0	0	0	200	0	1	0	0	16	0	384	809	550	0	0	0	0	6	0	2	2	14	39	117	0	0	0	0	0	0	0	0	2	1	22	737	308	0	0	0	0	0	0	1	509	297	0	0	35	6	0	37
0	0	3	207	0	0	0	0	0	7	0	0	0	0	0	0	0	0	0	0	1	0	0	0	0	0	0	0	0	0	0	0	0	7	0	94	0	0	0	0	253	0	0	0	0	0	0	10	0	0	0	0	0	0	1	2	1	0	0	0	0	0	0	0	0	534	0	0	0	0	0	0	0	0
20	0	2	0	2	450	0	0	0	52	0	0	2	5	3	0	108	6	93	190	16	206	0	0	0	11	0	0	16	0	0	0	14	16	6	0	0	0	0	0	10	0	20	258	360	137	0	0	0	0	623	0	736	0	420	0	392	142	0	0	4	4	0	0	0	0	312	30	0	144	55	0	0	488
0	0	24	0	82	0	0	37	0	0	0	0	0	43	0	0	0	0	0	0	0	0	0	0	0	0	0	0	0	0	0	0	0	29	0	0	0	0	0	0	0	0	0	0	0	0	0	0	0	0	0	0	0	0	0	0	0	0	2	0	0	30	0	82	0	0	0	0	0	0	0	0	0	0
3	29	0	0	7	0	0	41	0	7	0	0	688	19	4	0	266	0	45	104	33	3	0	2	2	549	0	5	384	0	14	0	0	221	20	0	0	9	0	6	2	8	6	4	1	36	0	3	0	0	0	0	27	0	26	16	17	78	19	0	0	11	0	0	0	2	4	10	0	3	31	9	0	49
8	32	5	4	1421	12	0	511	5	15	0	0	2735	84	6	1	148	3	259	44	534	9	41	55	2	39	0	773	809	7	16	29	221	0	17	0	0	59	0	5	24	14	196	57	103	2348	0	0	0	0	0	0	1	0	352	5	38	1648	6	0	103	88	0	1	0	38	165	49	61	0	1044	17	12	16
48	2	0	0	0	0	0	3	0	5	0	0	28	3	1	0	26	1	36	18	1	6	0	2	0	44	0	0	550	0	6	0	20	17	0	0	0	0	0	0	0	0	0	0	2	47	0	1	0	0	0	0	1	0	2	0	15	413	26	0	0	1	0	0	0	0	16	0	0	1	2	2	0	7
0	0	0	0	0	0	0	0	0	116	0	0	0	3	65	0	0	0	0	0	0	0	0	0	0	0	0	0	0	94	0	0	0	0	0	0	0	0	0	0	0	0	0	170	0	1	0	22	0	0	0	0	0	0	0	0	10	1	0	0	0	0	0	0	0	125	0	0	0	0	0	0	0	3
0	0	0	0	0	0	0	0	0	0	0	0	0	0	0	0	0	0	0	0	0	0	0	0	0	0	0	0	0	0	0	0	0	0	0	0	0	0	0	0	0	0	0	0	0	0	0	0	0	0	0	0	0	0	0	0	0	0	0	0	0	0	0	0	0	0	0	0	0	0	0	0	0	0
0	12	0	0	0	0	0	0	0	1	2	0	6	128	0	0	7	0	4	7	0	0	0	0	0	1	0	0	0	0	0	0	9	59	0	0	0	0	0	0	0	0	0	4	0	22	0	0	0	0	0	0	0	0	0	2	0	173	60	0	0	0	0	0	0	0	0	0	0	1	0	12	0	0
0	0	0	0	0	0	0	0	0	0	0	0	0	0	0	0	0	0	0	0	0	0	0	0	0	0	0	0	0	0	0	0	0	0	0	0	0	0	0	0	0	0	0	0	0	0	0	0	0	0	0	0	0	0	0	0	0	0	0	0	0	0	0	0	0	0	0	0	0	0	0	0	0	0
0	20	0	0	0	0	0	0	0	1	0	0	84	0	0	0	91	1	4	0	0	0	0	0	0	68	0	0	6	0	0	0	6	5	0	0	0	0	0	0	0	0	0	0	0	0	0	0	0	0	0	0	0	0	0	0	0	0	2	0	0	0	0	0	0	0	0	0	0	0	0	3	0	0
2	0	0	0	0	0	0	0	0	167	0	0	48	13	4	0	7	2	2	9	0	0	0	0	0	18	0	0	0	253	10	0	2	24	0	0	0	0	0	0	0	0	0	0	0	22	0	55	0	0	0	0	0	0	0	8	12	16	0	0	0	0	0	0	0	154	0	0	0	0	0	0	0	1
0	3	0	0	0	0	0	0	0	249	2	0	5	95	295	0	4	2	3	2	0	0	0	0	0	1	0	0	2	0	0	0	8	14	0	0	0	0	0	0	0	0	0	376	0	2	0	12	0	0	0	0	0	0	0	0	24	382	274	0	0	0	0	0	0	0	0	0	5	2	0	3	0	0
0	2	0	0	0	0	0	0	3	24	0	0	251	0	23	0	0	0	13	100	0	0	0	0	0	28	0	0	2	0	20	0	6	196	0	0	0	0	0	0	0	0	0	0	0	60	0	0	0	0	0	0	0	0	0	0	34	408	54	0	0	0	0	0	0	1	0	0	0	0	5	0	0	21
0	1	8	0	0	0	0	0	0	1404	0	0	1	21	1043	0	0	36	98	2	0	2	0	0	0	1	0	4	14	0	258	0	4	57	0	170	0	4	0	0	0	376	0	0	0	9	0	116	0	0	0	0	738	0	0	2	245	173	10	0	2	4	0	0	0	61	0	0	0	92	0	7	0	474
36	0	0	0	0	0	0	0	0	18	0	0	4	12	0	0	19	0	6	250	0	0	0	26	0	113	0	0	39	0	360	0	1	103	2	0	0	0	0	0	0	0	0	0	0	65	0	0	0	0	0	0	0	0	0	8	110	5	0	0	0	0	0	0	0	0	0	0	0	0	0	0	0	21
1	0	61	0	212	27	0	17	0	27	4	0	647	45	0	4	31	33	80	63	64	29	66	0	1	17	0	98	117	0	137	0	36	2348	47	1	0	22	0	0	22	2	60	9	65	0	0	6	0	16	0	0	55	0	76	7	19	339	12	0	149	155	0	0	0	29	103	15	9	0	117	17	11	4
0	0	0	0	0	0	0	0	0	0	0	0	0	0	0	0	0	0	0	0	0	0	0	0	0	0	0	0	0	0	0	0	0	0	0	0	0	0	0	0	0	0	0	0	0	0	0	0	0	0	0	0	0	0	0	0	0	0	0	0	0	0	0	0	0	0	0	0	0	0	0	0	0	0
0	0	36	4	7	5	0	0	0	75	0	0	9	1	5	0	0	17	5	18	0	0	0	0	0	4	0	0	0	10	0	0	3	0	1	22	0	0	0	0	55	12	0	116	0	6	0	0	0	0	1	0	32	0	0	0	38	0	1	0	0	0	0	2	0	54	1	0	0	43	0	3	0	0
0	0	0	0	0	0	0	0	0	0	0	0	0	0	0	0	0	0	0	0	0	0	0	0	0	0	0	0	0	0	0	0	0	0	0	0	0	0	0	0	0	0	0	0	0	0	0	0	0	0	0	0	0	0	0	0	0	0	0	0	0	0	0	0	0	0	0	0	0	0	0	0	0	0
4	0	0	0	0	0	0	0	4	18	0	0	0	4	0	0	0	4	0	0	0	0	0	0	0	0	0	0	0	0	0	0	0	0	0	0	0	0	0	0	0	0	0	0	0	16	0	0	0	0	0	0	0	0	0	0	0	3	0	0	0	0	0	0	0	0	0	0	0	0	0	0	0	2
0	0	0	0	0	0	0	0	0	2	0	0	0	0	0	0	0	0	0	12	8	0	0	0	0	0	0	0	0	0	623	0	0	0	0	0	0	0	0	0	0	0	0	0	0	0	0	1	0	0	0	0	0	0	0	0	0	0	0	0	0	0	0	0	0	0	0	0	0	0	0	0	0	7
0	0	0	0	0	0	0	0	0	0	0	0	0	0	0	0	0	0	0	0	0	0	0	0	0	0	0	0	0	0	0	0	0	0	0	0	0	0	0	0	0	0	0	0	0	0	0	0	0	0	0	0	0	0	0	0	0	0	0	0	0	0	0	0	0	0	0	0	0	0	0	0	0	0
5	1	0	0	0	2	0	0	0	824	0	0	0	0	20	0	10	10	18	451	0	0	0	50	0	161	0	0	0	0	736	0	27	1	1	0	0	0	0	0	0	0	0	738	0	55	0	32	0	0	0	0	0	0	0	0	424	116	0	0	0	0	0	0	0	0	0	0	0	6	0	1	0	941
0	0	0	0	0	0	0	0	0	0	0	0	0	0	0	0	0	0	0	0	0	0	0	0	0	0	0	0	0	0	0	0	0	0	0	0	0	0	0	0	0	0	0	0	0	0	0	0	0	0	0	0	0	0	0	0	0	0	0	0	0	0	0	0	0	0	0	0	0	0	0	0	0	0
230	0	0	0	0	0	0	0	0	10	0	0	12	1	3	0	147	0	4	296	0	0	0	142	0	230	0	0	2	1	420	0	26	352	2	0	0	0	0	0	0	0	0	0	0	76	0	0	0	0	0	0	0	0	0	69	8	77	2	0	0	0	0	0	0	0	0	0	0	0	2	0	0	8
0	7	0	0	0	0	0	2	0	0	0	0	5	69	0	0	7	0	57	505	4	3	1	129	9	33	0	0	1	2	0	0	16	5	0	0	0	2	0	0	8	0	0	2	8	7	0	0	0	0	0	0	0	0	69	0	310	4	2	0	3	3	0	0	0	0	0	23	0	33	4	8	0	7
0	0	191	0	0	58	0	0	2	702	0	0	28	1	118	0	0	0	338	431	0	3	0	0	47	3	0	0	22	1	392	0	17	38	15	10	0	0	0	0	12	24	34	245	110	19	0	38	0	0	0	0	424	0	8	310	0	49	156	2	4	4	0	1	0	128	10	1	0	284	18	4	0	279
7	4	12	0	2	192	0	24	3	29	0	0	187	191	3	0	132	4	379	34	46	184	65	11	0	36	0	0	737	0	142	0	78	1648	413	1	0	173	0	0	16	382	408	173	5	339	0	0	0	3	0	0	116	0	77	4	49	0	332	4	167	29	0	0	0	11	548	253	12	12	323	16	11	464
0	2	6	0	2	0	0	80	4	39	0	0	33	15	30	0	6	0	158	17	56	0	0	0	0	9	0	0	308	0	0	2	19	6	26	0	0	60	0	2	0	274	54	10	0	12	0	1	0	0	0	0	0	0	2	2	156	332	0	3	14	10	0	0	0	0	494	0	0	198	62	18	0	8
0	0	0	0	0	0	0	0	0	0	0	0	0	1	0	0	0	0	0	0	0	0	0	0	0	0	0	0	0	0	0	0	0	0	0	0	0	0	0	0	0	0	0	0	0	0	0	0	0	0	0	0	0	0	0	0	2	4	3	0	0	0	0	0	0	0	0	0	0	0	0	0	0	0
0	8	0	0	0	0	0	0	0	48	38	0	7	883	5	0	18	2	0	31	0	0	0	0	0	2	0	0	0	0	4	0	0	103	0	0	0	0	0	0	0	0	0	2	0	149	0	0	0	0	0	0	0	0	0	3	4	167	14	0	0	0	0	0	0	0	0	0	0	0	1	8	0	7
0	0	0	0	0	0	0	0	1	44	26	0	9	773	13	0	1	3	0	36	0	0	0	0	0	0	0	0	0	0	4	30	11	88	1	0	0	0	0	0	0	0	0	4	0	155	0	0	0	0	0	0	0	0	0	3	4	29	10	0	0	0	0	0	0	0	0	0	2	0	0	0	0	35
0	0	0	0	0	0	0	0	0	0	0	0	0	0	0	0	0	0	0	0	0	0	0	0	0	0	0	0	0	0	0	0	0	0	0	0	0	0	0	0	0	0	0	0	0	0	0	0	0	0	0	0	0	0	0	0	0	0	0	0	0	0	0	0	0	0	0	0	0	0	0	0	0	0
0	2	0	0	0	0	0	0	0	1	0	0	23	129	2	0	0	0	0	0	0	0	0	0	0	0	0	0	0	0	0	82	0	1	0	0	0	0	0	0	0	0	0	0	0	0	0	2	0	0	0	0	0	0	0	0	1	0	0	0	0	0	0	0	0	0	0	0	3	0	0	2	0	1
0	0	0	0	0	0	0	0	0	0	0	0	0	0	0	0	0	0	0	0	0	0	0	0	0	0	0	0	0	0	0	0	0	0	0	0	0	0	0	0	0	0	0	0	0	0	0	0	0	0	0	0	0	0	0	0	0	0	0	0	0	0	0	0	0	0	0	0	0	0	0	0	0	0
0	1	34	96	0	0	0	0	0	503	0	0	25	10	48	0	7	9	3	29	0	0	0	0	0	8	0	0	1	534	0	0	2	38	0	125	0	0	0	0	154	0	1	61	0	29	0	54	0	0	0	0	0	0	0	0	128	11	0	0	0	0	0	0	0	0	0	0	0	0	0	1	0	1
77	1	0	0	0	0	0	0	0	9	0	0	12	0	3	0	160	0	24	16	0	0	0	0	0	276	0	0	509	0	312	0	4	165	16	0	0	0	0	0	0	0	0	0	0	103	0	1	0	0	0	0	0	0	0	0	10	548	494	0	0	0	0	0	0	0	0	0	0	1	3	1	0	39
195	1	0	0	0	0	0	0	0	12	0	0	7	1	49	0	248	0	10	83	0	0	0	106	0	112	0	0	297	0	30	0	10	49	0	0	0	0	0	0	0	0	0	0	0	15	0	0	0	0	0	0	0	0	0	23	1	253	0	0	0	0	0	0	0	0	0	0	0	0	0	1	0	173
0	0	5	0	0	0	0	0	1	0	4	0	0	5	4	0	0	2	0	0	0	0	0	0	0	0	0	0	0	0	0	0	0	61	0	0	0	0	0	0	0	5	0	0	0	9	0	0	0	0	0	0	0	0	0	0	0	12	0	0	0	2	0	3	0	0	0	0	0	0	0	0	0	0
1	5	2	0	0	0	0	0	0	292	0	0	74	20	54	0	2	0	16	141	0	0	0	0	0	8	0	0	0	0	144	0	3	0	1	0	0	1	0	0	0	2	0	92	0	0	0	43	0	0	0	0	6	0	0	33	284	12	198	0	0	0	0	0	0	0	1	0	0	0	0	3	0	35
0	2	0	0	0	0	0	5	4	54	0	0	340	1	3	0	21	0	8	282	2	0	0	0	0	96	0	0	35	0	55	0	31	1044	2	0	0	0	0	0	0	0	5	0	0	117	0	0	0	0	0	0	0	0	2	4	18	323	62	0	1	0	0	0	0	0	3	0	0	0	0	2	0	13
0	0	0	0	0	0	0	5	0	21	22	0	145	106	0	0	29	6	3	39	0	0	0	0	1	2	0	0	6	0	0	0	9	17	2	0	0	12	0	3	0	3	0	7	0	17	0	3	0	0	0	0	1	0	0	8	4	16	18	0	8	0	0	2	0	1	1	1	0	3	2	0	2	7
0	2	0	0	0	0	0	0	0	2	24	0	7	42	0	0	0	0	2	1	0	0	0	0	0	0	0	0	0	0	0	0	0	12	0	0	0	0	0	0	0	0	0	0	0	11	0	0	0	0	0	0	0	0	0	0	0	11	0	0	0	0	0	0	0	0	0	0	0	0	0	2	0	1
7	0	0	1	1	371	0	0	0	1	0	0	33	1	1	0	14	1	496	25	8	64	5	0	1	6	0	0	37	0	488	0	49	16	7	3	0	0	0	0	1	0	21	474	21	4	0	0	0	2	7	0	941	0	8	7	279	464	8	0	7	35	0	1	0	1	39	173	0	35	13	7	1	0
