0	0	0	0	0	22	0	1	4	0	0	0	0	0	0	0	30	0	8	0	26	141	0	125	20	4	0	0	21	0	15	0	4	16	27	0	0	0	1	10	0	0	0	0	6	0	0	0	0	0	0	15	12	0	104	0	0	15	0	0	1	0	0	0	0	0	17	134	0	0	0	0	0	1
0	0	26	3	131	3	0	74	3	22	0	0	112	30	0	0	19	1	1	7	2	4	4	1	0	0	0	0	4	10	15	984	6	119	12	1	0	17	1	59	0	40	0	79	0	67	7	1	0	8	0	7	1	0	4	3	17	6	50	0	44	102	0	56	0	2	3	32	0	21	43	9	21	15
0	26	0	0	0	0	0	0	2	496	0	0	2	301	150	0	1	1	0	8	9	0	0	0	0	0	0	0	0	0	0	52	0	5	0	0	0	0	0	0	0	0	0	0	2	0	0	3	0	0	0	0	0	0	0	0	162	0	10	0	0	91	0	0	0	60	0	0	0	12	0	26	29	7
0	3	0	0	0	0	0	0	2	1	0	0	0	4	0	0	0	0	0	0	1	0	0	0	0	1	0	0	0	0	0	9	0	1	0	0	0	0	0	0	0	0	0	0	0	0	0	0	0	0	0	0	0	0	0	0	0	0	0	0	0	1	0	0	0	38	0	0	0	0	0	3	17	0
0	131	0	0	0	1	0	0	0	6	4	0	284	102	0	0	6	1	2	4	1	0	0	0	0	0	0	0	0	0	0	2276	1	1832	0	0	0	0	0	0	0	0	0	0	0	0	0	1	0	0	0	0	0	0	0	0	0	0	0	0	0	234	0	0	0	0	0	0	1	1	0	114	34	0
22	3	0	0	1	0	0	1	0	203	0	0	0	0	0	0	1066	47	47	17	614	131	0	84	58	579	0	0	74	0	48	0	278	358	216	0	0	0	164	335	0	0	7	28	337	5	0	0	0	0	190	660	355	0	205	35	189	251	0	0	1	5	0	0	0	6	211	94	0	109	32	6	9	285
0	0	0	0	0	0	0	0	0	0	0	0	0	0	0	0	0	0	0	0	0	0	0	0	0	0	0	0	0	0	0	0	0	0	0	0	0	0	0	0	0	0	0	0	0	0	0	0	0	0	0	0	0	0	0	0	0	0	0	0	0	0	0	0	0	0	0	0	0	0	0	0	0	0
1	74	0	0	0	1	0	0	1	0	0	0	495	0	0	0	78	0	8	0	76	0	0	0	0	4	0	0	0	0	0	2151	5	970	0	0	0	0	0	0	0	0	0	0	0	0	0	0	0	0	0	0	0	0	0	0	0	0	30	0	0	0	0	0	0	0	0	0	0	0	0	60	0	0
4	3	2	2	0	0	0	1	0	3	0	0	5	10	0	0	2	0	2	0	0	0	0	0	0	0	0	0	1	0	0	7	2	1	1	0	0	0	0	5	0	1	0	0	0	0	1	0	0	3	0	0	0	0	0	0	19	0	0	0	4	16	0	1	0	0	0	1	0	0	1	7	0	0
0	22	496	1	6	203	0	0	3	0	0	0	1	5	19	0	2	99	295	173	2	0	2	0	0	3	0	0	0	14	61	1	2	0	1	221	0	1	0	1	0	186	0	386	0	7	9	0	0	10	62	0	701	0	0	0	497	38	1	0	53	109	0	0	0	387	1	1	0	626	1	61	0	1
0	0	0	0	4	0	0	0	0	0	0	0	0	0	0	0	0	0	0	10	0	0	0	0	0	0	0	0	0	0	0	0	0	0	0	0	0	0	0	0	0	2	0	6	0	0	0	0	0	0	0	0	0	0	0	0	0	0	0	0	0	20	0	0	0	0	0	0	0	0	0	0	0	0
0	0	0	0	0	0	0	0	0	0	0	0	0	0	0	0	0	0	0	0	0	0	0	0	0	0	0	0	0	0	0	0	0	0	0	0	0	0	0	0	0	0	0	0	0	0	0	0	0	0	0	0	0	0	0	0	0	0	0	0	0	0	0	0	0	0	0	0	0	0	0	0	0	0
0	112	2	0	284	0	0	495	5	1	0	0	0	3	2	1	63	0	74	205	114	0	5	0	1	8	0	0	17	0	1	2709	582	4131	39	0	0	1	45	997	0	1	0	2	2	348	0	0	0	21	0	3	0	0	13	6	134	16	54	0	1	3	0	1	0	7	2	2	0	56	333	158	0	34
0	30	301	4	102	0	0	0	10	5	0	0	3	0	1	0	0	0	2	5	15	0	10	0	0	1	0	0	1	0	72	2262	3	6	2	37	0	118	0	3	0	84	1	378	2	4	89	8	0	9	0	0	0	0	0	61	39	4	17	0	503	1303	0	138	0	16	1	0	0	9	1	103	44	0
0	0	150	0	0	0	0	0	0	19	0	0	2	1	0	0	0	0	182	0	19	0	0	15	16	0	0	0	0	0	0	0	0	0	0	148	0	0	0	0	0	34	0	113	0	0	0	68	0	0	0	0	4	0	0	0	31	0	0	0	0	0	0	0	0	154	0	36	0	2	0	0	0	0
0	0	0	0	0	0	0	0	0	0	0	0	1	0	0	0	0	0	0	0	0	0	0	0	0	0	0	0	0	0	0	6	0	8	0	0	0	0	0	0	0	0	0	0	0	0	0	0	0	0	0	0	0	0	0	0	0	0	0	0	0	0	0	0	0	0	0	0	0	0	0	0	0	0
30	19	1	0	6	1066	0	78	2	2	0	0	63	0	0	0	0	0	187	25	1264	107	0	58	1	732	0	0	52	0	8	0	375	401	87	0	0	17	152	723	0	0	0	48	20	29	0	0	0	0	0	482	109	0	170	29	35	197	41	0	23	88	0	0	5	1	180	198	0	4	62	55	3	43
0	1	1	0	1	47	0	0	0	99	0	0	0	0	0	0	0	0	0	0	0	0	0	0	0	0	0	0	0	0	5	0	0	0	1	3	0	14	0	0	0	2	0	55	0	29	0	0	0	533	1	0	39	0	0	0	3	0	0	0	2	12	0	0	0	1	0	0	0	1	1	1	0	4
8	1	0	0	2	47	0	8	2	295	0	0	74	2	182	0	187	0	0	442	211	108	4	10	2	161	0	0	37	7	43	2	40	212	22	0	0	6	2	22	0	76	0	158	6	0	0	0	0	0	2	4	216	0	2	28	340	152	296	0	0	0	0	0	0	1	48	298	0	23	36	1	1	648
0	7	8	0	4	17	0	0	0	173	10	0	205	5	0	0	25	0	442	0	6	46	0	104	215	1	0	0	22	0	38	8	43	346	59	1	0	0	1	144	0	2	0	32	102	34	1	0	0	0	4	2	322	0	242	326	348	137	115	0	0	16	0	0	0	35	124	139	1	319	143	19	1	0
26	2	9	1	1	614	0	76	0	2	0	0	114	15	19	0	1264	0	211	6	0	67	1	7	1	893	0	0	51	3	1	0	854	967	104	0	0	2	125	904	0	1	0	20	27	30	7	0	0	0	0	269	65	0	106	41	23	152	8	0	10	6	0	4	0	0	21	80	0	10	164	10	0	2
141	4	0	0	0	131	0	0	0	0	0	0	0	0	0	0	107	0	108	46	67	0	0	174	103	131	0	0	5	0	20	0	4	318	0	0	0	0	0	0	0	0	6	0	156	0	0	0	0	0	2	335	0	0	0	0	0	0	8	0	0	0	0	0	0	0	0	0	0	0	0	4	0	108
0	4	0	0	0	0	0	0	0	2	0	0	5	10	0	0	0	0	4	0	1	0	0	0	0	0	0	0	0	0	0	0	0	4	0	0	0	0	0	0	0	0	0	0	0	0	0	0	0	0	0	3	0	0	0	70	1	0	0	0	0	0	0	0	0	0	0	0	0	0	0	4	0	0
125	1	0	0	0	84	0	0	0	0	0	0	0	0	15	0	58	0	10	104	7	174	0	0	932	3	0	0	0	3	0	0	15	3	24	0	0	0	4	2	0	0	0	0	96	2	0	0	0	0	0	449	0	0	265	388	15	0	0	0	0	0	0	0	0	0	0	235	0	0	0	1	0	4
20	0	0	0	0	58	0	0	0	0	0	0	1	0	16	0	1	0	2	215	1	103	0	932	0	0	0	0	0	0	1	0	2	7	2	0	0	0	0	0	0	0	0	2	52	0	0	0	0	0	0	1	42	0	95	137	2	0	0	0	0	0	0	0	0	0	0	128	0	1	0	0	1	0
4	0	0	1	0	579	0	4	0	3	0	0	8	1	0	0	732	0	161	1	893	131	0	3	0	0	0	0	66	1	4	0	538	76	115	0	0	3	79	443	0	0	0	1	13	5	0	0	0	0	0	287	65	0	159	16	25	184	1	0	0	1	0	0	0	0	193	86	0	9	150	4	0	3
0	0	0	0	0	0	0	0	0	0	0	0	0	0	0	0	0	0	0	0	0	0	0	0	0	0	0	0	0	22	0	0	0	0	0	0	0	0	0	0	0	0	0	0	0	0	0	0	0	0	0	0	0	0	0	0	0	0	0	0	0	0	0	0	0	0	0	0	0	0	0	0	0	0
0	0	0	0	0	0	0	0	0	0	0	0	0	0	0	0	0	0	0	0	0	0	0	0	0	0	0	0	0	0	0	0	0	0	0	0	0	0	0	0	0	0	0	0	0	0	0	0	0	0	0	0	0	0	0	0	0	0	0	0	0	0	0	0	0	0	0	0	0	0	0	0	0	0
21	4	0	0	0	74	0	0	1	0	0	0	17	1	0	0	52	0	37	22	51	5	0	0	0	66	0	0	0	2	0	0	35	191	17	0	0	1	0	20	0	0	0	0	9	0	0	0	0	0	0	99	0	0	1	1	20	15	244	0	0	0	0	0	0	0	11	10	0	1	2	4	0	0
0	10	0	0	0	0	0	0	0	14	0	0	0	0	0	0	0	0	7	0	3	0	0	3	0	1	22	0	2	0	11	6	0	8	6	567	0	0	0	0	0	0	0	6	0	0	0	0	0	0	0	1	9	0	1	0	0	0	0	0	0	1	0	0	0	861	10	4	0	0	0	42	3	1
15	15	0	0	0	48	0	0	0	61	0	0	1	72	0	0	8	5	43	38	1	20	0	0	1	4	0	0	0	11	0	80	0	55	0	0	0	0	0	0	0	0	0	0	49	0	0	0	0	0	116	5	20	0	21	0	142	0	2	0	0	4	0	0	0	0	46	2	0	1	0	15	0	216
0	984	52	9	2276	0	0	2151	7	1	0	0	2709	2262	0	6	0	0	2	8	0	0	0	0	0	0	0	0	0	6	80	0	13	858	0	0	0	0	0	2712	0	0	1	319	1	1316	52	0	0	0	0	0	0	0	0	2	100	49	0	0	9	766	0	3222	0	1	0	0	542	11	2	83	18	1
4	6	0	0	1	278	0	5	2	2	0	0	582	3	0	0	375	0	40	43	854	4	0	15	2	538	0	0	35	0	0	13	0	231	23	0	0	6	20	69	0	0	12	4	2	6	0	0	0	0	0	185	0	0	6	4	5	9	12	1	1	12	0	0	0	1	1	9	1	1	15	4	0	3
16	119	5	1	1832	358	0	970	1	0	0	0	4131	6	0	8	401	0	212	346	967	318	4	3	7	76	0	0	191	8	55	858	231	0	247	0	0	4	37	3088	0	0	4	14	1	1973	0	0	0	185	10	518	69	0	358	16	314	1637	74	0	3	5	0	2	0	42	1142	94	3	410	976	215	5	157
27	12	0	0	0	216	0	0	1	1	0	0	39	2	0	0	87	1	22	59	104	0	0	24	2	115	0	0	17	6	0	0	23	247	0	0	0	0	10	0	0	0	0	0	2	0	0	0	0	0	0	145	0	0	0	0	16	0	272	1	0	10	0	0	0	0	0	0	0	0	0	12	0	0
0	1	0	0	0	0	0	0	0	221	0	0	0	37	148	0	0	3	0	1	0	0	0	0	0	0	0	0	0	567	0	0	0	0	0	0	0	0	0	0	0	0	0	0	0	0	0	0	0	0	1	0	0	0	0	0	2	0	0	0	0	5	0	0	0	193	0	0	0	0	0	1	30	2
0	0	0	0	0	0	0	0	0	0	0	0	0	0	0	0	0	0	0	0	0	0	0	0	0	0	0	0	0	0	0	0	0	0	0	0	0	0	0	0	0	0	0	0	0	0	0	0	0	0	0	0	0	0	0	0	0	0	0	0	0	0	0	0	0	0	0	0	0	0	0	0	0	0
0	17	0	0	0	0	0	0	0	1	0	0	1	118	0	0	17	14	6	0	2	0	0	0	0	3	0	0	1	0	0	0	6	4	0	0	0	0	0	0	0	0	0	0	2	0	0	0	0	0	0	0	0	0	0	2	3	0	74	0	0	2	0	0	0	0	0	0	0	0	0	16	1	0
1	1	0	0	0	164	0	0	0	0	0	0	45	0	0	0	152	0	2	1	125	0	0	4	0	79	0	0	0	0	0	0	20	37	10	0	0	0	0	15	0	0	0	0	4	0	1	0	0	0	0	85	0	0	0	0	0	0	0	0	0	0	0	0	0	0	0	0	0	0	0	1	0	0
10	59	0	0	0	335	0	0	5	1	0	0	997	3	0	0	723	0	22	144	904	0	0	2	0	443	0	0	20	0	0	2712	69	3088	0	0	0	0	15	0	0	0	12	0	6	0	0	0	0	0	0	172	0	0	0	1	7	0	54	2	0	0	0	0	0	1	0	0	0	4	0	30	1	25
0	0	0	0	0	0	0	0	0	0	0	0	0	0	0	0	0	0	0	0	0	0	0	0	0	0	0	0	0	0	0	0	0	0	0	0	0	0	0	0	0	0	0	0	0	0	0	0	0	0	0	0	0	0	0	0	0	0	0	0	0	0	0	0	0	0	0	0	0	0	0	0	0	0
0	40	0	0	0	0	0	0	1	186	2	0	1	84	34	0	0	2	76	2	1	0	0	0	0	0	0	0	0	0	0	0	0	0	0	0	0	0	0	0	0	0	0	0	0	0	0	0	0	0	0	0	0	0	0	0	14	0	154	0	0	1	0	0	0	0	0	0	0	0	0	40	1	0
0	0	0	0	0	7	0	0	0	0	0	0	0	1	0	0	0	0	0	0	0	6	0	0	0	0	0	0	0	0	0	1	12	4	0	0	0	0	0	12	0	0	0	1	0	0	0	0	0	0	0	12	0	0	0	0	1	0	0	0	0	1	0	0	0	0	1	0	0	0	0	4	0	0
0	79	0	0	0	28	0	0	0	386	6	0	2	378	113	0	48	55	158	32	20	0	0	0	2	1	0	0	0	6	0	319	4	14	0	0	0	0	0	0	0	0	1	0	0	0	0	5	0	0	3	0	0	0	0	0	75	0	0	0	0	414	0	0	0	3	0	0	3	4	0	79	50	207
6	0	2	0	0	337	0	0	0	0	0	0	2	2	0	0	20	0	6	102	27	156	0	96	52	13	0	0	9	0	49	1	2	1	2	0	0	2	4	6	0	0	0	0	428	3	0	0	0	0	170	71	206	0	181	9	81	1	0	0	0	2	0	0	0	0	14	14	0	2	4	0	2	54
0	67	0	0	0	5	0	0	0	7	0	0	348	4	0	0	29	29	0	34	30	0	0	2	0	5	0	0	0	0	0	1316	6	1973	0	0	0	0	0	0	0	0	0	0	3	0	0	0	0	0	0	23	0	0	0	0	0	0	0	0	0	40	0	0	0	0	0	0	0	2	0	51	25	0
0	7	0	0	0	0	0	0	1	9	0	0	0	89	0	0	0	0	0	1	7	0	0	0	0	0	0	0	0	0	0	52	0	0	0	0	0	0	1	0	0	0	0	0	0	0	0	0	0	0	0	0	0	0	0	0	0	0	0	0	0	8	0	0	0	0	0	0	0	0	0	7	0	0
0	1	3	0	1	0	0	0	0	0	0	0	0	8	68	0	0	0	0	0	0	0	0	0	0	0	0	0	0	0	0	0	0	0	0	0	0	0	0	0	0	0	0	5	0	0	0	0	0	0	0	0	0	0	0	0	0	0	0	0	2	5	0	0	0	1	0	0	1	0	0	4	0	0
0	0	0	0	0	0	0	0	0	0	0	0	0	0	0	0	0	0	0	0	0	0	0	0	0	0	0	0	0	0	0	0	0	0	0	0	0	0	0	0	0	0	0	0	0	0	0	0	0	0	0	0	0	0	0	0	0	0	0	0	0	0	0	0	0	0	0	0	0	0	0	0	0	0
0	8	0	0	0	0	0	0	3	10	0	0	21	9	0	0	0	533	0	0	0	0	0	0	0	0	0	0	0	0	0	0	0	185	0	0	0	0	0	0	0	0	0	0	0	0	0	0	0	0	0	0	0	0	0	0	3	0	0	0	0	0	0	0	0	0	0	0	0	0	0	8	0	0
0	0	0	0	0	190	0	0	0	62	0	0	0	0	0	0	0	1	2	4	0	2	0	0	0	0	0	0	0	0	116	0	0	10	0	1	0	0	0	0	0	0	0	3	170	0	0	0	0	0	0	1	119	0	6	0	35	0	0	0	0	0	0	0	0	0	0	0	0	22	0	0	0	188
15	7	0	0	0	660	0	0	0	0	0	0	3	0	0	0	482	0	4	2	269	335	3	449	1	287	0	0	99	1	5	0	185	518	145	0	0	0	85	172	0	0	12	0	71	23	0	0	0	0	1	0	13	0	278	7	11	37	1	0	0	0	0	0	0	0	135	220	0	0	10	7	0	1
12	1	0	0	0	355	0	0	0	701	0	0	0	0	4	0	109	39	216	322	65	0	0	0	42	65	0	0	0	9	20	0	0	69	0	0	0	0	0	0	0	0	0	0	206	0	0	0	0	0	119	13	0	0	0	0	370	0	0	0	0	0	0	0	0	0	0	0	0	12	0	1	0	742
0	0	0	0	0	0	0	0	0	0	0	0	0	0	0	0	0	0	0	0	0	0	0	0	0	0	0	0	0	0	0	0	0	0	0	0	0	0	0	0	0	0	0	0	0	0	0	0	0	0	0	0	0	0	0	0	0	0	0	0	0	0	0	0	0	0	0	0	0	0	0	0	0	0
104	4	0	0	0	205	0	0	0	0	0	0	13	0	0	0	170	0	2	242	106	0	0	265	95	159	0	0	1	1	21	0	6	358	0	0	0	0	0	0	0	0	0	0	181	0	0	0	0	0	6	278	0	0	0	85	0	0	4	0	0	0	0	0	0	0	0	0	0	0	0	4	1	4
0	3	0	0	0	35	0	0	0	0	0	0	6	61	0	0	29	0	28	326	41	0	70	388	137	16	0	0	1	0	0	2	4	16	0	0	0	2	0	1	0	0	0	0	9	0	0	0	0	0	0	7	0	0	85	0	121	0	0	0	0	1	0	0	0	0	0	11	0	39	0	3	0	1
0	17	162	0	0	189	0	0	19	497	0	0	134	39	31	0	35	3	340	348	23	0	1	15	2	25	0	0	20	0	142	100	5	314	16	2	0	3	0	7	0	14	1	75	81	0	0	0	0	3	35	11	370	0	0	121	0	13	90	0	2	84	0	0	0	21	9	2	4	352	12	19	19	148
15	6	0	0	0	251	0	0	0	38	0	0	16	4	0	0	197	0	152	137	152	0	0	0	0	184	0	0	15	0	0	49	9	1637	0	0	0	0	0	0	0	0	0	0	1	0	0	0	0	0	0	37	0	0	0	0	13	0	244	0	0	40	0	0	0	3	0	0	0	3	0	6	9	263
0	50	10	0	0	0	0	30	0	1	0	0	54	17	0	0	41	0	296	115	8	8	0	0	0	1	0	0	244	0	2	0	12	74	272	0	0	74	0	54	0	154	0	0	0	0	0	0	0	0	0	1	0	0	4	0	90	244	0	0	22	2	0	0	0	0	406	20	0	228	50	78	6	24
0	0	0	0	0	0	0	0	0	0	0	0	0	0	0	0	0	0	0	0	0	0	0	0	0	0	0	0	0	0	0	0	1	0	1	0	0	0	0	2	0	0	0	0	0	0	0	0	0	0	0	0	0	0	0	0	0	0	0	0	0	0	0	0	0	0	0	0	0	0	0	0	0	0
1	44	0	0	0	1	0	0	4	53	0	0	1	503	0	0	23	2	0	0	10	0	0	0	0	0	0	0	0	0	0	9	1	3	0	0	0	0	0	0	0	0	0	0	0	0	0	2	0	0	0	0	0	0	0	0	2	0	22	0	0	207	0	0	0	6	0	0	0	1	0	44	11	0
0	102	91	1	234	5	0	0	16	109	20	0	3	1303	0	0	88	12	0	16	6	0	0	0	0	1	0	0	0	1	4	766	12	5	10	5	0	2	0	0	0	1	1	414	2	40	8	5	0	0	0	0	0	0	0	1	84	40	2	0	207	0	0	21	0	3	0	34	67	27	0	140	63	1
0	0	0	0	0	0	0	0	0	0	0	0	0	0	0	0	0	0	0	0	0	0	0	0	0	0	0	0	0	0	0	0	0	0	0	0	0	0	0	0	0	0	0	0	0	0	0	0	0	0	0	0	0	0	0	0	0	0	0	0	0	0	0	0	0	0	0	0	0	0	0	0	0	0
0	56	0	0	0	0	0	0	1	0	0	0	1	138	0	0	0	0	0	0	4	0	0	0	0	0	0	0	0	0	0	3222	0	2	0	0	0	0	0	0	0	0	0	0	0	0	0	0	0	0	0	0	0	0	0	0	0	0	0	0	0	21	0	0	0	0	0	0	0	0	0	49	0	0
0	0	0	0	0	0	0	0	0	0	0	0	0	0	0	0	5	0	0	0	0	0	0	0	0	0	0	0	0	0	0	0	0	0	0	0	0	0	0	0	0	0	0	0	0	0	0	0	0	0	0	0	0	0	0	0	0	0	0	0	0	0	0	0	0	0	0	0	0	0	0	0	0	0
0	2	60	38	0	6	0	0	0	387	0	0	7	16	154	0	1	1	1	35	0	0	0	0	0	0	0	0	0	861	0	1	1	42	0	193	0	0	0	1	0	0	0	3	0	0	0	1	0	0	0	0	0	0	0	0	21	3	0	0	6	3	0	0	0	0	0	0	0	0	1	2	1	1
17	3	0	0	0	211	0	0	0	1	0	0	2	1	0	0	180	0	48	124	21	0	0	0	0	193	0	0	11	10	46	0	1	1142	0	0	0	0	0	0	0	0	1	0	14	0	0	0	0	0	0	135	0	0	0	0	9	0	406	0	0	0	0	0	0	0	0	0	0	0	0	3	0	100
134	32	0	0	0	94	0	0	1	1	0	0	2	0	36	0	198	0	298	139	80	0	0	235	128	86	0	0	10	4	2	0	9	94	0	0	0	0	0	0	0	0	0	0	14	0	0	0	0	0	0	220	0	0	0	11	2	0	20	0	0	34	0	0	0	0	0	0	0	0	0	32	0	448
0	0	0	0	1	0	0	0	0	0	0	0	0	0	0	0	0	0	0	1	0	0	0	0	0	0	0	0	0	0	0	542	1	3	0	0	0	0	0	0	0	0	0	3	0	0	0	1	0	0	0	0	0	0	0	0	4	0	0	0	0	67	0	0	0	0	0	0	0	1	0	3	11	0
0	21	12	0	1	109	0	0	0	626	0	0	56	9	2	0	4	1	23	319	10	0	0	0	1	9	0	0	1	0	1	11	1	410	0	0	0	0	0	4	0	0	0	4	2	2	0	0	0	0	22	0	12	0	0	39	352	3	228	0	1	27	0	0	0	0	0	0	1	0	4	20	2	15
0	43	0	0	0	32	0	0	1	1	0	0	333	1	0	0	62	1	36	143	164	0	0	0	0	150	0	0	2	0	0	2	15	976	0	0	0	0	0	0	0	0	0	0	4	0	0	0	0	0	0	10	0	0	0	0	12	0	50	0	0	0	0	0	0	1	0	0	0	4	0	36	1	0
0	9	26	3	114	6	0	60	7	61	0	0	158	103	0	0	55	1	1	19	10	4	4	1	0	4	0	0	4	42	15	83	4	215	12	1	0	16	1	30	0	40	4	79	0	51	7	4	0	8	0	7	1	0	4	3	19	6	78	0	44	140	0	49	0	2	3	32	3	20	36	0	67	36
0	21	29	17	34	9	0	0	0	0	0	0	0	44	0	0	3	0	1	1	0	0	0	0	1	0	0	0	0	3	0	18	0	5	0	30	0	1	0	1	0	1	0	50	2	25	0	0	0	0	0	0	0	0	1	0	19	9	6	0	11	63	0	0	0	1	0	0	11	2	1	67	0	0
1	15	7	0	0	285	0	0	0	1	0	0	34	0	0	0	43	4	648	0	2	108	0	4	0	3	0	0	0	1	216	1	3	157	0	2	0	0	0	25	0	0	0	207	54	0	0	0	0	0	188	1	742	0	4	1	148	263	24	0	0	1	0	0	0	1	100	448	0	15	0	36	0	0
