0	0	0	7	0	20	16	0	0	8	0	0	13	0	0	0	12	0	15	0	23	133	0	169	0	7	0	0	43	0	27	0	9	2	47	0	0	0	0	17	16	1	0	0	2	0	0	0	0	5	13	54	0	0	128	21	0	10	1	0	0	0	0	0	0	0	46	99	0	0	0	8	0	49
0	0	4	0	15	0	0	12	0	1	2	0	8	8	0	2	0	0	0	3	0	2	1	0	0	0	0	0	2	0	2	0	3	14	0	0	0	0	0	9	1	9	0	2	0	1	0	1	0	0	0	0	0	0	0	0	7	5	6	7	0	4	0	4	0	5	3	2	0	2	7	0	3	2
0	4	0	0	1	0	0	0	0	262	15	0	0	29	177	0	0	1	0	0	4	0	0	0	0	0	54	0	2	0	0	0	1	0	0	0	0	0	0	0	85	0	0	0	1	0	0	0	0	0	0	1	0	0	0	0	67	0	2	1	0	99	0	0	0	0	0	0	0	0	0	0	1	0
7	0	0	0	0	0	0	0	0	0	0	0	0	0	0	0	0	0	0	0	0	0	0	0	0	1	0	0	0	0	0	0	0	0	10	1	0	0	0	0	0	0	0	0	0	0	0	0	0	0	0	0	0	0	0	1	0	0	0	124	0	1	0	0	0	1	4	0	0	0	23	0	0	1
0	15	1	0	0	0	0	77	0	0	220	0	208	31	3	23	4	0	14	1	18	0	0	0	2	1	10	0	47	0	1	0	32	124	11	0	0	0	0	119	1	80	0	0	8	0	5	0	0	0	0	0	0	0	11	0	14	5	0	18	0	250	0	102	0	0	0	0	12	0	8	43	458	1
20	0	0	0	0	0	0	0	0	0	0	0	1	0	13	0	323	0	0	9	226	52	0	8	0	267	0	0	66	0	2	0	1	0	5	0	0	0	0	7	0	0	0	0	44	0	0	0	0	0	0	413	0	0	3	0	1	0	0	0	0	0	0	0	0	0	0	0	0	0	0	0	1	0
16	0	0	0	0	0	0	0	0	6	1	0	53	2	42	0	8	3	0	0	0	0	0	0	0	0	0	0	0	0	0	0	0	0	1	0	0	0	0	0	80	0	0	0	73	0	0	0	0	0	0	0	0	0	0	0	0	0	0	0	0	0	0	0	0	0	0	0	0	0	0	0	0	0
0	12	0	0	77	0	0	0	0	0	1	0	451	0	4	0	175	0	0	102	316	2	0	0	0	34	0	0	65	0	0	0	14	0	1	0	0	0	0	184	1	0	0	0	2	0	0	0	0	0	1	21	0	0	0	2	4	0	10	233	0	0	0	0	0	0	0	0	0	0	0	0	0	0
0	0	0	0	0	0	0	0	0	0	0	0	0	0	0	0	0	1	0	0	0	0	0	0	0	0	0	0	0	0	0	0	0	0	0	0	0	0	0	0	0	0	0	0	0	0	0	0	0	3	1	0	0	0	0	0	0	0	0	0	0	0	0	0	0	0	0	0	0	0	0	0	0	0
8	1	262	0	0	0	6	0	0	0	9	0	1	10	721	0	0	28	174	1	0	0	0	0	0	0	6	0	0	0	280	0	21	0	0	53	0	0	0	0	263	154	0	422	6	0	0	553	0	5	403	0	439	0	0	4	489	16	0	0	0	58	0	0	0	169	4	0	0	5	107	28	3	2
0	2	15	0	220	0	1	1	0	9	0	0	4	139	17	29	0	0	2	26	1	0	2	0	0	1	0	0	0	0	6	0	18	53	0	0	0	0	0	3	6	105	0	18	0	0	14	0	0	0	0	1	0	0	4	0	6	3	2	0	0	636	0	23	0	0	0	0	0	3	30	45	360	0
0	0	0	0	0	0	0	0	0	0	0	0	0	0	0	0	0	0	0	0	0	0	0	0	0	0	0	0	0	0	0	0	0	0	0	0	0	0	0	0	0	0	0	0	0	0	0	0	0	0	0	0	0	0	0	0	0	0	0	0	0	0	0	0	0	0	0	0	0	0	0	0	0	0
13	8	0	0	208	1	53	451	0	1	4	0	0	1	11	7	317	0	61	29	157	7	4	5	0	10	1	0	168	0	1	0	423	274	66	0	0	0	0	810	33	7	0	1	5	10	0	1	0	0	0	9	0	0	39	5	49	59	54	593	0	6	0	29	0	0	10	0	20	2	149	83	12	6
0	8	29	0	31	0	2	0	0	10	139	0	1	0	65	0	0	1	0	0	0	0	11	0	0	1	7	0	0	0	15	0	0	0	0	0	0	0	0	2	5	71	0	0	3	0	10	0	0	0	0	5	0	0	0	1	8	0	24	3	0	727	0	0	0	1	0	0	16	0	0	6	113	0
0	0	177	0	3	13	42	4	0	721	17	0	11	65	0	18	18	22	84	1	5	15	0	2	0	14	4	0	25	0	24	0	13	2	18	128	0	0	0	10	70	470	0	389	30	0	4	465	0	0	1	33	13	0	4	0	306	290	22	0	0	19	0	4	0	157	4	0	10	60	7	9	3	27
0	2	0	0	23	0	0	0	0	0	29	0	7	0	18	0	1	0	0	0	0	0	0	0	0	1	0	0	0	0	0	0	0	0	10	0	0	0	0	2	5	0	0	0	2	0	0	0	0	0	0	0	0	0	7	0	0	0	0	0	0	62	0	0	0	0	0	0	0	0	0	0	38	0
12	0	0	0	4	323	8	175	0	0	0	0	317	0	18	1	0	0	91	5	535	71	1	25	1	429	0	0	118	0	2	0	280	85	54	0	0	0	0	494	4	5	0	8	40	0	0	0	0	0	3	863	9	0	143	2	8	39	1	40	0	1	0	1	0	1	100	12	1	0	86	10	3	0
0	0	1	0	0	0	3	0	1	28	0	0	0	1	22	0	0	0	0	1	0	0	1	0	0	0	0	0	0	0	6	0	0	0	0	0	0	0	0	0	22	2	0	18	6	4	6	38	0	463	20	0	44	0	0	4	1	3	0	0	0	20	0	0	0	0	1	0	0	0	0	4	0	2
15	0	0	0	14	0	0	0	0	174	2	0	61	0	84	0	91	0	0	13	111	33	0	56	2	71	2	0	188	0	93	0	0	0	14	0	0	0	0	55	1	0	0	0	23	0	0	0	0	0	177	297	0	0	2	3	97	0	8	129	0	2	0	0	0	0	0	0	0	0	0	0	0	0
0	3	0	0	1	9	0	102	0	1	26	0	29	0	1	0	5	1	13	0	172	26	1	48	1	82	0	0	15	0	1	0	300	18	212	0	0	0	0	280	32	1	0	0	13	0	1	0	0	0	0	99	102	0	5	176	30	66	23	128	0	12	0	0	0	5	1	1	31	12	179	18	0	2
23	0	4	0	18	226	0	316	0	0	1	0	157	0	5	0	535	0	111	172	0	174	0	6	0	711	0	0	151	0	13	0	539	219	147	0	0	0	0	672	47	0	0	0	44	1	0	0	0	0	0	995	5	0	35	44	8	134	11	15	0	1	0	0	0	0	11	1	0	1	215	2	2	9
133	2	0	0	0	52	0	2	0	0	0	0	7	0	15	0	71	0	33	26	174	0	0	1400	323	267	0	0	269	0	156	0	64	33	379	0	0	0	0	39	5	0	0	0	83	0	0	0	0	0	191	634	7	0	240	140	9	514	6	414	0	0	0	0	0	0	495	294	60	1	2	2	1	73
0	1	0	0	0	0	0	0	0	0	2	0	4	11	0	0	1	1	0	1	0	0	0	2	0	5	0	0	7	0	0	0	0	0	2	0	0	0	0	4	0	0	0	0	0	0	0	0	0	0	0	16	0	0	1	0	2	37	2	242	0	3	0	0	0	0	0	0	81	0	0	0	1	0
169	0	0	0	0	8	0	0	0	0	0	0	5	0	2	0	25	0	56	48	6	1400	2	0	1210	18	0	0	64	0	152	0	62	24	207	0	0	0	0	42	7	2	0	0	201	0	0	0	0	0	34	275	516	0	510	1019	41	37	4	11	0	5	0	2	0	0	8	862	0	0	12	0	4	18
0	0	0	0	2	0	0	0	0	0	0	0	0	0	0	0	1	0	2	1	0	323	0	1210	0	2	0	0	4	0	13	0	1	0	6	0	0	0	0	0	0	0	0	0	14	0	0	0	0	0	54	10	65	0	47	69	50	1	0	5	0	0	0	0	0	0	0	69	0	0	0	0	0	1
7	0	0	1	1	267	0	34	0	0	1	0	10	1	14	1	429	0	71	82	711	267	5	18	2	0	0	0	140	0	10	0	771	62	187	0	0	0	0	956	20	1	0	0	20	0	1	0	0	0	2	1152	18	0	91	28	10	140	23	123	0	47	0	0	0	0	313	5	34	3	143	7	1	6
0	0	54	0	10	0	0	0	0	6	0	0	1	7	4	0	0	0	2	0	0	0	0	0	0	0	0	0	3	0	6	0	1	0	2	89	0	0	0	2	344	2	0	4	1	0	13	14	0	0	0	0	0	0	0	0	0	1	5	0	0	7	0	0	0	181	0	0	0	0	0	2	1	0
0	0	0	0	0	0	0	0	0	0	0	0	0	0	0	0	0	0	0	0	0	0	0	0	0	0	0	0	0	0	0	0	0	0	0	0	0	0	0	0	0	0	0	0	0	0	0	0	0	0	0	0	0	0	0	0	0	0	0	0	0	0	0	0	0	0	0	0	0	0	0	0	0	0
43	2	2	0	47	66	0	65	0	0	0	0	168	0	25	0	118	0	188	15	151	269	7	64	4	140	3	0	0	0	13	0	189	16	522	1	0	0	0	590	9	20	0	0	11	4	1	0	0	0	1	625	2	0	25	62	38	301	257	239	0	3	0	0	0	0	239	203	1	3	32	6	6	0
0	0	0	0	0	0	0	0	0	0	0	0	0	0	0	0	0	0	0	0	0	0	0	0	0	0	0	0	0	0	0	0	0	0	0	0	0	0	0	0	0	0	0	0	0	0	0	0	0	0	0	0	0	0	0	0	0	0	0	0	0	0	0	0	0	0	0	0	0	0	0	0	0	0
27	2	0	0	1	2	0	0	0	280	6	0	1	15	24	0	2	6	93	1	13	156	0	152	13	10	6	0	13	0	0	0	8	3	7	0	0	0	0	8	5	3	0	162	155	0	28	35	0	0	828	15	560	0	263	0	284	10	1	1	0	46	0	1	0	0	186	95	0	12	18	19	0	100
0	0	0	0	0	0	0	0	0	0	0	0	0	0	0	0	0	0	0	0	0	0	0	0	0	0	0	0	0	0	0	0	0	0	0	0	0	0	0	0	0	0	0	0	0	0	0	0	0	0	0	0	0	0	0	0	0	0	0	0	0	0	0	0	0	0	0	0	0	0	0	0	0	0
9	3	1	0	32	1	0	14	0	21	18	0	423	0	13	0	280	0	0	300	539	64	0	62	1	771	1	0	189	0	8	0	10	3	146	0	0	0	0	208	11	4	0	2	35	0	2	1	0	0	0	705	0	0	2	23	5	115	20	333	0	121	0	2	0	0	9	0	89	2	13	6	22	2
2	14	0	0	124	0	0	0	0	0	53	0	274	0	2	0	85	0	0	18	219	33	0	24	0	62	0	0	16	0	3	0	3	0	8	0	0	0	0	65	1	0	0	0	11	0	0	0	0	0	0	106	0	0	3	2	3	74	4	235	0	12	0	0	0	0	0	0	94	0	0	0	305	0
47	0	0	10	11	5	1	1	0	0	0	0	66	0	18	10	54	0	14	212	147	379	2	207	6	187	2	0	522	0	7	0	146	8	0	0	0	0	0	259	19	1	0	1	10	0	0	0	0	0	1	796	1	0	6	44	14	267	55	842	0	17	0	0	0	0	90	2	85	0	2	0	1	1
0	0	0	1	0	0	0	0	0	53	0	0	0	0	128	0	0	0	0	0	0	0	0	0	0	0	89	0	1	0	0	0	0	0	0	0	0	0	0	0	28	0	0	2	0	0	0	0	0	0	0	0	0	0	0	0	4	0	0	0	0	0	0	0	0	22	0	0	0	0	0	0	0	0
0	0	0	0	0	0	0	0	0	0	0	0	0	0	0	0	0	0	0	0	0	0	0	0	0	0	0	0	0	0	0	0	0	0	0	0	0	0	0	0	0	0	0	0	0	0	0	0	0	0	0	0	0	0	0	0	0	0	0	0	0	0	0	0	0	0	0	0	0	0	0	0	0	0
0	0	0	0	0	0	0	0	0	0	0	0	0	0	0	0	0	0	0	0	0	0	0	0	0	0	0	0	0	0	0	0	0	0	0	0	0	0	0	0	0	0	0	0	0	0	0	0	0	0	0	0	0	0	0	0	0	0	0	0	0	0	0	0	0	0	0	0	0	0	0	0	0	0
0	0	0	0	0	0	0	0	0	0	0	0	0	0	0	0	0	0	0	0	0	0	0	0	0	0	0	0	0	0	0	0	0	0	0	0	0	0	0	0	0	0	0	0	0	0	0	0	0	0	0	0	0	0	0	0	0	0	0	0	0	0	0	0	0	0	0	0	0	0	0	0	0	0
17	9	0	0	119	7	0	184	0	0	3	0	810	2	10	2	494	0	55	280	672	39	4	42	0	956	2	0	590	0	8	0	208	65	259	0	0	0	0	0	12	0	0	0	43	1	0	0	0	0	0	1084	0	0	23	13	29	101	7	1118	0	53	0	1	0	0	0	0	62	0	88	13	2	0
16	1	85	0	1	0	80	1	0	263	6	0	33	5	70	5	4	22	1	32	47	5	0	7	0	20	344	0	9	0	5	0	11	1	19	28	0	0	0	12	0	2	0	230	51	0	8	238	0	0	12	34	0	0	0	11	17	16	5	11	0	80	0	0	0	107	0	0	11	2	3	11	6	7
1	9	0	0	80	0	0	0	0	154	105	0	7	71	470	0	5	2	0	1	0	0	0	2	0	1	2	0	20	0	3	0	4	0	1	0	0	0	0	0	2	0	0	46	5	0	59	4	0	0	0	1	0	0	0	0	23	18	112	16	0	370	0	0	0	0	7	0	16	0	0	0	49	0
0	0	0	0	0	0	0	0	0	0	0	0	0	0	0	0	0	0	0	0	0	0	0	0	0	0	0	0	0	0	0	0	0	0	0	0	0	0	0	0	0	0	0	0	0	0	0	0	0	0	0	0	0	0	0	0	0	0	0	0	0	5	0	0	0	0	0	0	0	0	0	0	0	0
0	2	0	0	0	0	0	0	0	422	18	0	1	0	389	0	8	18	0	0	0	0	0	0	0	0	4	0	0	0	162	0	2	0	1	2	0	0	0	0	230	46	0	0	62	0	0	0	0	0	99	0	0	0	1	0	16	0	0	0	0	33	0	0	0	3	0	0	9	0	0	3	1	0
2	0	1	0	8	44	73	2	0	6	0	0	5	3	30	2	40	6	23	13	44	83	0	201	14	20	1	0	11	0	155	0	35	11	10	0	0	0	0	43	51	5	0	62	0	13	0	0	0	0	84	102	82	0	60	11	58	25	3	25	0	48	0	1	0	1	57	46	1	0	7	14	1	12
0	1	0	0	0	0	0	0	0	0	0	0	10	0	0	0	0	4	0	0	1	0	0	0	0	0	0	0	4	0	0	0	0	0	0	0	0	0	0	1	0	0	0	0	13	0	0	0	0	0	0	1	0	0	0	0	0	0	0	5	0	3	0	0	0	0	0	0	0	0	0	0	10	0
0	0	0	0	5	0	0	0	0	0	14	0	0	10	4	0	0	6	0	1	0	0	0	0	0	1	13	0	1	0	28	0	2	0	0	0	0	0	0	0	8	59	0	0	0	0	0	0	0	0	0	0	0	0	0	0	3	0	10	4	0	60	0	0	0	0	0	0	0	0	0	0	1	0
0	1	0	0	0	0	0	0	0	553	0	0	1	0	465	0	0	38	0	0	0	0	0	0	0	0	14	0	0	0	35	0	1	0	0	0	0	0	0	0	238	4	0	0	0	0	0	0	0	0	49	0	0	0	0	0	205	0	0	0	0	0	0	0	0	29	0	0	0	1	0	0	0	0
0	0	0	0	0	0	0	0	0	0	0	0	0	0	0	0	0	0	0	0	0	0	0	0	0	0	0	0	0	0	0	0	0	0	0	0	0	0	0	0	0	0	0	0	0	0	0	0	0	0	0	0	0	0	0	0	0	0	0	0	0	0	0	0	0	0	0	0	0	0	0	0	0	0
5	0	0	0	0	0	0	0	3	5	0	0	0	0	0	0	0	463	0	0	0	0	0	0	0	0	0	0	0	0	0	0	0	0	0	0	0	0	0	0	0	0	0	0	0	0	0	0	0	0	0	0	0	0	0	0	0	0	0	0	0	0	0	0	0	0	0	0	0	0	0	0	0	0
13	0	0	0	0	0	0	1	1	403	0	0	0	0	1	0	3	20	177	0	0	191	0	34	54	2	0	0	1	0	828	0	0	0	1	0	0	0	0	0	12	0	0	99	84	0	0	49	0	0	0	1	339	0	180	5	240	36	0	0	0	0	0	0	0	0	141	106	0	3	30	3	0	124
54	0	1	0	0	413	0	21	0	0	1	0	9	5	33	0	863	0	297	99	995	634	16	275	10	1152	0	0	625	0	15	0	705	106	796	0	0	0	0	1084	34	1	0	0	102	1	0	0	0	0	1	0	16	0	193	95	29	268	4	5	0	0	0	0	0	0	514	0	154	1	14	9	1	16
0	0	0	0	0	0	0	0	0	439	0	0	0	0	13	0	9	44	0	102	5	7	0	516	65	18	0	0	2	0	560	0	0	0	1	0	0	0	0	0	0	0	0	0	82	0	0	0	0	0	339	16	0	0	10	1	215	50	0	1	0	0	0	0	0	0	0	0	1	1	0	0	0	0
0	0	0	0	0	0	0	0	0	0	0	0	0	0	0	0	0	0	0	0	0	0	0	0	0	0	0	0	0	0	0	0	0	0	0	0	0	0	0	0	0	0	0	0	0	0	0	0	0	0	0	0	0	0	0	0	0	0	0	0	0	0	0	0	0	0	0	0	0	0	0	0	0	0
128	0	0	0	11	3	0	0	0	0	4	0	39	0	4	7	143	0	2	5	35	240	1	510	47	91	0	0	25	0	263	0	2	3	6	0	0	0	0	23	0	0	0	1	60	0	0	0	0	0	180	193	10	0	0	111	0	4	0	42	0	0	0	0	0	0	5	10	0	0	1	0	3	0
21	0	0	1	0	0	0	2	0	4	0	0	5	1	0	0	2	4	3	176	44	140	0	1019	69	28	0	0	62	0	0	0	23	2	44	0	0	0	0	13	11	0	0	0	11	0	0	0	0	0	5	95	1	0	111	0	61	57	84	208	0	0	0	0	0	0	0	11	37	10	17	0	0	0
0	7	67	0	14	1	0	4	0	489	6	0	49	8	306	0	8	1	97	30	8	9	2	41	50	10	0	0	38	0	284	0	5	3	14	4	0	0	0	29	17	23	0	16	58	0	3	205	0	0	240	29	215	0	0	61	0	55	46	31	0	54	0	0	0	38	11	2	0	55	62	2	2	77
10	5	0	0	5	0	0	0	0	16	3	0	59	0	290	0	39	3	0	66	134	514	37	37	1	140	1	0	301	0	10	0	115	74	267	0	0	0	0	101	16	18	0	0	25	0	0	0	0	0	36	268	50	0	4	57	55	0	255	804	0	49	0	0	0	0	281	0	186	2	0	0	11	247
1	6	2	0	0	0	0	10	0	0	2	0	54	24	22	0	1	0	8	23	11	6	2	4	0	23	5	0	257	0	1	0	20	4	55	0	0	0	0	7	5	112	0	0	3	0	10	0	0	0	0	4	0	0	0	84	46	255	0	1141	0	1	0	0	0	0	180	0	51	2	12	4	0	0
0	7	1	124	18	0	0	233	0	0	0	0	593	3	0	0	40	0	129	128	15	414	242	11	5	123	0	0	239	0	1	0	333	235	842	0	0	0	0	1118	11	16	0	0	25	5	4	0	0	0	0	5	1	0	42	208	31	804	1141	0	0	0	0	82	0	0	414	103	341	6	64	104	1	1
0	0	0	0	0	0	0	0	0	0	0	0	0	0	0	0	0	0	0	0	0	0	0	0	0	0	0	0	0	0	0	0	0	0	0	0	0	0	0	0	0	0	0	0	0	0	0	0	0	0	0	0	0	0	0	0	0	0	0	0	0	0	0	0	0	0	0	0	0	0	0	0	0	0
0	4	99	1	250	0	0	0	0	58	636	0	6	727	19	62	1	20	2	12	1	0	3	5	0	47	7	0	3	0	46	0	121	12	17	0	0	0	0	53	80	370	5	33	48	3	60	0	0	0	0	0	0	0	0	0	54	49	1	0	0	0	0	3	0	2	1	0	10	7	7	83	328	13
0	0	0	0	0	0	0	0	0	0	0	0	0	0	0	0	0	0	0	0	0	0	0	0	0	0	0	0	0	0	0	0	0	0	0	0	0	0	0	0	0	0	0	0	0	0	0	0	0	0	0	0	0	0	0	0	0	0	0	0	0	0	0	0	0	0	0	0	0	0	0	0	0	0
0	4	0	0	102	0	0	0	0	0	23	0	29	0	4	0	1	0	0	0	0	0	0	2	0	0	0	0	0	0	1	0	2	0	0	0	0	0	0	1	0	0	0	0	1	0	0	0	0	0	0	0	0	0	0	0	0	0	0	82	0	3	0	0	0	0	0	0	13	0	0	0	147	0
0	0	0	0	0	0	0	0	0	0	0	0	0	0	0	0	0	0	0	0	0	0	0	0	0	0	0	0	0	0	0	0	0	0	0	0	0	0	0	0	0	0	0	0	0	0	0	0	0	0	0	0	0	0	0	0	0	0	0	0	0	0	0	0	0	0	0	0	0	0	0	0	0	0
0	5	0	1	0	0	0	0	0	169	0	0	0	1	157	0	1	0	0	5	0	0	0	0	0	0	181	0	0	0	0	0	0	0	0	22	0	0	0	0	107	0	0	3	1	0	0	29	0	0	0	0	0	0	0	0	38	0	0	0	0	2	0	0	0	0	0	0	0	0	0	1	1	0
46	3	0	4	0	0	0	0	0	4	0	0	10	0	4	0	100	1	0	1	11	495	0	8	0	313	0	0	239	0	186	0	9	0	90	0	0	0	0	0	0	7	0	0	57	0	0	0	0	0	141	514	0	0	5	0	11	281	180	414	0	1	0	0	0	0	0	0	101	0	0	0	1	0
99	2	0	0	0	0	0	0	0	0	0	0	0	0	0	0	12	0	0	1	1	294	0	862	69	5	0	0	203	0	95	0	0	0	2	0	0	0	0	0	0	0	0	0	46	0	0	0	0	0	106	0	0	0	10	11	2	0	0	103	0	0	0	0	0	0	0	0	0	0	0	0	0	0
0	0	0	0	12	0	0	0	0	0	0	0	20	16	10	0	1	0	0	31	0	60	81	0	0	34	0	0	1	0	0	0	89	94	85	0	0	0	0	62	11	16	0	9	1	0	0	0	0	0	0	154	1	0	0	37	0	186	51	341	0	10	0	13	0	0	101	0	0	0	0	0	0	0
0	2	0	0	0	0	0	0	0	5	3	0	2	0	60	0	0	0	0	12	1	1	0	0	0	3	0	0	3	0	12	0	2	0	0	0	0	0	0	0	2	0	0	0	0	0	0	1	0	0	3	1	1	0	0	10	55	2	2	6	0	7	0	0	0	0	0	0	0	0	2	2	0	0
0	7	0	23	8	0	0	0	0	107	30	0	149	0	7	0	86	0	0	179	215	2	0	12	0	143	0	0	32	0	18	0	13	0	2	0	0	0	0	88	3	0	0	0	7	0	0	0	0	0	30	14	0	0	1	17	62	0	12	64	0	7	0	0	0	0	0	0	0	2	0	0	0	0
8	0	0	0	43	0	0	0	0	28	45	0	83	6	9	0	10	4	0	18	2	2	0	0	0	7	2	0	6	0	19	0	6	0	0	0	0	0	0	13	11	0	0	3	14	0	0	0	0	0	3	9	0	0	0	0	2	0	4	104	0	83	0	0	0	1	0	0	0	2	0	0	114	0
0	3	1	0	458	1	0	0	0	3	360	0	12	113	3	38	3	0	0	0	2	1	1	4	0	1	1	0	6	0	0	0	22	305	1	0	0	0	0	2	6	49	0	1	1	10	1	0	0	0	0	1	0	0	3	0	2	11	0	1	0	328	0	147	0	1	1	0	0	0	0	114	0	1
49	2	0	1	1	0	0	0	0	2	0	0	6	0	27	0	0	2	0	2	9	73	0	18	1	6	0	0	0	0	100	0	2	0	1	0	0	0	0	0	7	0	0	0	12	0	0	0	0	0	124	16	0	0	0	0	77	247	0	1	0	13	0	0	0	0	0	0	0	0	0	0	1	0
