0	0	0	0	0	0	0	2	0	0	0	0	108	0	40	0	15	0	7	3	2	73	0	126	122	1	0	0	118	0	7	0	19	68	103	0	0	0	0	43	1	0	0	0	60	0	0	0	0	0	1	263	0	0	287	19	1	3	0	0	0	0	0	0	0	0	154	0	0	1	80	0	0	0
0	0	13	3	103	0	6	151	0	1	1	0	160	16	6	31	25	2	14	3	37	3	0	1	0	11	1	0	85	0	0	0	67	80	75	1	0	0	0	109	23	7	0	3	12	6	14	3	0	0	0	100	1	0	7	0	17	11	75	0	22	30	0	88	0	1	2	1	1	2	91	0	3	0
0	13	0	8	206	0	4	1	0	416	75	0	12	592	371	99	1	33	3	16	6	0	0	0	0	0	638	0	1	0	30	0	155	1	0	186	0	0	0	1	381	161	0	304	9	4	170	286	0	0	0	0	2	0	0	1	482	4	15	0	240	323	0	38	0	279	0	1	7	230	2	125	26	10
0	3	8	0	9	0	0	0	0	12	0	0	0	0	1	0	1	2	0	0	0	0	0	0	0	0	162	0	0	0	0	0	1	0	0	0	0	0	0	16	37	0	0	0	0	0	0	0	0	0	0	0	0	0	0	0	2	5	0	0	0	8	0	0	0	1	0	0	0	0	11	0	4	0
0	103	206	9	0	0	3	1	0	11	488	0	414	184	21	357	9	58	1	3	4	0	0	0	0	1	15	0	0	0	9	0	51	774	3	14	0	0	0	307	95	409	0	1	0	9	9	4	0	0	0	1	0	0	11	0	52	95	4	0	151	1186	0	385	0	0	1	2	73	26	50	305	1183	6
0	0	0	0	0	0	0	0	0	0	0	0	0	0	0	0	0	0	0	0	0	0	0	0	0	0	0	0	0	0	0	0	0	0	0	0	0	0	0	0	0	0	0	0	0	0	0	0	0	0	0	0	0	0	0	0	0	0	0	0	0	0	0	0	0	0	0	0	0	0	0	0	0	0
0	6	4	0	3	0	0	0	0	0	35	0	0	0	2	0	12	34	0	1	9	0	0	4	0	5	0	0	1	0	1	0	5	1	1	0	0	0	0	1	201	20	0	0	19	0	0	0	0	0	0	5	0	0	2	1	0	35	0	0	0	4	0	0	0	0	0	0	0	0	0	0	16	0
2	151	1	0	1	0	0	0	0	0	3	0	674	0	1	0	113	1	0	134	76	1	0	2	1	113	0	0	82	0	0	0	27	86	36	0	0	0	0	226	0	0	0	0	2	0	0	0	0	0	0	79	0	0	1	0	4	59	30	0	0	0	0	0	0	0	0	0	0	4	164	0	1	0
0	0	0	0	0	0	0	0	0	0	0	0	0	0	0	0	0	0	0	0	0	0	0	0	0	0	0	0	0	0	0	0	0	0	0	0	0	0	0	0	0	0	0	0	0	0	0	0	0	1	0	0	0	0	0	0	0	0	0	0	0	0	0	0	0	0	0	0	0	0	0	0	0	0
0	1	416	12	11	0	0	0	0	0	3	0	6	12	485	2	7	37	77	33	13	0	0	0	0	0	26	0	20	0	214	0	21	0	0	192	0	0	0	4	128	352	0	418	3	10	0	412	0	0	39	0	167	0	1	0	565	23	0	0	19	62	0	0	0	260	0	0	0	78	0	1	1	0
0	1	75	0	488	0	35	3	0	3	0	0	22	247	4	132	9	2	3	32	0	4	0	0	0	3	1	0	5	0	25	0	4	7	25	1	0	0	0	29	24	221	0	7	0	0	9	0	0	0	0	88	0	0	1	0	21	110	0	0	84	278	0	41	0	12	26	5	67	0	44	11	388	0
0	0	0	0	0	0	0	0	0	0	0	0	0	0	0	0	0	0	0	0	0	0	0	0	0	0	0	0	0	0	0	0	0	0	0	0	0	0	0	0	0	0	0	0	0	0	0	0	0	0	0	0	0	0	0	0	0	0	0	0	0	0	0	0	0	0	0	0	0	0	0	0	0	0
108	160	12	0	414	0	0	674	0	6	22	0	0	8	4	119	174	11	304	23	294	6	6	6	1	7	0	0	64	0	3	0	447	1038	124	1	0	0	0	1084	39	6	0	3	3	57	3	2	0	0	0	18	2	0	16	7	110	119	94	0	4	29	0	31	0	0	3	25	0	7	619	193	18	19
0	16	592	0	184	0	0	0	0	12	247	0	8	0	39	26	0	8	0	4	2	0	0	0	0	1	22	0	0	0	39	0	84	2	1	9	0	0	0	0	38	116	0	10	0	0	197	91	0	0	0	0	0	0	1	43	29	21	2	0	708	1604	0	131	0	8	1	0	0	2	1	237	60	0
40	6	371	1	21	0	2	1	0	485	4	0	4	39	0	38	2	51	46	3	2	0	0	0	0	1	0	0	1	0	4	0	9	0	1	348	0	0	0	3	94	342	0	387	0	11	3	340	0	0	0	3	29	0	1	0	240	24	4	0	25	62	0	1	0	208	2	0	2	72	0	15	2	0
0	31	99	0	357	0	0	0	0	2	132	0	119	26	38	0	2	9	0	4	6	0	0	0	1	5	1	0	1	0	29	0	8	126	1	0	0	0	0	21	2	6	0	0	34	0	0	0	0	0	0	9	0	0	11	0	7	14	2	0	1	333	0	0	0	0	0	0	0	0	0	0	254	0
15	25	1	1	9	0	12	113	0	7	9	0	174	0	2	2	0	8	350	92	728	158	0	7	4	496	0	0	292	0	5	0	303	253	195	1	0	0	0	762	19	0	0	4	180	36	0	0	0	0	1	703	12	0	279	7	34	65	12	0	0	1	0	0	0	1	383	58	0	33	243	11	1	69
0	2	33	2	58	0	34	1	0	37	2	0	11	8	51	9	8	0	1	6	0	1	0	0	1	2	1	0	0	0	25	0	53	8	1	18	0	0	0	0	40	20	0	109	27	6	20	87	0	702	10	0	29	0	7	0	59	31	1	0	32	167	0	0	0	3	7	8	0	9	5	18	65	3
7	14	3	0	1	0	0	0	0	77	3	0	304	0	46	0	350	1	0	155	216	5	0	22	1	391	0	0	451	0	10	0	18	29	67	0	0	0	0	234	2	14	0	0	38	0	0	0	0	0	26	262	29	0	10	40	139	68	180	0	0	1	0	0	0	0	0	0	0	31	23	0	1	0
3	3	16	0	3	0	1	134	0	33	32	0	23	4	3	4	92	6	155	0	29	3	133	79	98	19	0	0	99	0	35	0	105	34	115	4	0	0	0	201	10	2	0	0	28	2	2	30	0	0	34	72	29	0	52	99	334	17	22	0	9	39	0	0	0	21	0	0	0	36	165	80	1	27
2	37	6	0	4	0	9	76	0	13	0	0	294	2	2	6	728	0	216	29	0	18	0	21	4	723	0	0	60	0	3	0	245	328	75	1	0	0	0	647	18	1	0	1	145	1	1	0	0	1	1	355	1	0	103	28	10	25	1	0	7	17	0	0	0	1	1	31	0	4	156	3	3	15
73	3	0	0	0	0	0	1	0	0	4	0	6	0	0	0	158	1	5	3	18	0	6	541	124	104	0	0	130	0	91	0	0	18	58	0	0	0	0	8	0	0	0	0	101	0	0	0	0	0	30	199	0	0	351	7	0	100	4	0	0	0	0	0	0	0	49	12	0	2	1	1	1	6
0	0	0	0	0	0	0	0	0	0	0	0	6	0	0	0	0	0	0	133	0	6	0	174	101	0	0	0	0	0	0	0	0	2	0	0	0	0	0	0	0	0	0	0	0	0	0	0	0	0	0	1	0	0	73	9	5	4	0	0	0	0	0	0	0	0	0	0	0	3	0	0	1	0
126	1	0	0	0	0	4	2	0	0	0	0	6	0	0	0	7	0	22	79	21	541	174	0	1962	16	0	0	80	0	80	0	18	8	132	0	0	0	0	15	2	0	0	0	376	0	0	2	0	0	61	81	562	0	953	1146	74	10	0	0	0	4	0	0	0	0	18	154	0	4	10	0	0	2
122	0	0	0	0	0	0	1	0	0	0	0	1	0	0	1	4	1	1	98	4	124	101	1962	0	6	0	0	6	0	8	0	1	1	13	0	0	0	0	3	1	0	0	0	119	0	0	0	0	0	11	24	39	0	262	283	16	3	0	0	0	2	0	0	0	0	1	89	0	4	1	0	0	0
1	11	0	0	1	0	5	113	0	0	3	0	7	1	1	5	496	2	391	19	723	104	0	16	6	0	0	0	144	0	7	0	469	86	219	0	0	0	0	715	11	0	0	2	110	14	0	1	0	0	0	810	3	0	219	27	23	42	4	0	1	20	0	0	0	1	167	49	0	4	123	34	1	7
0	1	638	162	15	0	0	0	0	26	1	0	0	22	0	1	0	1	0	0	0	0	0	0	0	0	0	0	0	0	2	0	9	1	0	479	0	0	0	0	727	3	0	10	0	2	3	273	0	0	0	0	0	0	0	0	2	2	1	0	18	23	0	2	0	402	0	0	1	3	0	11	1	0
0	0	0	0	0	0	0	0	0	0	0	0	0	0	0	0	0	0	0	0	0	0	0	0	0	0	0	0	0	0	0	0	0	0	0	0	0	0	0	0	0	0	0	0	0	0	0	0	0	0	0	0	0	0	0	0	0	0	0	0	0	0	0	0	0	0	0	0	0	0	0	0	0	0
118	85	1	0	0	0	1	82	0	20	5	0	64	0	1	1	292	0	451	99	60	130	0	80	6	144	0	0	0	0	2	0	167	68	655	0	0	0	0	655	1	13	0	0	105	33	0	0	0	0	0	402	3	0	55	46	61	643	416	0	0	0	0	0	0	0	348	53	0	18	215	36	0	13
0	0	0	0	0	0	0	0	0	0	0	0	0	0	0	0	0	0	0	0	0	0	0	0	0	0	0	0	0	0	0	0	0	0	0	0	0	0	0	0	0	0	0	0	0	0	0	0	0	0	0	0	0	0	0	0	0	0	0	0	0	0	0	0	0	0	0	0	0	0	0	0	0	0
7	0	30	0	9	0	1	0	0	214	25	0	3	39	4	29	5	25	10	35	3	91	0	80	8	7	2	0	2	0	0	0	2	11	3	12	0	0	0	1	0	43	0	248	71	0	138	42	0	0	919	10	333	0	316	1	357	40	23	0	15	44	0	27	0	0	252	0	10	28	1	1	4	174
0	0	0	0	0	0	0	0	0	0	0	0	0	0	0	0	0	0	0	0	0	0	0	0	0	0	0	0	0	0	0	0	0	0	0	0	0	0	0	0	0	0	0	0	0	0	0	0	0	0	0	0	0	0	0	0	0	0	0	0	0	0	0	0	0	0	0	0	0	0	0	0	0	0
19	67	155	1	51	0	5	27	0	21	4	0	447	84	9	8	303	53	18	105	245	0	0	18	1	469	9	0	167	0	2	0	0	30	67	4	0	0	0	226	8	5	0	1	35	4	1	0	0	0	0	211	0	0	9	6	17	84	20	0	1	309	0	0	0	0	1	0	0	7	183	4	72	3
68	80	1	0	774	0	1	86	0	0	7	0	1038	2	0	126	253	8	29	34	328	18	2	8	1	86	1	0	68	0	11	0	30	0	28	0	0	0	0	421	2	1	0	17	15	92	0	0	0	0	10	144	14	0	47	0	40	438	6	0	0	16	0	6	0	0	53	0	0	13	284	150	965	7
103	75	0	0	3	0	1	36	0	0	25	0	124	1	1	1	195	1	67	115	75	58	0	132	13	219	0	0	655	0	3	0	67	28	0	0	0	0	0	196	2	10	0	1	85	1	0	0	0	0	0	352	0	0	35	27	39	395	300	0	1	18	0	1	0	0	79	2	0	13	72	2	2	6
0	1	186	0	14	0	0	0	0	192	1	0	1	9	348	0	1	18	0	4	1	0	0	0	0	0	479	0	0	0	12	0	4	0	0	0	0	0	0	0	81	103	0	0	1	0	0	0	0	0	0	1	0	0	0	0	61	20	0	0	0	5	0	0	0	0	0	0	0	0	0	0	29	0
0	0	0	0	0	0	0	0	0	0	0	0	0	0	0	0	0	0	0	0	0	0	0	0	0	0	0	0	0	0	0	0	0	0	0	0	0	0	0	0	0	0	0	0	0	0	0	0	0	0	0	0	0	0	0	0	0	0	0	0	0	0	0	0	0	0	0	0	0	0	0	0	0	0
0	0	0	0	0	0	0	0	0	0	0	0	0	0	0	0	0	0	0	0	0	0	0	0	0	0	0	0	0	0	0	0	0	0	0	0	0	0	0	0	0	0	0	0	0	0	0	0	0	0	0	0	0	0	0	0	0	0	0	0	0	0	0	0	0	0	0	0	0	0	0	0	0	0
0	0	0	0	0	0	0	0	0	0	0	0	0	0	0	0	0	0	0	0	0	0	0	0	0	0	0	0	0	0	0	0	0	0	0	0	0	0	0	0	0	0	0	0	0	0	0	0	0	0	0	0	0	0	0	0	0	0	0	0	0	0	0	0	0	0	0	0	0	0	0	0	0	0
43	109	1	16	307	0	1	226	0	4	29	0	1084	0	3	21	762	0	234	201	647	8	0	15	3	715	0	0	655	0	1	0	226	421	196	0	0	0	0	0	2	3	0	0	73	30	0	0	0	0	0	498	1	0	40	2	79	192	50	0	0	0	0	0	0	0	0	0	0	22	417	47	4	2
1	23	381	37	95	0	201	0	0	128	24	0	39	38	94	2	19	40	2	10	18	0	0	2	1	11	727	0	1	0	0	0	8	2	2	81	0	0	0	2	0	14	0	217	6	0	5	200	0	0	3	10	7	0	3	9	3	41	12	0	3	135	0	0	0	126	0	0	0	0	2	0	39	2
0	7	161	0	409	0	20	0	0	352	221	0	6	116	342	6	0	20	14	2	1	0	0	0	0	0	3	0	13	0	43	0	5	1	10	103	0	0	0	3	14	0	0	240	0	25	89	88	0	0	0	0	0	0	0	0	84	186	394	1	0	179	0	0	0	5	3	0	0	1	7	9	77	0
0	0	0	0	0	0	0	0	0	0	0	0	0	0	0	0	0	0	0	0	0	0	0	0	0	0	0	0	0	0	0	0	0	0	0	0	0	0	0	0	0	0	0	0	0	0	0	0	0	0	0	0	0	0	0	0	0	5	0	0	0	0	0	0	0	0	0	0	0	0	0	0	0	0
0	3	304	0	1	0	0	0	0	418	7	0	3	10	387	0	4	109	0	0	1	0	0	0	0	2	10	0	0	0	248	0	1	17	1	0	0	0	0	0	217	240	0	0	8	0	0	0	0	0	66	0	47	0	0	0	268	325	78	0	0	31	0	0	0	0	0	0	2	17	0	0	32	0
60	12	9	0	0	0	19	2	0	3	0	0	3	0	0	34	180	27	38	28	145	101	0	376	119	110	0	0	105	0	71	0	35	15	85	1	0	0	0	73	6	0	0	8	0	0	0	17	0	0	22	31	194	0	390	20	281	38	3	0	40	49	0	0	0	0	88	4	0	17	0	3	3	40
0	6	4	0	9	0	0	0	0	10	0	0	57	0	11	0	36	6	0	2	1	0	0	0	0	14	2	0	33	0	0	0	4	92	1	0	0	0	0	30	0	25	0	0	0	0	0	0	0	0	0	1	0	0	4	0	4	111	12	0	0	6	0	0	0	0	0	0	0	8	1	0	6	0
0	14	170	0	9	0	0	0	0	0	9	0	3	197	3	0	0	20	0	2	1	0	0	0	0	0	3	0	0	0	138	0	1	0	0	0	0	0	0	0	5	89	0	0	0	0	0	0	0	0	0	0	0	0	0	0	2	3	144	0	0	18	0	0	0	0	0	0	0	0	0	0	11	0
0	3	286	0	4	0	0	0	0	412	0	0	2	91	340	0	0	87	0	30	0	0	0	2	0	1	273	0	0	0	42	0	0	0	0	0	0	0	0	0	200	88	0	0	17	0	0	0	0	0	3	0	14	0	11	0	431	12	0	0	0	126	0	0	0	0	0	0	0	26	0	0	6	0
0	0	0	0	0	0	0	0	0	0	0	0	0	0	0	0	0	0	0	0	0	0	0	0	0	0	0	0	0	0	0	0	0	0	0	0	0	0	0	0	0	0	0	0	0	0	0	0	0	0	0	0	0	0	0	0	0	0	0	0	0	0	0	0	0	0	0	0	0	0	0	0	0	0
0	0	0	0	0	0	0	0	1	0	0	0	0	0	0	0	0	702	0	0	1	0	0	0	0	0	0	0	0	0	0	0	0	0	0	0	0	0	0	0	0	0	0	0	0	0	0	0	0	0	0	0	0	0	0	0	0	0	0	0	0	0	0	0	0	0	0	0	0	0	0	0	0	0
1	0	0	0	0	0	0	0	0	39	0	0	0	0	0	0	1	10	26	34	1	30	0	61	11	0	0	0	0	0	919	0	0	10	0	0	0	0	0	0	3	0	0	66	22	0	0	3	0	0	0	2	55	0	41	0	77	7	0	0	3	0	0	0	0	0	52	0	0	63	0	0	0	25
263	100	0	0	1	0	5	79	0	0	88	0	18	0	3	9	703	0	262	72	355	199	1	81	24	810	0	0	402	0	10	0	211	144	352	1	0	0	0	498	10	0	0	0	31	1	0	0	0	0	2	0	16	0	398	196	70	427	0	0	1	0	0	0	0	0	594	73	0	5	374	34	1	2
0	1	2	0	0	0	0	0	0	167	0	0	2	0	29	0	12	29	29	29	1	0	0	562	39	3	0	0	3	0	333	0	0	14	0	0	0	0	0	1	7	0	0	47	194	0	0	14	0	0	55	16	0	0	186	4	245	77	0	0	0	0	0	0	0	0	8	0	0	149	0	0	0	35
0	0	0	0	0	0	0	0	0	0	0	0	0	0	0	0	0	0	0	0	0	0	0	0	0	0	0	0	0	0	0	0	0	0	0	0	0	0	0	0	0	0	0	0	0	0	0	0	0	0	0	0	0	0	0	0	0	0	0	0	0	0	0	0	0	0	0	0	0	0	0	0	0	0
287	7	0	0	11	0	2	1	0	1	1	0	16	1	1	11	279	7	10	52	103	351	73	953	262	219	0	0	55	0	316	0	9	47	35	0	0	0	0	40	3	0	0	0	390	4	0	11	0	0	41	398	186	0	0	581	24	37	6	0	0	2	0	0	0	0	96	94	0	10	7	0	8	0
19	0	1	0	0	0	1	0	0	0	0	0	7	43	0	0	7	0	40	99	28	7	9	1146	283	27	0	0	46	0	1	0	6	0	27	0	0	0	0	2	9	0	0	0	20	0	0	0	0	0	0	196	4	0	581	0	554	0	0	0	4	18	0	0	0	0	0	4	0	309	1	0	1	0
1	17	482	2	52	0	0	4	0	565	21	0	110	29	240	7	34	59	139	334	10	0	5	74	16	23	2	0	61	0	357	0	17	40	39	61	0	0	0	79	3	84	0	268	281	4	2	431	0	0	77	70	245	0	24	554	0	194	146	0	5	100	0	1	0	64	15	0	6	307	30	8	18	104
3	11	4	5	95	0	35	59	0	23	110	0	119	21	24	14	65	31	68	17	25	100	4	10	3	42	2	0	643	0	40	0	84	438	395	20	0	0	0	192	41	186	5	325	38	111	3	12	0	0	7	427	77	0	37	0	194	0	301	0	56	124	0	15	0	2	508	27	42	19	371	54	29	340
0	75	15	0	4	0	0	30	0	0	0	0	94	2	4	2	12	1	180	22	1	4	0	0	0	4	1	0	416	0	23	0	20	6	300	0	0	0	0	50	12	394	0	78	3	12	144	0	0	0	0	0	0	0	6	0	146	301	0	0	0	3	0	0	0	0	424	0	0	248	66	8	1	0
0	0	0	0	0	0	0	0	0	0	0	0	0	0	0	0	0	0	0	0	0	0	0	0	0	0	0	0	0	0	0	0	0	0	0	0	0	0	0	0	0	1	0	0	0	0	0	0	0	0	0	0	0	0	0	0	0	0	0	0	0	0	0	0	0	0	0	0	0	0	0	0	0	0
0	22	240	0	151	0	0	0	0	19	84	0	4	708	25	1	0	32	0	9	7	0	0	0	0	1	18	0	0	0	15	0	1	0	1	0	0	0	0	0	3	0	0	0	40	0	0	0	0	0	3	1	0	0	0	4	5	56	0	0	0	551	0	0	0	0	0	0	0	0	0	0	13	0
0	30	323	8	1186	0	4	0	0	62	278	0	29	1604	62	333	1	167	1	39	17	0	0	4	2	20	23	0	0	0	44	0	309	16	18	5	0	0	0	0	135	179	0	31	49	6	18	126	0	0	0	0	0	0	2	18	100	124	3	0	551	0	0	37	0	2	0	0	6	24	17	88	357	13
0	0	0	0	0	0	0	0	0	0	0	0	0	0	0	0	0	0	0	0	0	0	0	0	0	0	0	0	0	0	0	0	0	0	0	0	0	0	0	0	0	0	0	0	0	0	0	0	0	0	0	0	0	0	0	0	0	0	0	0	0	0	0	0	0	0	0	0	0	0	0	0	0	0
0	88	38	0	385	0	0	0	0	0	41	0	31	131	1	0	0	0	0	0	0	0	0	0	0	0	2	0	0	0	27	0	0	6	1	0	0	0	0	0	0	0	0	0	0	0	0	0	0	0	0	0	0	0	0	0	1	15	0	0	0	37	0	0	0	0	0	0	0	0	0	0	207	0
0	0	0	0	0	0	0	0	0	0	0	0	0	0	0	0	0	0	0	0	0	0	0	0	0	0	0	0	0	0	0	0	0	0	0	0	0	0	0	0	0	0	0	0	0	0	0	0	0	0	0	0	0	0	0	0	0	0	0	0	0	0	0	0	0	0	0	0	0	0	0	0	0	0
0	1	279	1	0	0	0	0	0	260	12	0	0	8	208	0	1	3	0	21	1	0	0	0	0	1	402	0	0	0	0	0	0	0	0	0	0	0	0	0	126	5	0	0	0	0	0	0	0	0	0	0	0	0	0	0	64	2	0	0	0	2	0	0	0	0	0	0	0	0	0	0	3	0
154	2	0	0	1	0	0	0	0	0	26	0	3	1	2	0	383	7	0	0	1	49	0	18	1	167	0	0	348	0	252	0	1	53	79	0	0	0	0	0	0	3	0	0	88	0	0	0	0	0	52	594	8	0	96	0	15	508	424	0	0	0	0	0	0	0	0	0	0	7	1	0	1	0
0	1	1	0	2	0	0	0	0	0	5	0	25	0	0	0	58	8	0	0	31	12	0	154	89	49	0	0	53	0	0	0	0	0	2	0	0	0	0	0	0	0	0	0	4	0	0	0	0	0	0	73	0	0	94	4	0	27	0	0	0	0	0	0	0	0	0	0	0	2	0	0	4	0
0	1	7	0	73	0	0	0	0	0	67	0	0	0	2	0	0	0	0	0	0	0	0	0	0	0	1	0	0	0	10	0	0	0	0	0	0	0	0	0	0	0	0	2	0	0	0	0	0	0	0	0	0	0	0	0	6	42	0	0	0	6	0	0	0	0	0	0	0	0	1	4	62	0
1	2	230	0	26	0	0	4	0	78	0	0	7	2	72	0	33	9	31	36	4	2	3	4	4	4	3	0	18	0	28	0	7	13	13	0	0	0	0	22	0	1	0	17	17	8	0	26	0	0	63	5	149	0	10	309	307	19	248	0	0	24	0	0	0	0	7	2	0	0	18	4	2	5
80	91	2	11	50	0	0	164	0	0	44	0	619	1	0	0	243	5	23	165	156	1	0	10	1	123	0	0	215	0	1	0	183	284	72	0	0	0	0	417	2	7	0	0	0	1	0	0	0	0	0	374	0	0	7	1	30	371	66	0	0	17	0	0	0	0	1	0	1	18	0	0	0	0
0	0	125	0	305	0	0	0	0	1	11	0	193	237	15	0	11	18	0	80	3	1	0	0	0	34	11	0	36	0	1	0	4	150	2	0	0	0	0	47	0	9	0	0	3	0	0	0	0	0	0	34	0	0	0	0	8	54	8	0	0	88	0	0	0	0	0	0	4	4	0	0	57	0
0	3	26	4	1183	0	16	1	0	1	388	0	18	60	2	254	1	65	1	1	3	1	1	0	0	1	1	0	0	0	4	0	72	965	2	29	0	0	0	4	39	77	0	32	3	6	11	6	0	0	0	1	0	0	8	1	18	29	1	0	13	357	0	207	0	3	1	4	62	2	0	57	0	0
0	0	10	0	6	0	0	0	0	0	0	0	19	0	0	0	69	3	0	27	15	6	0	2	0	7	0	0	13	0	174	0	3	7	6	0	0	0	0	2	2	0	0	0	40	0	0	0	0	0	25	2	35	0	0	0	104	340	0	0	0	13	0	0	0	0	0	0	0	5	0	0	0	0
