0	0	0	0	0	9	0	0	0	0	0	0	0	0	0	0	10	0	17	2	2	86	0	149	40	6	0	0	0	0	0	0	3	4	59	0	0	0	2	0	0	0	0	0	4	13	0	1	0	0	0	11	7	0	153	10	0	6	0	0	0	0	0	0	0	0	54	151	0	0	2	0	4	1
0	66	19	7	57	1	0	52	1	9	1	0	1142	10	3	1	36	15	31	105	2	1	0	0	1	4	4	0	0	0	7	1891	18	227	35	7	0	0	1	50	0	2	0	49	11	41	18	9	0	0	0	6	0	0	6	9	23	17	18	17	71	35	0	62	0	5	4	1	12	15	16	33	4	2
0	19	0	0	0	0	0	0	0	461	0	0	4	324	132	0	9	64	2	3	10	0	0	0	0	8	32	0	0	0	5	6	1	0	0	0	0	0	0	0	0	0	0	846	0	0	0	12	0	0	0	0	0	0	0	0	296	0	4	0	0	112	0	10	0	4	0	0	4	0	0	19	12	2
0	7	0	0	0	0	0	0	0	3	0	0	0	0	0	0	2	0	0	0	1	0	0	0	0	0	37	0	0	0	0	0	0	0	0	0	0	0	0	0	0	0	0	0	0	0	0	0	0	0	0	0	0	0	0	0	0	0	0	0	0	0	0	0	0	49	0	0	0	0	0	7	0	1
0	57	0	0	0	0	0	0	0	16	0	0	337	102	0	0	1	21	0	3	1	0	0	0	0	1	10	0	0	0	1	1965	0	113	0	0	1	0	0	0	0	1	0	134	0	0	0	11	0	0	0	1	0	0	0	0	0	0	0	0	0	533	0	86	0	0	0	0	13	0	0	57	50	1
9	1	0	0	0	0	0	0	0	351	0	0	0	0	14	0	347	20	150	176	146	21	0	2	76	237	0	0	0	0	302	0	131	111	118	0	0	0	175	42	0	0	12	876	8	0	0	3	0	0	64	205	468	0	82	22	343	17	0	1	0	0	0	0	0	0	50	48	0	16	38	2	1	468
0	0	0	0	0	0	0	0	0	0	0	0	0	0	0	0	0	0	0	0	0	0	0	0	0	0	0	0	0	0	0	0	0	0	0	0	0	0	0	0	0	0	0	0	0	0	0	0	0	0	0	0	0	0	0	0	0	0	0	0	0	0	0	0	0	0	0	0	0	0	0	0	0	0
0	52	0	0	0	0	0	0	0	23	0	0	851	0	0	0	239	0	20	222	453	0	0	0	0	48	0	0	0	0	4	1026	94	168	0	0	0	0	0	0	0	0	0	0	0	0	0	2	0	0	5	1	0	0	0	0	4	0	144	11	0	0	0	70	0	0	0	0	0	2	2	52	0	0
0	1	0	0	0	0	0	0	0	3	0	0	0	1	0	0	2	1	0	0	0	0	0	0	0	1	0	0	0	0	0	0	0	0	9	0	0	0	0	0	0	0	0	0	0	0	0	0	0	1	0	0	0	0	0	0	0	4	0	0	0	0	0	0	0	0	0	0	1	0	0	1	0	0
0	9	461	3	16	351	0	23	3	0	0	0	19	24	299	0	9	43	133	297	10	6	0	0	0	6	52	0	0	0	68	0	81	24	77	391	0	0	0	86	0	108	0	1730	0	25	8	408	0	1	134	89	544	0	21	0	773	34	3	0	22	39	0	0	0	437	0	18	0	257	67	16	0	2
0	1	0	0	0	0	0	0	0	0	0	0	0	0	0	0	0	0	0	0	0	0	0	0	0	0	0	0	0	0	0	0	0	0	0	0	0	0	0	0	0	14	0	0	0	0	0	0	0	0	0	0	0	0	0	0	0	0	0	0	4	17	0	0	0	8	0	4	6	10	114	55	0	0
0	0	0	0	0	0	0	0	0	0	0	0	0	0	0	0	0	0	0	0	0	0	0	0	0	0	0	0	0	0	0	0	0	0	0	0	0	0	0	0	0	0	0	0	0	0	0	0	0	0	0	0	0	0	0	0	0	0	0	0	0	0	0	0	0	0	0	0	0	0	0	0	0	0
0	1142	4	0	337	0	0	851	0	19	0	0	0	0	0	40	176	0	303	137	211	1	2	0	1	71	0	0	0	0	43	1270	573	951	138	1	0	0	45	1245	0	0	0	0	5	718	1	2	0	0	29	2	3	0	47	120	125	82	12	172	1	2	0	9	0	0	5	36	3	68	589	261	0	3
0	10	324	0	102	0	0	0	1	24	0	0	0	0	0	12	0	9	0	6	29	0	0	0	0	0	6	0	0	0	1	1233	3	0	1	59	0	0	0	2	0	60	0	294	5	6	219	41	0	0	0	0	0	0	1	32	25	4	2	0	590	1149	0	83	0	15	0	4	67	19	0	66	4	1
0	3	132	0	0	14	0	0	0	299	0	0	0	0	0	0	1	0	149	0	19	0	0	0	0	0	0	0	0	0	0	1	0	0	0	157	0	0	0	0	0	130	0	227	0	0	0	161	0	0	0	0	44	0	0	0	90	25	8	0	0	2	0	0	0	100	0	26	0	30	0	4	0	1
0	1	0	0	0	0	0	0	0	0	0	0	40	12	0	0	0	0	0	1	0	0	0	0	0	0	0	0	0	0	0	9	0	3	0	0	0	0	0	0	0	0	0	0	0	0	0	0	0	0	0	1	0	0	0	0	0	0	0	0	0	29	0	16	0	0	0	0	0	0	0	1	0	1
10	36	9	2	1	347	0	239	2	9	0	0	176	0	1	0	0	4	401	59	1139	19	0	6	0	582	1	0	0	0	64	0	373	132	115	0	0	0	168	669	0	0	5	7	22	20	3	0	0	5	47	499	189	0	156	17	12	98	2	0	16	4	0	0	0	2	107	177	0	10	24	72	0	73
0	15	64	0	21	20	0	0	1	43	0	0	0	9	0	0	4	0	0	10	0	0	0	0	0	0	0	0	0	0	0	0	3	1	2	22	0	0	0	0	0	0	0	296	4	5	19	23	0	327	0	0	11	0	0	0	26	42	0	0	47	23	0	0	0	12	0	0	7	0	0	50	70	4
17	31	2	0	0	150	0	20	0	133	0	0	303	0	149	0	401	0	0	292	494	88	0	0	5	379	0	0	0	0	38	2	195	33	44	0	0	0	2	46	0	2	0	158	2	0	0	0	0	0	11	281	194	0	2	10	165	150	170	23	0	1	0	0	0	0	22	194	0	10	20	17	0	187
2	105	3	0	3	176	0	222	0	297	0	0	137	6	0	1	59	10	292	0	238	19	1	199	63	86	0	0	0	0	46	6	160	57	87	0	0	0	1	264	0	0	0	37	104	19	2	116	0	0	147	5	275	0	277	249	630	59	43	0	6	20	0	0	0	11	7	59	2	135	259	42	1	41
2	2	10	1	1	146	0	453	0	10	0	0	211	29	19	0	1139	0	494	238	0	18	0	10	3	945	0	0	0	1	7	0	952	427	254	17	0	0	139	1223	0	1	0	10	49	71	9	0	0	0	3	524	103	0	62	114	27	122	2	0	8	26	0	0	0	1	9	103	0	8	489	11	1	135
86	1	0	0	0	21	0	0	0	6	0	0	1	0	0	0	19	0	88	19	18	0	0	162	0	104	0	0	0	0	44	0	1	12	0	0	0	0	0	0	0	0	0	0	0	0	0	0	0	0	1	134	0	0	0	0	0	0	0	2	0	0	0	0	0	0	0	2	0	0	0	1	0	139
0	0	0	0	0	0	0	0	0	0	0	0	2	0	0	0	0	0	0	1	0	0	0	0	0	1	0	0	0	0	0	0	0	0	0	0	0	0	0	0	0	0	0	0	0	0	0	0	0	0	0	0	0	0	0	0	0	0	0	0	0	0	0	0	0	0	0	0	0	0	0	0	0	0
149	0	0	0	0	2	0	0	0	0	0	0	0	0	0	0	6	0	0	199	10	162	0	0	803	4	0	0	0	0	0	0	2	4	54	2	0	0	4	2	0	0	0	0	84	2	0	0	0	0	0	14	0	0	282	304	43	12	2	0	0	1	0	0	0	0	0	338	0	0	0	2	0	2
40	1	0	0	0	76	0	0	0	0	0	0	1	0	0	0	0	0	5	63	3	0	0	803	0	1	0	0	0	0	0	0	1	0	2	0	0	0	0	1	0	0	0	0	3	0	0	0	0	0	0	3	51	0	106	66	42	0	0	0	0	0	0	0	0	0	0	113	0	0	0	0	0	1
6	4	8	0	1	237	0	48	1	6	0	0	71	0	0	0	582	0	379	86	945	104	1	4	1	0	0	0	0	0	36	0	580	167	140	0	0	0	83	615	0	0	0	4	35	25	1	0	0	0	25	418	172	0	158	35	20	95	3	2	1	21	0	0	0	2	181	112	0	7	346	22	0	13
0	4	32	37	10	0	0	0	0	52	0	0	0	6	0	0	1	0	0	0	0	0	0	0	0	0	0	0	0	0	0	0	0	25	0	157	0	0	0	0	0	0	0	1	0	0	9	3	0	0	0	0	0	0	24	19	1	0	0	0	13	6	0	0	0	151	0	0	4	0	0	27	0	0
0	0	0	0	0	0	0	0	0	0	0	0	0	0	0	0	0	0	0	0	0	0	0	0	0	0	0	0	0	0	0	0	0	0	0	0	0	0	0	0	0	0	0	0	0	0	0	0	0	0	0	0	0	0	0	0	0	0	0	0	0	0	0	0	0	0	0	0	0	0	0	0	0	0
0	0	0	0	0	0	0	0	0	0	0	0	0	0	0	0	0	0	0	0	0	0	0	0	0	0	0	0	0	0	0	0	0	0	0	0	0	0	0	0	0	0	0	0	0	0	0	0	0	0	0	0	0	0	0	0	0	0	0	0	0	0	0	0	0	0	0	0	0	0	0	0	0	0
0	0	0	0	0	0	0	0	0	0	0	0	0	0	0	0	0	0	0	0	1	0	0	0	0	0	0	0	0	0	0	0	0	0	0	0	0	0	0	0	0	0	0	0	0	0	0	0	0	0	0	0	0	0	0	0	0	0	0	0	0	0	0	0	0	1	0	0	0	0	0	0	0	0
0	7	5	0	1	302	0	4	0	68	0	0	43	1	0	0	64	0	38	46	7	44	0	0	0	36	0	0	0	0	0	0	1	58	1	1	0	0	0	2	0	1	0	96	185	36	38	1	0	0	306	12	122	0	119	0	255	21	0	0	5	2	0	0	0	0	74	27	0	41	0	30	0	246
0	1891	6	0	1965	0	0	1026	0	0	0	0	1270	1233	1	9	0	0	2	6	0	0	0	0	0	0	0	0	0	0	0	0	15	342	0	0	0	0	0	569	0	0	0	506	0	944	86	0	0	0	0	0	0	0	0	2	40	14	2	0	1	433	0	639	0	0	0	0	228	0	0	333	0	0
3	18	1	0	0	131	0	94	0	81	0	0	573	3	0	0	373	3	195	160	952	1	0	2	1	580	0	0	0	0	1	15	0	35	99	0	0	0	20	199	0	0	0	10	3	1	0	1	0	0	4	204	1	0	4	34	20	24	2	2	0	14	0	0	0	1	0	10	3	10	60	20	0	135
4	227	0	0	113	111	0	168	0	24	0	0	951	0	0	3	132	1	33	57	427	12	0	4	0	167	25	0	0	0	58	342	35	0	28	1	0	0	37	208	0	0	0	11	12	505	0	2	0	0	0	157	23	0	62	11	42	223	41	5	0	7	0	4	0	0	96	41	0	3	11	127	2	13
59	35	0	0	0	118	0	0	9	77	0	0	138	1	0	0	115	2	44	87	254	0	0	54	2	140	0	0	0	0	1	0	99	28	0	0	0	0	10	0	0	0	0	0	0	0	0	0	0	0	2	343	0	0	0	0	22	0	132	9	0	13	0	0	0	0	0	2	0	4	0	35	1	96
0	7	0	0	0	0	0	0	0	391	0	0	1	59	157	0	0	22	0	0	17	0	0	2	0	0	157	0	0	0	1	0	0	1	0	0	0	0	0	0	0	0	0	2160	0	0	0	28	0	0	1	0	0	0	0	0	14	0	0	0	0	43	0	0	0	106	0	0	0	0	0	7	41	18
0	0	0	0	1	0	0	0	0	0	0	0	0	0	0	0	0	0	0	0	0	0	0	0	0	0	0	0	0	0	0	0	0	0	0	0	0	0	0	0	0	0	0	4	0	0	0	0	0	0	0	0	0	0	0	0	0	0	0	0	0	1	0	0	0	0	0	0	0	0	0	0	0	0
0	0	0	0	0	0	0	0	0	0	0	0	0	0	0	0	0	0	0	0	0	0	0	0	0	0	0	0	0	0	0	0	0	0	0	0	0	0	0	0	0	0	0	0	0	0	0	0	0	0	0	0	0	0	0	0	0	0	0	0	0	0	0	0	0	0	0	0	0	0	0	0	0	0
2	1	0	0	0	175	0	0	0	0	0	0	45	0	0	0	168	0	2	1	139	0	0	4	0	83	0	0	0	0	0	0	20	37	10	0	0	0	0	15	0	0	0	0	4	0	1	0	0	0	0	85	0	0	0	0	0	0	0	0	0	0	0	0	0	0	0	0	0	0	0	1	0	0
0	50	0	0	0	42	0	0	0	86	0	0	1245	2	0	0	669	0	46	264	1223	0	0	2	1	615	0	0	0	0	2	569	199	208	0	0	0	0	15	0	0	0	4	14	0	0	0	3	0	0	2	265	0	0	0	0	35	0	16	13	0	0	0	0	0	0	0	0	0	9	4	47	0	95
0	0	0	0	0	0	0	0	0	0	0	0	0	0	0	0	0	0	0	0	0	0	0	0	0	0	0	0	0	0	0	0	0	0	0	0	0	0	0	0	0	0	0	0	0	0	0	0	0	0	0	0	0	0	0	0	0	0	0	0	0	0	0	0	0	0	0	0	0	0	0	0	0	0
0	2	0	0	1	0	0	0	0	108	14	0	0	60	130	0	0	0	2	0	1	0	0	0	0	0	0	0	0	0	1	0	0	0	0	0	0	0	0	0	0	0	0	17	0	0	0	1	0	0	0	0	0	0	0	0	0	0	76	0	0	3	0	0	0	6	0	0	0	0	0	2	0	0
0	0	0	0	0	12	0	0	0	0	0	0	0	0	0	0	5	0	0	0	0	0	0	0	0	0	0	0	0	0	0	0	0	0	0	0	0	0	0	4	0	0	0	0	12	0	0	0	0	0	0	0	0	0	3	0	0	2	2	0	0	0	0	0	0	0	0	8	0	27	0	0	0	0
0	49	846	0	134	876	0	0	0	1730	0	0	0	294	227	0	7	296	158	37	10	0	0	0	0	4	1	0	0	0	96	506	10	11	0	2160	4	0	0	14	0	17	0	0	0	4	0	1272	0	0	139	0	704	0	0	0	1504	154	0	0	1928	399	0	0	0	816	2	66	28	18	0	49	50	1029
4	11	0	0	0	8	0	0	0	0	0	0	5	5	0	0	22	4	2	104	49	0	0	84	3	35	0	0	0	0	185	0	3	12	0	0	0	0	4	0	0	0	12	0	0	0	0	0	0	0	1	29	0	0	0	0	100	0	0	0	0	7	0	0	0	0	0	0	0	0	0	11	1	86
13	41	0	0	0	0	0	0	0	25	0	0	718	6	0	0	20	5	0	19	71	0	0	2	0	25	0	0	0	0	36	944	1	505	0	0	0	0	0	0	0	0	0	4	0	0	0	0	0	0	1	11	0	0	0	0	7	0	0	5	0	90	0	3	0	0	0	0	0	0	2	38	2	4
0	18	0	0	0	0	0	0	0	8	0	0	1	219	0	0	3	19	0	2	9	0	0	0	0	1	9	0	0	0	38	86	0	0	0	0	0	0	1	0	0	0	0	0	0	0	0	0	0	0	0	0	0	0	0	0	0	0	146	0	0	37	0	20	0	0	0	0	0	0	0	18	15	1
1	9	12	0	11	3	0	2	0	408	0	0	2	41	161	0	0	23	0	116	0	0	0	0	0	0	3	0	0	0	1	0	1	2	0	28	0	0	0	3	0	1	0	1272	0	0	0	0	0	0	0	0	0	0	0	0	173	0	0	0	0	113	0	0	0	62	0	0	0	0	0	6	0	0
0	0	0	0	0	0	0	0	0	0	0	0	0	0	0	0	0	0	0	0	0	0	0	0	0	0	0	0	0	0	0	0	0	0	0	0	0	0	0	0	0	0	0	0	0	0	0	0	0	0	0	0	0	0	0	0	0	0	0	0	0	0	0	0	0	0	0	0	0	0	0	0	0	0
0	0	0	0	0	0	0	0	1	1	0	0	0	0	0	0	5	327	0	0	0	0	0	0	0	0	0	0	0	0	0	0	0	0	0	0	0	0	0	0	0	0	0	0	0	0	0	0	0	0	0	0	0	0	0	0	0	0	0	0	0	0	0	0	0	0	0	0	0	0	0	0	1	0
0	0	0	0	0	64	0	5	0	134	0	0	29	0	0	0	47	0	11	147	3	1	0	0	0	25	0	0	0	0	306	0	4	0	2	1	0	0	0	2	0	0	0	139	1	1	0	0	0	0	0	31	82	0	27	0	268	0	0	0	0	0	0	0	0	0	3	12	0	26	0	11	0	227
11	6	0	0	1	205	0	1	0	89	0	0	2	0	0	1	499	0	281	5	524	134	0	14	3	418	0	0	0	0	12	0	204	157	343	0	0	0	85	265	0	0	0	0	29	11	0	0	0	0	31	0	52	0	154	31	18	10	0	0	3	0	0	0	0	0	84	16	0	9	5	4	0	47
7	0	0	0	0	468	0	0	0	544	0	0	3	0	44	0	189	11	194	275	103	0	0	0	51	172	0	0	0	0	122	0	1	23	0	0	0	0	0	0	0	0	0	704	0	0	0	0	0	0	82	52	0	0	0	0	360	0	2	0	0	0	0	0	0	0	0	0	0	1	0	0	0	397
0	0	0	0	0	0	0	0	0	0	0	0	0	0	0	0	0	0	0	0	0	0	0	0	0	0	0	0	0	0	0	0	0	0	0	0	0	0	0	0	0	0	0	0	0	0	0	0	0	0	0	0	0	0	0	0	0	0	0	0	0	0	0	0	0	0	0	0	0	0	0	0	0	0
153	6	0	0	0	82	0	0	0	21	0	0	47	1	0	0	156	0	2	277	62	0	0	282	106	158	24	0	0	0	119	0	4	62	0	0	0	0	0	0	0	0	3	0	0	0	0	0	0	0	27	154	0	0	0	0	7	0	2	2	0	0	0	0	0	0	0	0	0	0	0	6	4	6
10	9	0	0	0	22	0	0	0	0	0	0	120	32	0	0	17	0	10	249	114	0	0	304	66	35	19	0	0	0	0	2	34	11	0	0	0	0	0	0	0	0	0	0	0	0	0	0	0	0	0	31	0	0	0	0	65	0	32	9	0	0	0	0	0	0	0	0	0	9	3	9	0	10
0	23	296	0	0	343	0	4	0	773	0	0	125	25	90	0	12	26	165	630	27	0	0	43	42	20	1	0	0	0	255	40	20	42	22	14	0	0	0	35	0	0	0	1504	100	7	0	173	0	0	268	18	360	0	7	65	0	17	14	4	4	45	0	0	0	93	0	9	0	190	7	19	2	429
6	17	0	0	0	17	0	0	4	34	0	0	82	4	25	0	98	42	150	59	122	0	0	12	0	95	0	0	0	0	21	14	24	223	0	0	0	0	0	0	0	0	2	154	0	0	0	0	0	0	0	10	0	0	0	0	17	0	262	0	0	34	0	0	0	0	0	0	1	2	1	30	5	443
0	18	4	0	0	0	0	144	0	3	0	0	12	2	8	0	2	0	170	43	2	0	0	2	0	3	0	0	0	0	0	2	2	41	132	0	0	0	0	16	0	76	2	0	0	0	146	0	0	0	0	0	2	0	2	32	14	262	0	227	0	0	0	0	0	0	474	46	0	22	70	30	32	1
0	17	0	0	0	1	0	11	0	0	0	0	172	0	0	0	0	0	23	0	0	2	0	0	0	2	0	0	0	0	0	0	2	5	9	0	0	0	0	13	0	0	0	0	0	5	0	0	0	0	0	0	0	0	2	9	4	0	227	0	0	0	0	3	0	0	0	0	0	5	7	8	0	1
0	71	0	0	0	0	0	0	0	22	4	0	1	590	0	0	16	47	0	6	8	0	0	0	0	1	13	0	0	0	5	1	0	0	0	0	0	0	0	0	0	0	0	1928	0	0	0	0	0	0	0	3	0	0	0	0	4	0	0	0	0	466	0	0	0	0	0	0	0	0	1	71	42	1
0	35	112	0	533	0	0	0	0	39	17	0	2	1149	2	29	4	23	1	20	26	0	0	1	0	21	6	0	0	0	2	433	14	7	13	43	1	0	0	0	0	3	0	399	7	90	37	113	0	0	0	0	0	0	0	0	45	34	0	0	466	0	0	18	0	1	0	0	147	0	1	156	2	60
0	0	0	0	0	0	0	0	0	0	0	0	0	0	0	0	0	0	0	0	0	0	0	0	0	0	0	0	0	0	0	0	0	0	0	0	0	0	0	0	0	0	0	0	0	0	0	0	0	0	0	0	0	0	0	0	0	0	0	0	0	0	0	0	0	0	0	0	0	0	0	0	0	0
0	62	10	0	86	0	0	70	0	0	0	0	9	83	0	16	0	0	0	0	0	0	0	0	0	0	0	0	0	0	0	639	0	4	0	0	0	0	0	0	0	0	0	0	0	3	20	0	0	0	0	0	0	0	0	0	0	0	0	3	0	18	0	0	0	0	0	0	21	0	18	1	7	0
0	0	0	0	0	0	0	0	0	0	0	0	0	0	0	0	0	0	0	0	0	0	0	0	0	0	0	0	0	0	0	0	0	0	0	0	0	0	0	0	0	0	0	0	0	0	0	0	0	0	0	0	0	0	0	0	0	0	0	0	0	0	0	0	0	0	0	0	0	0	0	0	0	0
0	5	4	49	0	0	0	0	0	437	8	0	0	15	100	0	2	12	0	11	1	0	0	0	0	2	151	0	0	1	0	0	1	0	0	106	0	0	0	0	0	6	0	816	0	0	0	62	0	0	0	0	0	0	0	0	93	0	0	0	0	1	0	0	0	0	0	0	0	0	0	5	0	0
54	4	0	0	0	50	0	0	0	0	0	0	5	0	0	0	107	0	22	7	9	0	0	0	0	181	0	0	0	0	74	0	0	96	0	0	0	0	0	0	0	0	0	2	0	0	0	0	0	0	3	84	0	0	0	0	0	0	474	0	0	0	0	0	0	0	0	0	0	2	0	4	0	96
151	1	0	0	0	48	0	0	0	18	4	0	36	4	26	0	177	0	194	59	103	2	0	338	113	112	0	0	0	0	27	0	10	41	2	0	0	0	0	0	0	0	8	66	0	0	0	0	0	0	12	16	0	0	0	0	9	0	46	0	0	0	0	0	0	0	0	0	0	0	0	1	1	456
0	12	4	0	13	0	0	0	1	0	6	0	3	67	0	0	0	7	0	2	0	0	0	0	0	0	4	0	0	0	0	228	3	0	0	0	0	0	0	0	0	0	0	28	0	0	0	0	0	0	0	0	0	0	0	0	0	1	0	0	0	147	0	21	0	0	0	0	0	2	2	12	18	0
0	15	0	0	0	16	0	2	0	257	10	0	68	19	30	0	10	0	10	135	8	0	0	0	0	7	0	0	0	0	41	0	10	3	4	0	0	0	0	9	0	0	27	18	0	0	0	0	0	0	26	9	1	0	0	9	190	2	22	5	0	0	0	0	0	0	2	0	2	0	13	9	0	62
2	16	0	0	0	38	0	2	0	67	114	0	589	0	0	0	24	0	20	259	489	0	0	0	0	346	0	0	0	0	0	0	60	11	0	0	0	0	0	4	0	0	0	0	0	2	0	0	0	0	0	5	0	0	0	3	7	1	70	7	1	1	0	18	0	0	0	0	2	13	0	17	0	2
0	33	19	7	57	2	0	52	1	16	55	0	261	66	4	1	72	50	17	42	11	1	0	2	0	22	27	0	0	0	30	333	20	127	35	7	0	0	1	47	0	2	0	49	11	38	18	6	0	0	11	4	0	0	6	9	19	30	30	8	71	156	0	1	0	5	4	1	12	9	17	0	26	12
4	4	12	0	50	1	0	0	0	0	0	0	0	4	0	0	0	70	0	1	1	0	0	0	0	0	0	0	0	0	0	0	0	2	1	41	0	0	0	0	0	0	0	50	1	2	15	0	0	1	0	0	0	0	4	0	2	5	32	0	42	2	0	7	0	0	0	1	18	0	0	26	0	1
1	2	2	1	1	468	0	0	0	2	0	0	3	1	1	1	73	4	187	41	135	139	0	2	1	13	0	0	0	0	246	0	135	13	96	18	0	0	0	95	0	0	0	1029	86	4	1	0	0	0	227	47	397	0	6	10	429	443	1	1	1	60	0	0	0	0	96	456	0	62	2	12	1	0
