0	0	0	0	0	7	0	0	0	0	0	0	0	0	0	0	9	0	16	2	2	83	0	149	40	6	0	0	0	0	0	0	3	3	58	0	0	0	1	0	0	0	0	0	3	13	0	1	0	0	0	11	6	0	149	10	0	6	0	0	0	0	0	0	0	0	53	146	0	0	2	0	4	1
0	80	18	7	48	1	0	50	1	10	1	0	1147	10	3	1	36	16	39	103	3	1	0	0	2	6	4	0	0	0	7	907	17	220	35	7	0	0	0	52	0	2	0	48	11	36	19	10	0	0	0	0	0	0	6	8	23	17	18	47	62	34	0	93	0	5	4	1	15	15	24	40	7	2
0	18	0	0	0	0	0	0	0	482	0	0	4	271	42	0	9	85	2	2	3	0	0	0	0	9	90	0	0	0	5	0	2	0	2	0	0	0	0	0	0	0	0	846	0	0	0	22	0	0	0	0	0	0	0	0	314	0	4	0	0	111	0	30	0	82	0	0	4	0	0	18	13	2
0	7	0	0	0	0	0	0	0	4	0	0	0	0	0	0	2	1	0	0	0	0	0	0	1	0	129	0	0	0	0	0	0	0	0	7	0	0	0	0	0	0	0	0	0	0	0	4	0	0	0	0	0	0	0	0	0	0	0	0	0	0	0	0	0	247	0	0	0	0	0	7	1	1
0	48	0	0	0	0	0	0	0	18	0	0	266	63	0	0	1	48	0	3	1	0	0	0	1	1	13	0	0	0	1	593	1	90	2	4	1	0	0	0	0	1	0	134	0	0	0	15	0	0	0	8	0	0	0	0	0	0	0	5	0	608	0	142	0	1	2	0	13	0	0	48	56	1
7	1	0	0	0	0	0	0	0	417	0	0	0	0	14	0	115	20	129	167	54	6	0	0	131	160	0	0	0	0	303	0	92	45	75	0	0	0	11	30	0	0	12	882	1	0	0	17	0	0	64	0	397	0	17	0	374	15	0	1	0	0	0	0	0	0	21	20	0	16	38	2	1	527
0	0	0	0	0	0	0	0	0	0	0	0	0	0	0	0	0	0	0	0	0	0	0	0	0	0	0	0	0	0	0	0	0	0	0	0	0	0	0	0	0	0	0	0	0	0	0	0	0	0	0	0	0	0	0	0	0	0	0	0	0	0	0	0	0	0	0	0	0	0	0	0	0	0
0	50	0	0	0	0	0	0	0	23	0	0	757	0	0	0	237	0	18	222	443	0	0	0	0	48	0	0	0	0	4	206	96	5	0	0	0	0	0	0	0	0	0	0	0	0	0	2	0	0	5	1	0	0	0	0	6	0	144	13	0	0	0	70	0	0	0	0	0	2	2	50	0	0
0	1	0	0	0	0	0	0	0	3	0	0	0	21	0	0	0	1	0	0	0	0	0	0	0	1	0	0	0	0	0	0	0	0	9	0	0	0	0	0	0	0	0	0	0	0	0	0	0	0	0	0	0	0	0	0	1	4	0	0	0	0	0	0	0	0	0	0	1	0	0	1	0	0
0	10	482	4	18	417	0	23	3	0	0	0	20	23	299	0	9	48	134	294	10	6	0	0	0	6	110	0	0	0	69	0	82	24	77	447	0	0	0	86	0	171	0	1804	0	23	5	480	0	0	134	89	607	0	21	0	814	34	3	0	22	35	0	0	0	604	3	32	0	257	70	18	0	2
0	1	0	0	0	0	0	0	0	0	0	0	0	0	0	0	0	0	0	0	0	0	0	0	0	0	0	0	0	0	0	0	0	0	0	0	0	0	0	0	0	14	0	0	0	0	0	0	0	0	0	0	0	0	0	0	0	0	0	0	4	17	0	0	0	8	0	4	6	10	114	55	0	0
0	0	0	0	0	0	0	0	0	0	0	0	0	0	0	0	0	0	0	0	0	0	0	0	0	0	0	0	0	0	0	0	0	0	0	0	0	0	0	0	0	0	0	0	0	0	0	0	0	0	0	0	0	0	0	0	0	0	0	0	0	0	0	0	0	0	0	0	0	0	0	0	0	0
0	1147	4	0	266	0	0	757	0	20	0	0	0	0	0	48	173	5	315	135	217	5	2	0	1	71	0	0	0	0	43	257	507	729	143	5	0	0	0	1120	0	6	0	0	5	590	2	2	0	0	29	2	3	0	47	117	59	75	18	183	1	4	0	9	0	0	15	36	5	68	606	266	0	3
0	10	271	0	63	0	0	0	21	23	0	0	0	0	4	13	0	12	0	1	16	0	0	0	0	0	12	0	0	0	1	51	3	0	1	60	0	0	0	2	0	111	0	231	5	5	165	46	0	0	0	0	0	0	1	32	25	0	2	0	571	1208	0	53	0	15	0	4	86	19	0	64	51	1
0	3	42	0	0	14	0	0	0	299	0	0	0	4	0	0	1	3	0	0	0	0	0	0	0	0	0	0	0	0	0	1	0	0	0	125	0	0	0	0	0	131	0	132	0	0	0	93	0	0	0	0	40	0	0	0	90	25	8	0	0	2	0	0	0	22	0	0	0	30	0	4	2	1
0	1	0	0	0	0	0	0	0	0	0	0	48	13	0	0	0	7	0	1	0	1	0	0	0	0	0	0	0	0	0	4	0	4	2	4	0	0	0	0	0	0	0	0	0	0	0	0	0	0	0	1	0	0	0	0	0	1	0	0	0	44	0	28	0	0	5	0	0	0	0	1	7	1
9	36	9	2	1	115	0	237	0	9	0	0	173	0	1	0	0	4	395	37	924	9	0	2	0	498	1	0	0	0	64	0	312	115	96	0	0	0	16	537	0	0	5	7	20	20	3	0	0	5	47	348	152	0	114	12	10	94	2	0	5	4	0	0	0	1	81	137	0	10	24	72	0	73
0	16	85	1	48	20	0	0	1	48	0	0	5	12	3	7	4	0	0	10	0	4	0	0	0	0	0	0	0	0	0	0	15	3	5	30	0	0	0	0	0	16	0	317	4	5	24	48	0	454	0	0	13	0	0	0	26	63	2	3	50	82	0	0	0	13	15	0	10	0	0	59	86	4
16	39	2	0	0	129	0	18	0	134	0	0	315	0	0	0	395	0	0	126	470	16	0	0	5	389	12	0	0	0	15	1	195	47	46	0	0	0	0	46	0	2	0	4	0	0	0	11	0	0	11	305	10	0	2	10	185	102	184	39	0	1	0	0	0	0	12	28	0	10	24	23	0	185
2	103	2	0	3	167	0	222	0	294	0	0	135	1	0	1	37	10	126	0	233	19	1	200	63	86	0	0	0	0	34	6	136	44	88	0	0	0	0	257	0	0	0	7	33	13	1	116	0	0	147	6	171	0	199	162	658	57	43	1	6	6	0	0	0	2	7	34	1	135	260	37	1	41
2	3	3	0	1	54	0	443	0	10	0	0	217	16	0	0	924	0	470	233	0	20	0	10	4	1047	0	0	0	0	7	0	942	441	258	17	0	0	14	1246	0	1	0	0	57	70	2	0	0	0	3	560	105	0	72	123	19	121	10	17	1	24	0	0	0	1	5	105	0	8	502	11	2	156
83	1	0	0	0	6	0	0	0	6	0	0	5	0	0	1	9	4	16	19	20	0	0	116	80	106	0	0	0	0	45	0	3	5	2	2	0	0	0	0	0	1	0	0	0	0	0	0	0	0	1	228	0	0	0	1	0	17	0	8	0	0	0	0	0	0	4	12	0	0	0	1	0	135
0	0	0	0	0	0	0	0	0	0	0	0	2	0	0	0	0	0	0	1	0	0	0	0	0	1	0	0	0	0	0	0	0	0	0	0	0	0	0	0	0	0	0	0	0	0	0	0	0	0	0	0	0	0	0	0	0	0	0	0	0	0	0	0	0	0	0	0	0	0	0	0	0	0
149	0	0	0	0	0	0	0	0	0	0	0	0	0	0	0	2	0	0	200	10	116	0	0	790	4	0	0	0	0	0	0	2	4	38	2	0	0	0	0	0	0	0	0	60	0	0	0	0	0	0	14	0	0	258	286	43	12	2	0	0	1	0	0	0	0	0	336	0	0	0	2	0	2
40	2	0	1	1	131	0	0	0	0	0	0	1	0	0	0	0	0	5	63	4	80	0	790	0	1	0	0	0	0	0	0	2	1	14	0	0	0	0	1	0	0	0	0	3	0	0	0	0	0	0	4	110	0	185	142	58	9	0	0	0	0	0	0	0	0	0	193	0	0	0	1	0	4
6	6	9	0	1	160	0	48	1	6	0	0	71	0	0	0	498	0	389	86	1047	106	1	4	1	0	1	0	0	0	36	0	609	190	133	0	0	0	4	675	0	0	0	4	54	25	1	0	0	0	25	415	188	0	161	41	20	105	4	9	1	21	0	0	0	2	193	122	0	7	356	22	0	29
0	4	90	129	13	0	0	0	0	110	0	0	0	12	0	0	1	0	12	0	0	0	0	0	0	1	0	0	0	0	0	0	0	25	0	234	0	0	0	0	0	2	0	2	0	0	14	90	0	0	0	0	0	0	24	19	1	0	1	0	13	7	0	1	0	435	0	0	7	0	0	27	0	0
0	0	0	0	0	0	0	0	0	0	0	0	0	0	0	0	0	0	0	0	0	0	0	0	0	0	0	0	0	0	0	0	0	0	0	0	0	0	0	0	0	0	0	0	0	0	0	0	0	0	0	0	0	0	0	0	0	0	0	0	0	0	0	0	0	0	0	0	0	0	0	0	0	0
0	0	0	0	0	0	0	0	0	0	0	0	0	0	0	0	0	0	0	0	0	0	0	0	0	0	0	0	0	0	0	0	0	0	0	0	0	0	0	0	0	0	0	0	0	0	0	0	0	0	0	0	0	0	0	0	0	0	0	0	0	0	0	0	0	0	0	0	0	0	0	0	0	0
0	0	0	0	0	0	0	0	0	0	0	0	0	0	0	0	0	0	0	0	0	0	0	0	0	0	0	0	0	0	0	0	0	0	0	0	0	0	0	0	0	0	0	0	0	0	0	0	0	0	0	0	0	0	0	0	0	0	0	0	0	0	0	0	0	0	0	0	0	0	0	0	0	0
0	7	5	0	1	303	0	4	0	69	0	0	43	1	0	0	64	0	15	34	7	45	0	0	0	36	0	0	0	0	0	0	1	58	1	1	0	0	0	2	0	1	0	97	185	36	38	1	0	0	280	12	123	0	119	0	255	21	0	0	5	2	0	0	0	0	75	27	0	41	0	30	0	221
0	907	0	0	593	0	0	206	0	0	0	0	257	51	1	4	0	0	1	6	0	0	0	0	0	0	0	0	0	0	0	0	3	87	0	0	0	0	0	133	0	0	0	349	0	384	83	0	0	0	0	0	0	0	0	0	0	7	2	0	0	99	0	3	0	0	0	0	172	0	0	324	0	0
3	17	2	0	1	92	0	96	0	82	0	0	507	3	0	0	312	15	195	136	942	3	0	2	2	609	0	0	0	0	1	3	0	32	107	6	0	0	0	196	0	2	0	6	3	1	0	1	0	0	4	259	2	0	6	34	20	24	3	2	0	21	0	0	0	0	7	10	2	10	60	19	3	137
3	220	0	0	90	45	0	5	0	24	0	0	729	0	0	4	115	3	47	44	441	5	0	4	1	190	25	0	0	0	58	87	32	0	42	1	0	0	0	102	0	2	0	8	18	167	0	3	0	0	0	235	28	0	50	1	13	231	59	51	0	7	0	9	0	0	70	38	0	3	23	134	2	15
58	35	2	0	2	75	0	0	9	77	0	0	143	1	0	2	96	5	46	88	258	2	0	38	14	133	0	0	0	0	1	0	107	42	0	0	0	0	0	16	0	2	0	0	0	0	1	0	0	0	2	469	11	0	10	14	22	80	156	41	3	16	0	0	0	0	4	7	0	4	3	37	1	97
0	7	0	7	4	0	0	0	0	447	0	0	5	60	125	4	0	30	0	0	17	2	0	2	0	0	234	0	0	0	1	0	6	1	0	0	0	0	0	0	0	5	0	2181	0	0	1	37	0	0	1	0	0	0	0	0	15	0	0	0	0	54	0	0	0	300	4	0	2	0	0	7	31	18
0	0	0	0	1	0	0	0	0	0	0	0	0	0	0	0	0	0	0	0	0	0	0	0	0	0	0	0	0	0	0	0	0	0	0	0	0	0	0	0	0	0	0	4	0	0	0	0	0	0	0	0	0	0	0	0	0	0	0	0	0	1	0	0	0	0	0	0	0	0	0	0	0	0
0	0	0	0	0	0	0	0	0	0	0	0	0	0	0	0	0	0	0	0	0	0	0	0	0	0	0	0	0	0	0	0	0	0	0	0	0	0	0	0	0	0	0	0	0	0	0	0	0	0	0	0	0	0	0	0	0	0	0	0	0	0	0	0	0	0	0	0	0	0	0	0	0	0
1	0	0	0	0	11	0	0	0	0	0	0	0	0	0	0	16	0	0	0	14	0	0	0	0	4	0	0	0	0	0	0	0	0	0	0	0	0	0	0	0	0	0	0	0	0	0	0	0	0	0	0	0	0	0	0	0	0	0	0	0	0	0	0	0	0	0	0	0	0	0	0	0	0
0	52	0	0	0	30	0	0	0	86	0	0	1120	2	0	0	537	0	46	257	1246	0	0	0	1	675	0	0	0	0	2	133	196	102	16	0	0	0	0	0	0	0	4	14	0	0	0	3	0	0	2	280	0	0	2	3	35	7	18	49	0	1	0	0	0	0	0	0	0	9	8	52	0	97
0	0	0	0	0	0	0	0	0	0	0	0	0	0	0	0	0	0	0	0	0	0	0	0	0	0	0	0	0	0	0	0	0	0	0	0	0	0	0	0	0	0	0	0	0	0	0	0	0	0	0	0	0	0	0	0	0	0	0	0	0	0	0	0	0	0	0	0	0	0	0	0	0	0
0	2	0	0	1	0	0	0	0	171	14	0	6	111	131	0	0	16	2	0	1	1	0	0	0	0	2	0	0	0	1	0	2	2	2	5	0	0	0	0	0	0	0	27	0	0	0	3	0	0	0	0	0	0	0	0	9	46	86	0	0	191	0	1	0	6	4	0	2	0	0	2	11	0
0	0	0	0	0	12	0	0	0	0	0	0	0	0	0	0	5	0	0	0	0	0	0	0	0	0	0	0	0	0	0	0	0	0	0	0	0	0	0	4	0	0	0	0	12	0	0	0	0	0	0	0	0	0	3	0	0	2	2	0	0	0	0	0	0	0	0	8	0	27	0	0	0	0
0	48	846	0	134	882	0	0	0	1804	0	0	0	231	132	0	7	317	4	7	0	0	0	0	0	4	2	0	0	0	97	349	6	8	0	2181	4	0	0	14	0	27	0	0	0	4	0	1293	0	0	139	0	714	0	0	0	1507	155	0	0	1928	295	0	0	0	922	3	66	28	18	0	48	51	1030
3	11	0	0	0	1	0	0	0	0	0	0	5	5	0	0	20	4	0	33	57	0	0	60	3	54	0	0	0	0	185	0	3	18	0	0	0	0	0	0	0	0	12	0	0	0	0	0	0	0	1	30	0	0	0	0	100	0	0	0	0	7	0	0	0	0	0	0	0	0	0	11	1	89
13	36	0	0	0	0	0	0	0	23	0	0	590	5	0	0	20	5	0	13	70	0	0	0	0	25	0	0	0	0	36	384	1	167	0	0	0	0	0	0	0	0	0	4	0	0	0	0	0	0	1	3	0	0	0	0	7	0	0	5	0	90	0	3	0	0	0	0	0	0	2	36	2	4
0	19	0	0	0	0	0	0	0	5	0	0	2	165	0	0	3	24	0	1	2	0	0	0	0	1	14	0	0	0	38	83	0	0	1	1	0	0	0	0	0	0	0	0	0	0	0	4	0	0	0	0	0	0	0	0	1	2	156	1	0	41	0	20	0	0	0	0	1	0	0	19	17	1
1	10	22	4	15	17	0	2	0	480	0	0	2	46	93	0	0	48	11	116	0	0	0	0	0	0	90	0	0	0	1	0	1	3	0	37	0	0	0	3	0	3	0	1293	0	0	4	0	0	0	0	4	4	0	0	0	214	1	0	1	0	119	0	1	0	232	0	0	0	0	0	14	10	0
0	0	0	0	0	0	0	0	0	0	0	0	0	0	0	0	0	0	0	0	0	0	0	0	0	0	0	0	0	0	0	0	0	0	0	0	0	0	0	0	0	0	0	0	0	0	0	0	0	0	0	0	0	0	0	0	0	0	0	0	0	0	0	0	0	0	0	0	0	0	0	0	0	0
0	0	0	0	0	0	0	0	0	0	0	0	0	0	0	0	5	454	0	0	0	0	0	0	0	0	0	0	0	0	0	0	0	0	0	0	0	0	0	0	0	0	0	0	0	0	0	0	0	0	0	0	0	0	0	0	0	0	0	0	0	0	0	1	0	0	0	0	0	0	0	0	1	0
0	0	0	0	0	64	0	5	0	134	0	0	29	0	0	0	47	0	11	147	3	1	0	0	0	25	0	0	0	0	280	0	4	0	2	1	0	0	0	2	0	0	0	139	1	1	0	0	0	0	0	31	82	0	27	0	268	0	0	0	0	0	0	0	0	0	3	12	0	26	0	11	0	227
11	0	0	0	8	0	0	1	0	89	0	0	2	0	0	1	348	0	305	6	560	228	0	14	4	415	0	0	0	0	12	0	259	235	469	0	0	0	0	280	0	0	0	0	30	3	0	4	0	0	31	0	109	0	201	45	15	45	0	14	3	7	0	0	0	0	166	38	0	9	54	7	0	88
6	0	0	0	0	397	0	0	0	607	0	0	3	0	40	0	152	13	10	171	105	0	0	0	110	188	0	0	0	0	123	0	2	28	11	0	0	0	0	0	0	0	0	714	0	0	0	4	0	0	82	109	0	0	1	0	401	9	2	3	0	1	0	0	0	0	0	0	0	1	0	0	0	402
0	0	0	0	0	0	0	0	0	0	0	0	0	0	0	0	0	0	0	0	0	0	0	0	0	0	0	0	0	0	0	0	0	0	0	0	0	0	0	0	0	0	0	0	0	0	0	0	0	0	0	0	0	0	0	0	0	0	0	0	0	0	0	0	0	0	0	0	0	0	0	0	0	0
149	6	0	0	0	17	0	0	0	21	0	0	47	1	0	0	114	0	2	199	72	0	0	258	185	161	24	0	0	0	119	0	6	50	10	0	0	0	0	2	0	0	3	0	0	0	0	0	0	0	27	201	1	0	0	0	7	2	2	2	0	2	0	0	0	0	1	0	0	0	1	6	4	6
10	8	0	0	0	0	0	0	0	0	0	0	117	32	0	0	12	0	10	162	123	1	0	286	142	41	19	0	0	0	0	0	34	1	14	0	0	0	0	3	0	0	0	0	0	0	0	0	0	0	0	45	0	0	0	0	70	0	32	15	0	0	0	0	0	0	0	0	0	9	4	8	0	10
0	23	314	0	0	374	0	6	1	814	0	0	59	25	90	0	10	26	185	658	19	0	0	43	58	20	1	0	0	0	255	0	20	13	22	15	0	0	0	35	0	9	0	1507	100	7	1	214	0	0	268	15	401	0	7	70	0	16	32	4	4	41	0	0	0	112	0	10	0	190	7	19	2	448
6	17	0	0	0	15	0	0	4	34	0	0	75	0	25	1	94	63	102	57	121	17	0	12	9	105	0	0	0	0	21	7	24	231	80	0	0	0	0	7	0	46	2	155	0	0	2	1	0	0	0	45	9	0	2	0	16	0	349	2	0	64	0	2	0	0	83	68	2	2	83	30	5	463
0	18	4	0	0	0	0	144	0	3	0	0	18	2	8	0	2	2	184	43	10	0	0	2	0	4	1	0	0	0	0	2	3	59	156	0	0	0	0	18	0	86	2	0	0	0	156	0	0	0	0	0	2	0	2	32	32	349	0	289	0	1	0	0	0	0	500	50	0	22	97	30	35	1
0	47	0	0	5	1	0	13	0	0	0	0	183	0	0	0	0	3	39	1	17	8	0	0	0	9	0	0	0	0	0	0	2	51	41	0	0	0	0	49	0	0	0	0	0	5	1	1	0	0	0	14	3	0	2	15	4	2	289	0	0	0	0	3	0	0	0	0	1	5	24	16	0	2
0	62	0	0	0	0	0	0	0	22	4	0	1	571	0	0	5	50	0	6	1	0	0	0	0	1	13	0	0	0	5	0	0	0	3	0	0	0	0	0	0	0	0	1928	0	0	0	0	0	0	0	3	0	0	0	0	4	0	0	0	0	439	0	0	0	0	1	0	0	0	1	62	43	1
0	34	111	0	608	0	0	0	0	35	17	0	4	1208	2	44	4	82	1	6	24	0	0	1	0	21	7	0	0	0	2	99	21	7	16	54	1	0	0	1	0	191	0	295	7	90	41	119	0	0	0	7	1	0	2	0	41	64	1	0	439	0	0	3	0	2	2	0	194	0	1	152	4	60
0	0	0	0	0	0	0	0	0	0	0	0	0	0	0	0	0	0	0	0	0	0	0	0	0	0	0	0	0	0	0	0	0	0	0	0	0	0	0	0	0	0	0	0	0	0	0	0	0	0	0	0	0	0	0	0	0	0	0	0	0	0	0	0	0	0	0	0	0	0	0	0	0	0
0	93	30	0	142	0	0	70	0	0	0	0	9	53	0	28	0	0	0	0	0	0	0	0	0	0	1	0	0	0	0	3	0	9	0	0	0	0	0	0	0	1	0	0	0	3	20	1	0	1	0	0	0	0	0	0	0	2	0	3	0	3	0	0	0	0	0	0	52	0	18	25	7	0
0	0	0	0	0	0	0	0	0	0	0	0	0	0	0	0	0	0	0	0	0	0	0	0	0	0	0	0	0	0	0	0	0	0	0	0	0	0	0	0	0	0	0	0	0	0	0	0	0	0	0	0	0	0	0	0	0	0	0	0	0	0	0	0	0	0	0	0	0	0	0	0	0	0
0	5	82	247	1	0	0	0	0	604	8	0	0	15	22	0	1	13	0	2	1	0	0	0	0	2	435	0	0	0	0	0	0	0	0	300	0	0	0	0	0	6	0	922	0	0	0	232	0	0	0	0	0	0	0	0	112	0	0	0	0	2	0	0	0	0	0	0	0	0	0	5	0	0
53	4	0	0	2	21	0	0	0	3	0	0	15	0	0	5	81	15	12	7	5	4	0	0	0	193	0	0	0	0	75	0	7	70	4	4	0	0	0	0	0	4	0	3	0	0	0	0	0	0	3	166	0	0	1	0	0	83	500	0	1	2	0	0	0	0	0	0	1	2	1	4	0	158
146	1	0	0	0	20	0	0	0	32	4	0	36	4	0	0	137	0	28	34	105	12	0	336	193	122	0	0	0	0	27	0	10	38	7	0	0	0	0	0	0	0	8	66	0	0	0	0	0	0	12	38	0	0	0	0	10	68	50	0	0	0	0	0	0	0	0	0	0	0	0	1	1	511
0	15	4	0	13	0	0	0	1	0	6	0	5	86	0	0	0	10	0	1	0	0	0	0	0	0	7	0	0	0	0	172	2	0	0	2	0	0	0	0	0	2	0	28	0	0	1	0	0	0	0	0	0	0	0	0	0	2	0	1	0	194	0	52	0	0	1	0	0	2	2	15	18	0
0	15	0	0	0	16	0	2	0	257	10	0	68	19	30	0	10	0	10	135	8	0	0	0	0	7	0	0	0	0	41	0	10	3	4	0	0	0	0	9	0	0	27	18	0	0	0	0	0	0	26	9	1	0	0	9	190	2	22	5	0	0	0	0	0	0	2	0	2	0	13	9	0	62
2	24	0	0	0	38	0	2	0	70	114	0	606	0	0	0	24	0	24	260	502	0	0	0	0	356	0	0	0	0	0	0	60	23	3	0	0	0	0	8	0	0	0	0	0	2	0	0	0	0	0	54	0	0	1	4	7	83	97	24	1	1	0	18	0	0	1	0	2	13	0	23	0	3
0	40	18	7	48	2	0	50	1	18	55	0	266	64	4	1	72	59	23	37	11	1	0	2	1	22	27	0	0	0	30	324	19	134	37	7	0	0	0	52	0	2	0	48	11	36	19	14	0	0	11	7	0	0	6	8	19	30	30	16	62	152	0	25	0	5	4	1	15	9	23	0	27	12
4	7	13	1	56	1	0	0	0	0	0	0	0	51	2	7	0	86	0	1	2	0	0	0	0	0	0	0	0	0	0	0	3	2	1	31	0	0	0	0	0	11	0	51	1	2	17	10	0	1	0	0	0	0	4	0	2	5	35	0	43	4	0	7	0	0	0	1	18	0	0	27	0	1
1	2	2	1	1	527	0	0	0	2	0	0	3	1	1	1	73	4	185	41	156	135	0	2	4	29	0	0	0	0	221	0	137	15	97	18	0	0	0	97	0	0	0	1030	89	4	1	0	0	0	227	88	402	0	6	10	448	463	1	2	1	60	0	0	0	0	158	511	0	62	3	12	1	0
