0	0	0	7	1	20	16	0	0	8	0	0	24	0	1	10	35	0	31	1	41	353	0	440	132	14	0	0	43	0	27	0	26	5	178	0	0	0	0	31	23	1	0	0	2	0	0	0	0	5	13	94	81	0	345	53	2	45	2	0	0	0	0	0	0	0	134	460	0	5	8	8	0	76
0	0	4	0	24	0	3	20	0	8	4	0	9	8	0	2	0	1	1	3	1	2	1	0	0	0	0	0	2	0	5	0	11	14	0	1	0	0	0	10	1	9	0	2	0	3	2	5	0	0	0	0	0	0	1	1	9	5	7	12	0	8	0	4	0	5	3	2	6	10	7	0	7	2
0	4	0	0	1	0	0	15	0	273	17	0	16	112	208	0	0	18	0	2	6	0	0	0	0	0	55	0	2	0	64	0	1	0	0	0	0	0	0	1	101	0	0	2	1	0	0	72	0	0	0	10	0	0	1	0	157	0	36	30	0	161	0	0	0	0	0	0	18	5	0	0	36	0
7	0	0	0	0	0	0	0	0	0	0	0	0	0	0	0	0	0	0	0	0	0	0	0	0	1	0	0	0	0	0	0	0	0	10	1	0	0	0	0	0	0	0	0	0	0	0	0	0	0	0	0	0	0	0	0	0	0	0	124	0	1	0	0	0	1	0	0	0	0	23	0	0	1
1	24	1	0	0	0	0	86	0	14	396	0	331	43	3	23	4	18	14	1	18	0	0	0	2	7	10	0	47	0	66	0	34	124	12	0	0	0	0	142	3	80	0	0	8	0	5	1	0	0	0	0	0	0	12	0	17	5	0	31	0	531	0	102	0	0	0	0	39	5	8	43	793	1
20	0	0	0	0	0	0	0	0	0	0	0	1	0	13	0	323	0	0	9	226	52	0	8	0	267	0	0	66	0	3	0	1	0	5	0	0	0	0	7	0	0	0	0	44	0	0	0	0	0	0	413	0	0	3	0	1	0	0	0	0	0	0	0	0	0	0	0	0	0	0	0	1	0
16	3	0	0	0	0	0	38	0	6	1	0	53	2	73	0	8	5	0	0	0	0	0	0	0	0	0	0	0	0	6	0	2	0	1	0	0	0	0	2	132	0	0	118	74	0	0	1	0	0	0	1	0	0	1	0	4	0	0	0	0	0	0	0	0	0	0	0	4	0	0	0	3	0
0	20	15	0	86	0	38	0	0	15	1	0	752	12	4	0	183	43	152	108	377	2	0	0	0	47	0	0	65	0	8	0	138	0	3	3	0	0	0	189	2	21	0	8	20	1	1	0	0	0	1	22	1	0	16	23	38	29	17	562	0	8	0	0	0	0	1	1	31	26	87	25	1	0
0	0	0	0	0	0	0	0	0	0	0	0	0	0	0	0	0	1	0	0	0	0	0	0	0	0	0	0	0	0	0	0	0	0	0	0	0	0	0	0	0	0	0	0	0	0	0	0	0	4	1	0	0	0	0	0	0	0	0	0	0	0	0	0	0	0	0	0	0	0	0	0	0	0
8	8	273	0	14	0	6	15	0	0	9	0	2	22	870	41	0	99	174	7	1	0	0	0	0	0	6	0	0	0	367	0	29	4	0	55	0	0	0	0	265	169	0	438	6	0	10	697	0	5	437	0	439	0	0	4	629	17	2	1	0	96	0	0	0	169	4	0	28	18	117	35	48	2
0	4	17	0	396	0	1	1	0	9	0	0	5	478	17	47	0	3	2	26	1	0	2	0	0	1	0	0	0	0	6	0	34	79	0	0	0	0	0	3	10	315	0	18	0	6	14	0	0	0	0	1	0	0	4	0	7	5	4	0	0	1150	0	23	0	0	0	0	5	4	30	89	721	0
0	0	0	0	0	0	0	0	0	0	0	0	0	0	0	0	0	0	0	0	0	0	0	0	0	0	0	0	0	0	0	0	0	0	0	0	0	0	0	0	0	0	0	0	0	0	0	0	0	0	0	0	0	0	0	0	0	0	0	0	0	0	0	0	0	0	0	0	0	0	0	0	0	0
24	9	16	0	331	1	53	752	0	2	5	0	0	7	12	30	343	0	250	58	356	5	5	5	0	12	1	0	168	0	2	0	361	478	88	0	0	0	0	968	42	10	0	1	5	186	1	1	0	0	0	12	2	0	49	5	109	105	85	664	0	13	0	19	0	0	9	2	5	29	262	85	14	15
0	8	112	0	43	0	2	12	0	22	478	0	7	0	89	5	1	50	1	1	2	1	12	0	0	0	9	0	0	0	127	0	1	0	1	5	0	0	0	3	17	143	0	4	4	0	54	2	0	0	0	4	0	0	0	22	12	8	76	16	0	1060	0	0	0	1	0	0	46	21	0	20	122	0
1	0	208	0	3	13	73	4	0	870	17	0	12	89	0	18	18	36	85	4	6	16	0	2	0	14	4	0	25	0	24	0	15	3	19	291	0	0	0	12	87	629	0	765	30	0	5	626	0	0	1	33	13	0	4	0	415	28	22	1	0	20	0	4	0	157	5	0	10	135	50	9	4	18
10	2	0	0	23	0	0	0	0	41	47	0	30	5	18	0	1	1	0	0	0	0	0	0	0	2	0	0	0	0	10	0	1	0	10	0	0	0	0	3	5	0	0	0	2	0	0	0	0	0	0	0	0	0	7	0	0	0	0	0	0	130	0	0	0	0	0	0	0	1	0	0	137	0
35	0	0	0	4	323	8	183	0	0	0	0	343	1	18	1	0	0	181	11	709	128	1	60	13	567	0	0	118	0	8	0	342	115	75	0	0	0	0	523	4	26	0	8	40	23	0	0	0	0	16	1104	115	0	246	9	13	103	14	66	0	2	0	1	0	1	142	31	1	5	133	11	3	4
0	1	18	0	18	0	5	43	1	99	3	0	0	50	36	1	0	0	0	0	0	0	1	0	0	0	3	0	0	0	105	0	16	6	0	40	0	0	0	0	34	23	0	114	15	5	20	109	0	738	38	0	57	0	0	4	14	6	0	0	0	79	0	0	0	0	0	0	42	23	0	24	41	8
31	1	0	0	14	0	0	152	0	174	2	0	250	1	85	0	181	0	0	109	225	47	0	58	2	234	2	0	188	0	93	0	19	0	181	0	0	0	0	299	3	0	0	0	26	0	0	0	0	0	177	583	4	0	12	6	117	22	10	541	0	4	0	0	0	0	0	0	0	4	4	0	0	0
1	3	2	0	1	9	0	108	0	7	26	0	58	1	4	0	11	0	109	0	314	32	3	286	79	154	0	0	15	0	90	0	235	20	138	0	0	0	0	407	32	2	0	5	16	0	2	52	0	0	16	126	122	0	102	248	254	66	26	130	0	10	0	0	0	5	4	51	15	32	259	18	2	14
41	1	6	0	18	226	0	377	0	1	1	0	356	2	6	0	709	0	225	314	0	233	1	10	2	1018	0	0	151	0	13	0	669	361	184	1	0	0	0	964	73	0	0	0	45	31	3	0	0	0	0	1205	87	0	81	65	10	140	11	23	0	2	0	0	0	0	13	1	0	1	215	2	3	10
353	2	0	0	0	52	0	2	0	0	0	0	5	1	16	0	128	0	47	32	233	0	0	1228	337	271	0	0	269	0	209	0	44	42	373	0	0	0	0	80	5	0	0	0	84	3	0	0	0	0	241	631	50	0	442	49	16	443	28	320	0	0	0	0	0	0	360	428	54	8	6	2	1	146
0	1	0	0	0	0	0	0	0	0	2	0	5	12	0	0	1	1	0	3	1	0	0	114	0	6	0	0	7	0	0	0	0	0	2	0	0	0	0	10	0	0	0	0	0	0	0	0	0	0	0	16	0	0	1	0	2	37	2	270	0	3	0	0	0	0	0	0	81	0	0	0	6	0
440	0	0	0	0	8	0	0	0	0	0	0	5	0	2	0	60	0	58	286	10	1228	114	0	1423	14	0	0	64	0	161	0	55	24	193	0	0	0	0	31	7	0	0	0	201	0	0	0	0	0	40	34	316	0	991	1195	112	34	0	6	0	0	0	2	0	0	6	1665	0	2	311	0	4	168
132	0	0	0	2	0	0	0	0	0	0	0	0	0	0	0	13	0	2	79	2	337	0	1423	0	3	0	0	4	0	17	0	0	0	6	0	0	0	0	0	0	0	0	1	14	0	0	0	0	0	55	15	5	0	166	212	82	1	0	5	0	0	0	0	0	0	0	148	0	0	6	0	0	4
14	0	0	1	7	267	0	47	0	0	1	0	12	0	14	2	567	0	234	154	1018	271	6	14	3	0	0	0	140	0	10	0	720	83	165	0	0	0	0	903	21	13	0	1	20	0	0	0	0	0	2	1098	156	0	181	32	20	136	4	43	0	20	0	0	0	0	165	19	8	5	143	7	2	5
0	0	55	0	10	0	0	0	0	6	0	0	1	9	4	0	0	3	2	0	0	0	0	0	0	0	0	0	3	0	8	0	1	0	2	89	0	0	0	2	401	2	0	4	1	0	14	66	0	0	0	0	0	0	0	0	0	1	5	0	0	8	0	0	0	181	0	0	0	0	0	2	1	0
0	0	0	0	0	0	0	0	0	0	0	0	0	0	0	0	0	0	0	0	0	0	0	0	0	0	0	0	0	0	0	0	0	0	0	0	0	0	0	0	0	0	0	0	0	0	0	0	0	0	0	0	0	0	0	0	0	0	0	0	0	0	0	0	0	0	0	0	0	0	0	0	0	0
43	2	2	0	47	66	0	65	0	0	0	0	168	0	25	0	118	0	188	15	151	269	7	64	4	140	3	0	0	0	13	0	189	16	522	1	0	0	0	590	9	20	0	0	11	4	1	0	0	0	1	625	2	0	25	62	38	301	257	239	0	3	0	0	0	0	239	203	1	3	32	6	6	0
0	0	0	0	0	0	0	0	0	0	0	0	0	0	0	0	0	0	0	0	0	0	0	0	0	0	0	0	0	0	0	0	0	0	0	0	0	0	0	0	0	0	0	0	0	0	0	0	0	0	0	0	0	0	0	0	0	0	0	0	0	0	0	0	0	0	0	0	0	0	0	0	0	0
27	5	64	0	66	3	6	8	0	367	6	0	2	127	24	10	8	105	93	90	13	209	0	161	17	10	8	0	13	0	0	0	13	10	8	1	0	0	0	8	11	4	0	300	155	0	132	65	0	0	1157	15	680	0	346	0	453	31	1	2	0	170	0	1	0	0	229	97	74	42	22	43	82	147
0	0	0	0	0	0	0	0	0	0	0	0	0	0	0	0	0	0	0	0	0	0	0	0	0	0	0	0	0	0	0	0	0	0	0	0	0	0	0	0	0	0	0	0	0	0	0	0	0	0	0	0	0	0	0	0	0	0	0	0	0	0	0	0	0	0	0	0	0	0	0	0	0	0
26	11	1	0	34	1	2	138	0	29	34	0	361	1	15	1	342	16	19	235	669	44	0	55	0	720	1	0	189	0	13	0	10	3	76	0	0	0	0	213	16	4	0	4	35	1	2	1	0	0	0	745	0	0	4	25	15	118	9	266	0	171	0	2	0	0	4	2	104	10	14	10	31	0
5	14	0	0	124	0	0	0	0	4	79	0	478	0	3	0	115	6	0	20	361	42	0	24	0	83	0	0	16	0	10	0	3	0	10	0	0	0	0	176	1	0	0	0	12	0	0	0	0	0	0	107	0	0	6	2	7	157	4	359	0	15	0	0	0	0	0	0	96	1	0	0	450	0
178	0	0	10	12	5	1	3	0	0	0	0	88	1	19	10	75	0	181	138	184	373	2	193	6	165	2	0	522	0	8	0	76	10	0	0	0	0	0	382	19	3	0	1	10	0	0	0	0	0	1	731	62	0	32	21	31	333	207	714	0	17	0	0	0	0	58	92	79	16	10	1	6	2
0	1	0	1	0	0	0	3	0	55	0	0	0	5	291	0	0	40	0	0	1	0	0	0	0	0	89	0	1	0	1	0	0	0	0	0	0	0	0	0	126	0	0	202	0	0	0	94	0	0	0	0	0	0	0	0	19	4	0	3	0	3	0	0	0	22	0	0	1	0	0	0	5	0
0	0	0	0	0	0	0	0	0	0	0	0	0	0	0	0	0	0	0	0	0	0	0	0	0	0	0	0	0	0	0	0	0	0	0	0	0	0	0	0	0	0	0	0	0	0	0	0	0	0	0	0	0	0	0	0	0	0	0	0	0	0	0	0	0	0	0	0	0	0	0	0	0	0
0	0	0	0	0	0	0	0	0	0	0	0	0	0	0	0	0	0	0	0	0	0	0	0	0	0	0	0	0	0	0	0	0	0	0	0	0	0	0	0	0	0	0	0	0	0	0	0	0	0	0	0	0	0	0	0	0	0	0	0	0	0	0	0	0	0	0	0	0	0	0	0	0	0
0	0	0	0	0	0	0	0	0	0	0	0	0	0	0	0	0	0	0	0	0	0	0	0	0	0	0	0	0	0	0	0	0	0	0	0	0	0	0	0	0	0	0	0	0	0	0	0	0	0	0	0	0	0	0	0	0	0	0	0	0	0	0	0	0	0	0	0	0	0	0	0	0	0
31	10	1	0	142	7	2	189	0	0	3	0	968	3	12	3	523	0	299	407	964	80	10	31	0	903	2	0	590	0	8	0	213	176	382	0	0	0	0	0	12	0	0	0	43	11	0	0	0	0	0	1037	19	0	57	8	53	115	9	1005	0	56	0	1	0	0	0	0	58	5	92	18	2	4
23	1	101	0	3	0	132	2	0	265	10	0	42	17	87	5	4	34	3	32	73	5	0	7	0	21	401	0	9	0	11	0	16	1	19	126	0	0	0	12	0	3	0	346	54	0	18	357	0	0	12	35	0	0	1	35	19	17	6	13	0	109	0	0	0	107	1	0	11	4	5	13	12	7
1	9	0	0	80	0	0	21	0	169	315	0	10	143	629	0	26	23	0	2	0	0	0	0	0	13	2	0	20	0	4	0	4	0	3	0	0	0	0	0	3	0	0	52	9	0	59	112	0	0	0	6	0	0	0	0	41	106	222	20	0	550	0	0	0	0	7	0	25	1	0	0	68	0
0	0	0	0	0	0	0	0	0	0	0	0	0	0	0	0	0	0	0	0	0	0	0	0	0	0	0	0	0	0	0	0	0	0	0	0	0	0	0	0	0	0	0	0	0	0	0	0	0	0	0	0	0	0	0	0	0	0	0	0	0	0	0	0	0	0	0	0	0	0	0	0	0	0
0	2	2	0	0	0	118	8	0	438	18	0	1	4	765	0	8	114	0	5	0	0	0	0	1	1	4	0	0	0	300	0	4	0	1	202	0	0	0	0	346	52	0	0	65	0	0	411	0	0	148	0	24	0	2	0	133	88	0	3	0	45	0	0	0	3	0	0	17	1	0	7	26	0
2	0	1	0	8	44	74	20	0	6	0	0	5	4	30	2	40	15	26	16	45	84	0	201	14	20	1	0	11	0	155	0	35	12	10	0	0	0	0	43	54	9	0	65	0	13	0	0	0	0	84	103	84	0	61	13	58	25	3	25	0	49	0	1	0	1	60	48	1	1	10	14	2	13
0	3	0	0	0	0	0	1	0	0	6	0	186	0	0	0	23	5	0	0	31	3	0	0	0	0	0	0	4	0	0	0	1	0	0	0	0	0	0	11	0	0	0	0	13	0	0	0	0	0	0	13	0	0	0	0	0	85	18	64	0	4	0	0	0	0	0	0	0	0	0	0	156	0
0	2	0	0	5	0	0	1	0	10	14	0	1	54	5	0	0	20	0	2	3	0	0	0	0	0	14	0	1	0	132	0	2	0	0	0	0	0	0	0	18	59	0	0	0	0	0	1	0	0	0	0	0	0	4	0	4	6	42	0	0	80	0	0	0	0	0	0	16	5	0	0	26	0
0	5	72	0	1	0	1	0	0	697	0	0	1	2	626	0	0	109	0	52	0	0	0	0	0	0	66	0	0	0	65	0	1	0	0	94	0	0	0	0	357	112	0	411	0	0	1	0	0	0	55	0	78	0	1	0	363	0	0	0	0	9	0	0	0	29	0	0	16	5	9	0	21	0
0	0	0	0	0	0	0	0	0	0	0	0	0	0	0	0	0	0	0	0	0	0	0	0	0	0	0	0	0	0	0	0	0	0	0	0	0	0	0	0	0	0	0	0	0	0	0	0	0	0	0	0	0	0	0	0	0	0	0	0	0	0	0	0	0	0	0	0	0	0	0	0	0	0
5	0	0	0	0	0	0	0	4	5	0	0	0	0	0	0	0	738	0	0	0	0	0	0	0	0	0	0	0	0	0	0	0	0	0	0	0	0	0	0	0	0	0	0	0	0	0	0	0	0	0	0	0	0	0	0	0	0	0	0	0	0	0	0	0	0	0	0	0	0	0	0	0	0
13	0	0	0	0	0	0	1	1	437	0	0	0	0	1	0	16	38	177	16	0	241	0	40	55	2	0	0	1	0	1157	0	0	0	1	0	0	0	0	0	12	0	0	148	84	0	0	55	0	0	0	1	391	0	189	5	325	44	0	0	0	0	0	0	0	0	186	106	0	3	31	3	1	154
94	0	10	0	0	413	1	22	0	0	1	0	12	4	33	0	1104	0	583	126	1205	631	16	34	15	1098	0	0	625	0	15	0	745	107	731	0	0	0	0	1037	35	6	0	0	103	13	0	0	0	0	1	0	200	0	297	100	35	276	4	6	0	0	0	0	0	0	514	8	131	23	69	11	1	19
81	0	0	0	0	0	0	1	0	439	0	0	2	0	13	0	115	57	4	122	87	50	0	316	5	156	0	0	2	0	680	0	0	0	62	0	0	0	0	19	0	0	0	24	84	0	0	78	0	0	391	200	0	0	17	0	274	70	0	5	0	0	0	0	0	0	0	0	1	1	0	0	0	0
0	0	0	0	0	0	0	0	0	0	0	0	0	0	0	0	0	0	0	0	0	0	0	0	0	0	0	0	0	0	0	0	0	0	0	0	0	0	0	0	0	0	0	0	0	0	0	0	0	0	0	0	0	0	0	0	0	0	0	0	0	0	0	0	0	0	0	0	0	0	0	0	0	0
345	1	1	0	12	3	1	16	0	0	4	0	49	0	4	7	246	0	12	102	81	442	1	991	166	181	0	0	25	0	346	0	4	6	32	0	0	0	0	57	1	0	0	2	61	0	4	1	0	0	189	297	17	0	0	249	2	15	2	67	0	0	0	0	0	0	11	108	2	2	80	0	4	0
53	1	0	0	0	0	0	23	0	4	0	0	5	22	0	0	9	4	6	248	65	49	0	1195	212	32	0	0	62	0	0	0	25	2	21	0	0	0	0	8	35	0	0	0	13	0	0	0	0	0	5	100	0	0	249	0	214	57	44	204	0	0	0	0	0	0	0	46	37	12	32	0	1	0
2	9	157	0	17	1	4	38	0	629	7	0	109	12	415	0	13	14	117	254	10	16	2	112	82	20	0	0	38	0	453	0	15	7	31	19	0	0	0	53	19	41	0	133	58	0	4	363	0	0	325	35	274	0	2	214	0	70	75	130	0	84	0	0	0	38	15	7	3	116	123	11	13	134
45	5	0	0	5	0	0	29	0	17	5	0	105	8	28	0	103	6	22	66	140	443	37	34	1	136	1	0	301	0	31	0	118	157	333	4	0	0	0	115	17	106	0	88	25	85	6	0	0	0	44	276	70	0	15	57	70	0	318	801	0	92	0	0	0	0	267	13	143	3	107	7	17	221
2	7	36	0	0	0	0	17	0	2	4	0	85	76	22	0	14	0	10	26	11	28	2	0	0	4	5	0	257	0	1	0	9	4	207	0	0	0	0	9	6	222	0	0	3	18	42	0	0	0	0	4	0	0	2	44	75	318	0	1123	0	37	0	0	0	0	284	4	50	24	110	4	1	0
0	12	30	124	31	0	0	562	0	1	0	0	664	16	1	0	66	0	541	130	23	320	270	6	5	43	0	0	239	0	2	0	266	359	714	3	0	0	0	1005	13	20	0	3	25	64	0	0	0	0	0	6	5	0	67	204	130	801	1123	0	0	0	0	16	0	0	176	126	248	59	234	109	1	2
0	0	0	0	0	0	0	0	0	0	0	0	0	0	0	0	0	0	0	0	0	0	0	0	0	0	0	0	0	0	0	0	0	0	0	0	0	0	0	0	0	0	0	0	0	0	0	0	0	0	0	0	0	0	0	0	0	0	0	0	0	0	0	0	0	0	0	0	0	0	0	0	0	0
0	8	161	1	531	0	0	8	0	96	1150	0	13	1060	20	130	2	79	4	10	2	0	3	0	0	20	8	0	3	0	170	0	171	15	17	3	0	0	0	56	109	550	0	45	49	4	80	9	0	0	0	0	0	0	0	0	84	92	37	0	0	0	0	3	0	2	1	0	53	17	7	121	621	24
0	0	0	0	0	0	0	0	0	0	0	0	0	0	0	0	0	0	0	0	0	0	0	0	0	0	0	0	0	0	0	0	0	0	0	0	0	0	0	0	0	0	0	0	0	0	0	0	0	0	0	0	0	0	0	0	0	0	0	0	0	0	0	0	0	0	0	0	0	0	0	0	0	0
0	4	0	0	102	0	0	0	0	0	23	0	19	0	4	0	1	0	0	0	0	0	0	2	0	0	0	0	0	0	1	0	2	0	0	0	0	0	0	1	0	0	0	0	1	0	0	0	0	0	0	0	0	0	0	0	0	0	0	16	0	3	0	0	0	0	0	0	13	0	0	0	150	0
0	0	0	0	0	0	0	0	0	0	0	0	0	0	0	0	0	0	0	0	0	0	0	0	0	0	0	0	0	0	0	0	0	0	0	0	0	0	0	0	0	0	0	0	0	0	0	0	0	0	0	0	0	0	0	0	0	0	0	0	0	0	0	0	0	0	0	0	0	0	0	0	0	0
0	5	0	1	0	0	0	0	0	169	0	0	0	1	157	0	1	0	0	5	0	0	0	0	0	0	181	0	0	0	0	0	0	0	0	22	0	0	0	0	107	0	0	3	1	0	0	29	0	0	0	0	0	0	0	0	38	0	0	0	0	2	0	0	0	0	0	0	0	0	0	1	1	0
134	3	0	0	0	0	0	1	0	4	0	0	9	0	5	0	142	0	0	4	13	360	0	6	0	165	0	0	239	0	229	0	4	0	58	0	0	0	0	0	1	7	0	0	60	0	0	0	0	0	186	514	0	0	11	0	15	267	284	176	0	1	0	0	0	0	0	0	99	1	0	0	2	0
460	2	0	0	0	0	0	1	0	0	0	0	2	0	0	0	31	0	0	51	1	428	0	1665	148	19	0	0	203	0	97	0	2	0	92	0	0	0	0	0	0	0	0	0	48	0	0	0	0	0	106	8	0	0	108	46	7	13	4	126	0	0	0	0	0	0	0	0	0	0	0	0	0	0
0	6	18	0	39	0	4	31	0	28	5	0	5	46	10	0	1	42	0	15	0	54	81	0	0	8	0	0	1	0	74	0	104	96	79	1	0	0	0	58	11	25	0	17	1	0	16	16	0	0	0	131	1	0	2	37	3	143	50	248	0	53	0	13	0	0	99	0	0	21	0	19	42	0
5	10	5	0	5	0	0	26	0	18	4	0	29	21	135	1	5	23	4	32	1	8	0	2	0	5	0	0	3	0	42	0	10	1	16	0	0	0	0	5	4	1	0	1	1	0	5	5	0	0	3	23	1	0	2	12	116	3	24	59	0	17	0	0	0	0	1	0	21	0	5	7	9	0
8	7	0	23	8	0	0	87	0	117	30	0	262	0	50	0	133	0	4	259	215	6	0	311	6	143	0	0	32	0	22	0	14	0	10	0	0	0	0	92	5	0	0	0	10	0	0	9	0	0	31	69	0	0	80	32	123	107	110	234	0	7	0	0	0	0	0	0	0	5	0	0	1	0
8	0	0	0	43	0	0	25	0	35	89	0	85	20	9	0	11	24	0	18	2	2	0	0	0	7	2	0	6	0	43	0	10	0	1	0	0	0	0	18	13	0	0	7	14	0	0	0	0	0	3	11	0	0	0	0	11	7	4	109	0	121	0	0	0	1	0	0	19	7	0	0	139	0
0	7	36	0	793	1	3	1	0	48	721	0	14	122	4	137	3	41	0	2	3	1	6	4	0	2	1	0	6	0	82	0	31	450	6	5	0	0	0	2	12	68	0	26	2	156	26	21	0	0	1	1	0	0	4	1	13	17	1	1	0	621	0	150	0	1	2	0	42	9	1	139	0	2
76	2	0	1	1	0	0	0	0	2	0	0	15	0	18	0	4	8	0	14	10	146	0	168	4	5	0	0	0	0	147	0	0	0	2	0	0	0	0	4	7	0	0	0	13	0	0	0	0	0	154	19	0	0	0	0	134	221	0	2	0	24	0	0	0	0	0	0	0	0	0	0	2	0
