0	0	0	0	0	0	0	0	0	9	0	0	0	2	0	0	9	0	10	0	9	280	0	86	79	22	0	0	236	0	8	0	4	11	5	0	0	1	0	0	2	0	0	0	33	1	0	0	0	3	0	0	2	0	180	0	0	6	0	0	5	0	0	0	0	0	78	193	0	1	0	0	0	7
0	0	53	0	171	0	0	25	0	1	0	0	76	7	0	13	4	10	5	8	0	1	0	0	1	0	0	0	12	0	0	0	40	77	10	10	0	23	0	67	0	167	0	13	0	0	0	0	0	0	0	0	1	0	1	7	21	38	3	0	44	152	0	34	0	2	3	8	0	12	35	0	35	1
0	53	0	0	0	0	0	0	0	608	0	0	2	377	55	0	0	18	2	4	4	0	0	0	0	8	0	0	0	1	2	24	0	1	0	0	0	0	0	0	0	0	0	8	0	59	0	52	0	0	0	13	0	0	0	0	304	8	6	0	0	0	0	0	0	26	0	0	5	4	0	53	19	0
0	0	0	0	0	0	0	0	0	5	0	0	0	0	1	0	1	2	0	0	0	0	0	0	0	0	0	0	0	572	0	0	0	4	0	0	0	0	0	0	0	0	0	0	0	0	0	5	0	0	0	0	0	0	0	0	0	0	0	0	0	0	0	0	0	83	0	0	0	0	0	0	7	0
0	171	0	0	0	0	0	0	0	3	4	0	98	154	4	0	0	0	2	5	0	0	0	0	0	0	0	0	0	4	2	82	2	625	0	0	0	0	0	0	0	0	0	0	0	107	0	7	0	0	0	0	0	0	0	0	0	2	2	0	0	0	0	0	0	0	0	0	0	0	1	170	16	0
0	0	0	0	0	0	0	0	0	68	0	0	0	0	12	0	0	0	4	106	0	0	0	70	0	0	0	0	0	0	14	0	0	0	0	0	0	0	0	0	0	0	0	0	0	1	0	0	0	0	0	0	2	0	0	0	58	52	0	0	0	0	0	0	0	0	0	0	0	0	0	0	0	103
0	0	0	0	0	0	0	0	0	0	0	0	0	0	0	0	0	0	0	0	0	0	0	0	0	0	0	0	0	0	0	0	0	0	0	0	0	0	0	0	0	0	0	0	0	0	0	0	0	0	0	0	0	0	0	0	0	0	0	0	0	0	0	0	0	0	0	0	0	0	0	0	0	0
0	25	0	0	0	0	0	0	0	2	0	0	547	3	1	0	114	0	10	67	54	0	0	0	0	17	0	0	28	0	0	37	30	317	3	0	0	0	0	0	0	0	0	0	0	3	0	0	0	0	0	1	0	0	0	1	0	9	74	0	0	0	0	0	0	0	0	0	0	0	3	15	0	0
0	0	0	0	0	0	0	0	0	0	0	0	12	0	0	0	0	1	17	0	0	0	0	0	0	0	0	0	13	0	0	0	0	0	0	0	0	0	0	0	0	0	0	0	0	0	0	0	0	3	0	0	0	0	0	0	0	0	0	0	0	0	0	0	0	0	0	0	0	0	0	0	0	0
9	1	608	5	3	68	0	2	0	0	9	0	2	23	590	0	7	116	273	385	1	0	1	0	0	0	0	0	4	7	169	0	8	15	4	183	0	1	0	1	167	306	22	1571	15	27	0	87	0	5	25	0	707	0	10	0	872	29	39	0	48	44	0	1	0	516	9	12	0	591	70	21	2	1
0	0	0	0	4	0	0	0	0	9	0	0	1	16	0	0	0	6	0	0	0	0	0	0	0	0	0	0	0	0	0	0	0	0	0	0	0	0	0	0	0	22	0	0	0	4	0	0	0	0	0	0	0	0	0	0	0	0	0	0	38	22	0	18	0	0	0	0	0	0	0	22	24	0
0	0	0	0	0	0	0	0	0	0	0	0	0	0	0	0	0	0	0	0	0	0	0	0	0	0	0	0	0	0	0	0	0	0	0	0	0	0	0	0	0	0	0	0	0	0	0	0	0	0	0	0	0	0	0	0	0	0	0	0	0	0	0	0	0	0	0	0	0	0	0	0	0	0
0	76	2	0	98	0	0	547	12	2	1	0	0	3	2	7	205	3	246	40	151	0	3	0	2	23	0	0	95	0	0	0	773	2140	24	0	0	10	0	479	48	4	85	1	4	433	0	9	0	0	0	0	0	0	22	8	75	168	53	0	5	6	0	22	0	0	12	21	0	84	306	268	2	33
2	7	377	0	154	0	0	3	0	23	16	0	3	0	3	0	1	20	1	1	3	0	0	0	2	0	0	0	4	0	5	43	9	46	2	3	0	106	0	2	12	36	0	19	12	44	0	1	0	4	0	0	0	0	1	69	0	195	15	1	1176	900	0	101	0	9	0	1	5	20	1	130	23	1
0	0	55	1	4	12	0	1	0	590	0	0	2	3	0	1	2	8	149	31	2	0	0	0	0	0	0	0	4	0	3	0	4	6	1	129	0	0	0	0	4	347	21	1084	0	0	0	6	0	0	0	0	19	0	3	0	135	3	30	0	5	4	0	2	0	55	3	23	4	55	3	0	0	1
0	13	0	0	0	0	0	0	0	0	0	0	7	0	1	0	0	0	0	4	13	0	0	0	0	1	0	0	0	0	0	0	0	0	0	0	0	0	0	0	0	0	0	0	0	2	0	0	0	0	0	0	0	0	0	0	1	0	0	0	0	0	0	0	0	0	0	0	0	0	0	13	3	0
9	4	0	1	0	0	0	114	0	7	0	0	205	1	2	0	0	7	94	16	829	106	0	1	35	717	0	0	163	0	104	0	397	209	52	0	0	14	0	406	7	4	0	0	39	30	0	0	0	0	1	312	10	0	212	10	13	144	6	0	18	1	0	0	0	7	374	481	0	12	24	31	0	15
0	10	18	2	0	0	0	0	1	116	6	0	3	20	8	0	7	0	0	2	0	0	0	0	0	0	0	0	0	1	6	0	0	3	0	7	0	0	0	2	0	1	0	67	0	33	0	17	0	147	0	0	16	0	0	0	1	6	0	0	10	17	0	1	0	22	0	0	0	1	0	17	18	2
10	5	2	0	2	4	0	10	17	273	0	0	246	1	149	0	94	0	0	444	8	10	0	0	0	90	0	0	367	0	94	0	24	260	36	0	0	2	0	4	0	2	4	98	8	73	0	5	0	0	0	0	14	0	4	30	460	259	132	0	0	0	0	0	0	0	24	8	0	20	12	5	0	617
0	8	4	0	5	106	0	67	0	385	0	0	40	1	31	4	16	2	444	0	43	8	13	119	82	42	0	0	29	0	277	0	85	31	25	0	0	7	0	9	4	34	55	2	433	46	0	18	0	0	15	2	448	0	389	613	723	42	17	0	33	47	0	3	0	23	11	78	0	492	390	51	2	92
9	0	4	0	0	0	0	54	0	1	0	0	151	3	2	13	829	0	8	43	0	92	0	0	0	924	0	0	66	0	12	0	246	521	57	0	0	0	0	313	0	0	0	0	36	21	0	0	0	0	1	355	0	0	61	19	18	46	56	0	14	14	0	0	0	0	0	242	0	0	184	0	0	6
280	1	0	0	0	0	0	0	0	0	0	0	0	0	0	0	106	0	10	8	92	0	0	96	0	116	0	0	206	0	264	0	5	3	6	0	0	0	0	0	0	0	0	2	0	0	0	0	0	0	17	249	0	0	0	5	0	75	0	0	0	0	0	0	0	0	0	0	0	0	0	1	0	120
0	0	0	0	0	0	0	0	0	1	0	0	3	0	0	0	0	0	0	13	0	0	0	0	0	0	0	0	0	0	0	0	0	1	0	0	0	0	0	0	0	0	0	0	0	33	0	0	0	0	0	0	0	0	0	1	0	23	0	0	0	0	0	0	0	0	0	0	0	0	0	0	0	2
86	0	0	0	0	70	0	0	0	0	0	0	0	0	0	0	1	0	0	119	0	96	0	0	46	2	0	0	0	0	0	0	0	0	0	0	0	0	0	0	0	0	0	0	0	0	0	0	0	0	0	69	50	0	104	65	0	0	0	0	0	0	0	0	0	0	0	100	0	0	0	0	0	0
79	1	0	0	0	0	0	0	0	0	0	0	2	2	0	0	35	0	0	82	0	0	0	46	0	15	0	0	0	0	8	0	2	2	0	0	0	0	0	0	0	0	0	0	0	1	0	0	0	0	3	17	0	0	0	9	47	0	0	0	0	0	0	0	0	0	0	0	0	0	0	1	0	1
22	0	8	0	0	0	0	17	0	0	0	0	23	0	0	1	717	0	90	42	924	116	0	2	15	0	0	0	206	0	4	0	621	60	58	0	0	0	0	384	0	1	2	1	131	1	0	4	0	0	0	180	5	0	220	37	10	25	3	0	0	0	0	0	0	0	322	291	0	14	173	3	0	5
0	0	0	0	0	0	0	0	0	0	0	0	0	0	0	0	0	0	0	0	0	0	0	0	0	0	0	0	0	49	0	0	0	0	0	0	0	0	0	0	0	0	0	0	0	0	0	0	0	0	0	0	0	0	0	0	1	0	0	0	0	0	0	0	0	0	0	0	0	0	0	0	0	0
0	0	0	0	0	0	0	0	0	0	0	0	0	0	0	0	0	0	0	0	0	0	0	0	0	0	0	0	0	0	0	0	0	0	0	0	0	0	0	0	0	0	0	0	0	0	0	0	0	0	0	0	0	0	0	0	0	0	0	0	0	0	0	0	0	0	0	0	0	0	0	0	0	0
236	12	0	0	0	0	0	28	13	4	0	0	95	4	4	0	163	0	367	29	66	206	0	0	0	206	0	0	0	0	2	0	363	7	552	0	0	0	0	6	0	0	0	14	39	2	0	0	0	0	0	138	0	0	0	4	25	456	307	0	0	0	0	0	0	0	508	297	0	0	31	11	1	26
0	0	1	572	4	0	0	0	0	7	0	0	0	0	0	0	0	1	0	0	0	0	0	0	0	0	49	0	0	0	0	0	0	7	0	891	0	0	0	0	0	0	0	0	0	0	0	9	0	0	0	0	0	0	0	2	11	0	0	0	0	0	0	0	0	1248	0	0	0	0	0	0	71	0
8	0	2	0	2	14	0	0	0	169	0	0	0	5	3	0	104	6	94	277	12	264	0	0	8	4	0	0	2	0	0	0	10	18	0	0	0	0	0	2	2	0	0	486	238	137	0	0	0	0	579	1	600	0	400	0	466	161	0	0	2	2	0	0	0	0	246	14	0	200	24	0	0	682
0	0	24	0	82	0	0	37	0	0	0	0	0	43	0	0	0	0	0	0	0	0	0	0	0	0	0	0	0	0	0	0	0	29	0	0	0	0	0	0	0	0	0	0	0	0	0	0	0	0	0	0	0	0	0	0	0	0	2	0	0	30	0	82	0	0	0	0	0	0	0	0	0	0
4	40	0	0	2	0	0	30	0	8	0	0	773	9	4	0	397	0	24	85	246	5	0	0	2	621	0	0	363	0	10	0	0	122	29	0	0	18	0	18	0	4	0	4	2	6	0	7	0	0	0	92	3	0	4	7	15	19	19	0	5	2	0	0	0	0	4	13	0	4	195	20	0	4
11	77	1	4	625	0	0	317	0	15	0	0	2140	46	6	0	209	3	260	31	521	3	1	0	2	60	0	0	7	7	18	29	122	0	12	0	0	1	0	17	15	2	24	11	2	1484	0	0	0	0	0	19	0	0	194	4	22	1164	6	0	26	12	0	1	0	3	135	31	5	2	723	59	0	18
5	10	0	0	0	0	0	3	0	4	0	0	24	2	1	0	52	0	36	25	57	6	0	0	0	58	0	0	552	0	0	0	29	12	0	0	0	0	0	0	0	0	0	0	2	38	0	1	0	0	0	171	1	0	2	3	17	227	16	0	0	0	0	0	0	0	16	0	0	1	1	10	0	4
0	10	0	0	0	0	0	0	0	183	0	0	0	3	129	0	0	7	0	0	0	0	0	0	0	0	0	0	0	891	0	0	0	0	0	0	0	0	0	0	0	0	0	170	0	1	0	34	0	0	0	0	0	0	0	0	12	1	0	0	0	0	0	0	0	59	0	0	0	0	0	10	1	1
0	0	0	0	0	0	0	0	0	0	0	0	0	0	0	0	0	0	0	0	0	0	0	0	0	0	0	0	0	0	0	0	0	0	0	0	0	0	0	0	0	0	0	0	0	0	0	0	0	0	0	0	0	0	0	0	0	0	0	0	0	0	0	0	0	0	0	0	0	0	0	0	0	0
1	23	0	0	0	0	0	0	0	1	0	0	10	106	0	0	14	0	2	7	0	0	0	0	0	0	0	0	0	0	0	0	18	1	0	0	0	0	0	0	0	0	0	4	0	22	0	0	0	0	0	0	0	0	0	5	4	92	66	0	0	0	0	0	0	0	0	0	0	1	72	23	1	0
0	0	0	0	0	0	0	0	0	0	0	0	0	0	0	0	0	0	0	0	0	0	0	0	0	0	0	0	0	0	0	0	0	0	0	0	0	0	0	0	0	0	0	0	0	0	0	0	0	0	0	0	0	0	0	0	0	0	0	0	0	0	0	0	0	0	0	0	0	0	0	0	0	0
0	67	0	0	0	0	0	0	0	1	0	0	479	2	0	0	406	2	4	9	313	0	0	0	0	384	0	0	6	0	2	0	18	17	0	0	0	0	0	0	0	0	0	0	0	0	0	0	0	0	0	193	0	0	0	4	5	0	2	0	0	0	0	0	0	0	0	0	0	0	246	43	7	0
2	0	0	0	0	0	0	0	0	167	0	0	48	12	4	0	7	0	0	4	0	0	0	0	0	0	0	0	0	0	2	0	0	15	0	0	0	0	0	0	0	0	0	0	0	10	0	29	0	0	0	0	0	0	0	8	12	4	0	0	0	0	0	0	0	87	0	0	0	0	0	0	0	0
0	167	0	0	0	0	0	0	0	306	22	0	4	36	347	0	4	1	2	34	0	0	0	0	0	1	0	0	0	0	0	0	4	2	0	0	0	0	0	0	0	0	0	376	0	1	0	3	0	0	0	0	0	0	0	0	29	212	238	0	0	0	0	0	0	0	0	0	5	2	0	167	3	0
0	0	0	0	0	0	0	0	0	22	0	0	85	0	21	0	0	0	4	55	0	0	0	0	0	2	0	0	0	0	0	0	0	24	0	0	0	0	0	0	0	0	0	0	0	3	0	0	0	0	0	0	0	0	0	0	26	103	0	0	0	0	0	0	0	0	0	0	0	0	0	0	0	0
0	13	8	0	0	0	0	0	0	1571	0	0	1	19	1084	0	0	67	98	2	0	2	0	0	0	1	0	0	14	0	486	0	4	11	0	170	0	4	0	0	0	376	0	0	0	9	0	125	0	0	41	0	738	0	0	2	302	134	10	0	0	0	0	0	0	60	4	0	0	92	0	19	0	755
33	0	0	0	0	0	0	0	0	15	0	0	4	12	0	0	39	0	8	433	36	0	0	0	0	131	0	0	39	0	238	0	2	2	2	0	0	0	0	0	0	0	0	0	0	60	0	0	0	0	27	0	0	0	0	8	155	5	0	0	0	0	0	0	0	0	0	0	0	0	0	0	0	55
1	0	59	0	107	1	0	3	0	27	4	0	433	44	0	2	30	33	73	46	21	0	33	0	1	1	0	0	2	0	137	0	6	1484	38	1	0	22	0	0	10	1	3	9	60	0	0	6	0	16	1	0	1	0	15	7	0	155	12	0	139	140	0	0	0	14	47	15	9	0	27	17	2	3
0	0	0	0	0	0	0	0	0	0	0	0	0	0	0	0	0	0	0	0	0	0	0	0	0	0	0	0	0	0	0	0	0	0	0	0	0	0	0	0	0	0	0	0	0	0	0	0	0	0	0	0	0	0	0	0	0	0	0	0	0	0	0	0	0	0	0	0	0	0	0	0	0	0
0	0	52	5	7	0	0	0	0	87	0	0	9	1	6	0	0	17	5	18	0	0	0	0	0	4	0	0	0	9	0	0	7	0	1	34	0	0	0	0	29	3	0	125	0	6	0	0	0	0	1	0	28	0	0	0	50	0	1	0	2	4	0	2	0	60	1	0	0	53	0	3	0	0
0	0	0	0	0	0	0	0	0	0	0	0	0	0	0	0	0	0	0	0	0	0	0	0	0	0	0	0	0	0	0	0	0	0	0	0	0	0	0	0	0	0	0	0	0	0	0	0	0	0	0	0	0	0	0	0	0	0	0	0	0	0	0	0	0	0	0	0	0	0	0	0	0	0
3	0	0	0	0	0	0	0	3	5	0	0	0	4	0	0	0	147	0	0	0	0	0	0	0	0	0	0	0	0	0	0	0	0	0	0	0	0	0	0	0	0	0	0	0	16	0	0	0	0	0	0	0	0	0	0	0	3	0	0	0	0	0	0	0	0	0	0	0	0	0	0	0	2
0	0	0	0	0	0	0	0	0	25	0	0	0	0	0	0	1	0	0	15	1	17	0	0	3	0	0	0	0	0	579	0	0	0	0	0	0	0	0	0	0	0	0	41	27	1	0	1	0	0	0	0	0	0	16	0	0	0	0	0	0	0	0	0	0	0	18	0	0	1	0	1	0	132
0	0	13	0	0	0	0	1	0	0	0	0	0	0	0	0	312	0	0	2	355	249	0	69	17	180	0	0	138	0	1	0	92	19	171	0	0	0	0	193	0	0	0	0	0	0	0	0	0	0	0	0	0	0	125	62	0	93	0	0	0	0	0	0	0	0	213	196	0	0	50	3	0	0
2	1	0	0	0	2	0	0	0	707	0	0	0	0	19	0	10	16	14	448	0	0	0	50	0	5	0	0	0	0	600	0	3	0	1	0	0	0	0	0	0	0	0	738	0	1	0	28	0	0	0	0	0	0	0	0	424	64	0	0	0	0	0	0	0	0	0	0	0	6	0	1	0	818
0	0	0	0	0	0	0	0	0	0	0	0	0	0	0	0	0	0	0	0	0	0	0	0	0	0	0	0	0	0	0	0	0	0	0	0	0	0	0	0	0	0	0	0	0	0	0	0	0	0	0	0	0	0	0	0	0	0	0	0	0	0	0	0	0	0	0	0	0	0	0	0	0	0
180	1	0	0	0	0	0	0	0	10	0	0	22	1	3	0	212	0	4	389	61	0	0	104	0	220	0	0	0	0	400	0	4	194	2	0	0	0	0	0	0	0	0	0	0	15	0	0	0	0	16	125	0	0	0	44	9	20	2	0	0	0	0	0	0	0	0	0	0	0	0	1	0	4
0	7	0	0	0	0	0	1	0	0	0	0	8	69	0	0	10	0	30	613	19	5	1	65	9	37	0	0	4	2	0	0	7	4	3	0	0	5	0	4	8	0	0	2	8	7	0	0	0	0	0	62	0	0	44	0	286	2	0	0	3	3	0	0	0	0	0	16	0	40	7	8	0	0
0	21	304	0	0	58	0	0	0	872	0	0	75	0	135	1	13	1	460	723	18	0	0	0	47	10	1	0	25	11	466	0	15	22	17	12	0	4	0	5	12	29	26	302	155	0	0	50	0	0	0	0	424	0	9	286	0	2	166	2	5	7	0	1	0	137	17	1	0	456	27	34	2	329
6	38	8	0	2	52	0	9	0	29	0	0	168	195	3	0	144	6	259	42	46	75	23	0	0	25	0	0	456	0	161	0	19	1164	227	1	0	92	0	0	4	212	103	134	5	155	0	0	0	3	0	93	64	0	20	2	2	0	244	4	162	17	0	0	0	3	282	150	7	12	155	50	10	199
0	3	6	0	2	0	0	74	0	39	0	0	53	15	30	0	6	0	132	17	56	0	0	0	0	3	0	0	307	0	0	2	19	6	16	0	0	66	0	2	0	238	0	10	0	12	0	1	0	0	0	0	0	0	2	0	166	244	0	3	14	10	0	0	0	0	500	0	0	208	15	19	0	7
0	0	0	0	0	0	0	0	0	0	0	0	0	1	0	0	0	0	0	0	0	0	0	0	0	0	0	0	0	0	0	0	0	0	0	0	0	0	0	0	0	0	0	0	0	0	0	0	0	0	0	0	0	0	0	0	2	4	3	0	0	0	0	0	0	0	0	0	0	0	0	0	0	0
5	44	0	0	0	0	0	0	0	48	38	0	5	1176	5	0	18	10	0	33	14	0	0	0	0	0	0	0	0	0	2	0	5	26	0	0	0	0	0	0	0	0	0	0	0	139	0	2	0	0	0	0	0	0	0	3	5	162	14	0	0	0	0	0	0	0	0	0	0	0	1	44	30	6
0	152	0	0	0	0	0	0	0	44	22	0	6	900	4	0	1	17	0	47	14	0	0	0	0	0	0	0	0	0	2	30	2	12	0	0	0	0	0	0	0	0	0	0	0	140	0	4	0	0	0	0	0	0	0	3	7	17	10	0	0	0	0	0	0	0	0	0	2	0	0	152	56	20
0	0	0	0	0	0	0	0	0	0	0	0	0	0	0	0	0	0	0	0	0	0	0	0	0	0	0	0	0	0	0	0	0	0	0	0	0	0	0	0	0	0	0	0	0	0	0	0	0	0	0	0	0	0	0	0	0	0	0	0	0	0	0	0	0	0	0	0	0	0	0	0	0	0
0	34	0	0	0	0	0	0	0	1	18	0	22	101	2	0	0	1	0	3	0	0	0	0	0	0	0	0	0	0	0	82	0	1	0	0	0	0	0	0	0	0	0	0	0	0	0	2	0	0	0	0	0	0	0	0	1	0	0	0	0	0	0	0	0	0	0	0	3	0	0	34	1	1
0	0	0	0	0	0	0	0	0	0	0	0	0	0	0	0	0	0	0	0	0	0	0	0	0	0	0	0	0	0	0	0	0	0	0	0	0	0	0	0	0	0	0	0	0	0	0	0	0	0	0	0	0	0	0	0	0	0	0	0	0	0	0	0	0	0	0	0	0	0	0	0	0	0
0	2	26	83	0	0	0	0	0	516	0	0	0	9	55	0	7	22	0	23	0	0	0	0	0	0	0	0	0	1248	0	0	0	3	0	59	0	0	0	0	87	0	0	60	0	14	0	60	0	0	0	0	0	0	0	0	137	3	0	0	0	0	0	0	0	0	0	0	0	0	0	2	0	0
78	3	0	0	0	0	0	0	0	9	0	0	12	0	3	0	374	0	24	11	0	0	0	0	0	322	0	0	508	0	246	0	4	135	16	0	0	0	0	0	0	0	0	4	0	47	0	1	0	0	18	213	0	0	0	0	17	282	500	0	0	0	0	0	0	0	0	0	0	1	1	3	0	50
193	8	0	0	0	0	0	0	0	12	0	0	21	1	23	0	481	0	8	78	242	0	0	100	0	291	0	0	297	0	14	0	13	31	0	0	0	0	0	0	0	0	0	0	0	15	0	0	0	0	0	196	0	0	0	16	1	150	0	0	0	0	0	0	0	0	0	0	0	0	2	8	0	128
0	0	5	0	0	0	0	0	0	0	0	0	0	5	4	0	0	0	0	0	0	0	0	0	0	0	0	0	0	0	0	0	0	5	0	0	0	0	0	0	0	5	0	0	0	9	0	0	0	0	0	0	0	0	0	0	0	7	0	0	0	2	0	3	0	0	0	0	0	0	0	0	0	0
1	12	4	0	0	0	0	0	0	591	0	0	84	20	55	0	12	1	20	492	0	0	0	0	0	14	0	0	0	0	200	0	4	2	1	0	0	1	0	0	0	2	0	92	0	0	0	53	0	0	1	0	6	0	0	40	456	12	208	0	0	0	0	0	0	0	1	0	0	0	2	5	0	36
0	35	0	0	1	0	0	3	0	70	0	0	306	1	3	0	24	0	12	390	184	0	0	0	0	173	0	0	31	0	24	0	195	723	1	0	0	72	0	246	0	0	0	0	0	27	0	0	0	0	0	50	0	0	0	7	27	155	15	0	1	0	0	0	0	0	1	2	0	2	0	156	9	10
0	0	53	0	170	0	0	15	0	21	22	0	268	130	0	13	31	17	5	51	0	1	0	0	1	3	0	0	11	0	0	0	20	59	10	10	0	23	0	43	0	167	0	19	0	17	0	3	0	0	1	3	1	0	1	8	34	50	19	0	44	152	0	34	0	2	3	8	0	5	156	0	47	10
0	35	19	7	16	0	0	0	0	2	24	0	2	23	0	3	0	18	0	2	0	0	0	0	0	0	0	0	1	71	0	0	0	0	0	1	0	1	0	7	0	3	0	0	0	2	0	0	0	0	0	0	0	0	0	0	2	10	0	0	30	56	0	1	0	0	0	0	0	0	9	47	0	0
7	1	0	0	0	103	0	0	0	1	0	0	33	1	1	0	15	2	617	92	6	120	2	0	1	5	0	0	26	0	682	0	4	18	4	1	0	0	0	0	0	0	0	755	55	3	0	0	0	2	132	0	818	0	4	0	329	199	7	0	6	20	0	1	0	0	50	128	0	36	10	10	0	0
