0	0	0	0	0	0	40	1	1	0	0	0	0	0	56	0	119	28	2	0	112	420	0	223	107	39	0	0	57	0	24	0	195	1	255	0	0	0	0	120	24	4	0	32	39	21	0	0	0	0	5	426	21	0	340	42	9	12	11	0	8	18	0	7	0	0	168	0	0	0	50	13	0	3
0	0	5	0	80	0	1	67	0	1	0	0	54	11	0	4	0	5	1	1	2	0	0	0	0	0	0	0	2	0	1	0	1	57	3	0	0	0	0	20	2	3	0	1	6	2	1	1	0	0	0	1	0	0	0	0	3	2	52	3	3	12	0	67	0	0	0	0	0	1	33	0	2	1
0	5	0	6	36	0	0	0	0	367	38	0	6	262	51	8	1	58	3	6	16	0	0	0	0	3	254	0	3	0	50	0	4	1	4	0	0	0	0	0	261	56	15	123	0	4	48	42	0	0	0	13	2	0	6	6	336	3	15	12	60	341	0	33	0	167	0	0	0	145	1	21	29	10
0	0	6	0	0	0	0	47	0	19	0	0	37	0	2	0	6	1	2	42	0	0	0	12	0	0	72	0	26	0	0	0	0	17	45	0	0	0	0	98	40	0	0	0	0	0	0	0	0	0	0	0	0	0	0	21	22	0	70	26	0	0	0	0	0	2	3	0	0	4	56	2	0	0
0	80	36	0	0	0	3	1	4	15	687	0	637	55	0	95	4	8	1	1	3	1	0	0	0	1	0	0	3	0	2	0	4	554	1	0	0	0	0	11	1	401	0	0	0	193	1	3	0	0	0	2	0	0	14	2	11	5	3	1	23	1489	0	512	0	8	1	0	0	5	3	278	1300	0
0	0	0	0	0	0	0	0	0	0	0	0	0	0	0	0	0	0	0	0	0	0	0	0	0	0	0	0	0	0	0	0	0	0	0	0	0	0	0	0	0	0	0	0	0	0	0	0	0	0	0	0	0	0	0	0	0	0	0	0	0	0	0	0	0	0	0	0	0	0	0	0	0	0
40	1	0	0	3	0	0	0	0	0	0	0	0	0	1	0	58	28	0	1	6	4	0	4	0	1	0	0	0	0	0	0	0	1	0	0	0	0	0	0	217	0	2	0	9	0	0	0	0	0	1	10	0	0	10	2	0	20	0	0	0	2	0	0	0	14	0	0	0	0	0	0	14	0
1	67	0	47	1	0	0	0	0	0	0	0	561	0	0	0	11	1	0	133	160	1	0	30	2	57	0	0	21	0	0	0	6	66	5	0	0	0	0	58	0	0	0	0	0	0	0	0	0	0	0	101	0	0	0	3	3	15	22	301	0	0	0	0	0	0	0	0	0	1	0	0	0	0
1	0	0	0	4	0	0	0	0	0	9	0	19	1	0	0	0	11	0	0	0	0	0	0	0	0	0	0	1	0	1	0	0	0	0	0	0	0	0	0	0	0	0	0	0	0	0	0	0	0	1	0	0	0	4	0	0	27	0	21	0	6	0	0	0	0	0	0	0	2	0	0	11	0
0	1	367	19	15	0	0	0	0	0	37	0	0	66	413	5	16	109	296	11	0	1	0	0	0	0	15	0	0	0	305	0	24	0	0	0	0	0	0	4	126	407	7	526	18	0	18	455	0	0	134	0	481	0	1	6	699	41	11	0	52	174	0	0	0	300	0	0	0	388	2	22	37	0
0	0	38	0	687	0	0	0	9	37	0	0	3	478	0	85	12	34	1	15	20	0	0	0	0	17	1	0	0	0	16	0	5	52	0	0	0	0	0	2	5	141	0	0	2	1	0	0	0	0	0	0	0	0	0	0	42	20	2	2	179	843	0	89	0	1	0	0	0	0	23	114	546	0
0	0	0	0	0	0	0	0	0	0	0	0	0	0	0	0	0	0	0	0	0	0	0	0	0	0	0	0	0	0	0	0	0	0	0	0	0	0	0	0	0	0	0	0	0	0	0	0	0	0	0	0	0	0	0	0	0	0	0	0	0	0	0	0	0	0	0	0	0	0	0	0	0	0
0	54	6	37	637	0	0	561	19	0	3	0	0	10	0	111	54	2	219	32	341	13	0	51	7	7	0	0	242	0	2	0	670	665	279	0	0	0	0	921	24	9	1	3	2	382	2	2	0	0	0	19	0	0	16	20	73	157	105	996	1	10	0	100	0	1	2	0	0	23	448	224	7	10
0	11	262	0	55	0	0	0	1	66	478	0	10	0	10	4	2	19	0	0	11	1	0	0	0	0	4	0	1	0	110	0	8	8	0	0	0	0	0	0	29	55	0	9	0	0	41	41	0	0	0	2	0	0	11	25	21	8	10	0	461	2072	0	32	0	14	0	0	0	1	1	107	49	0
56	0	51	2	0	0	1	0	0	413	0	0	0	10	0	46	1	29	147	3	1	0	0	0	0	0	0	0	0	0	5	0	2	0	0	0	0	0	0	1	15	189	0	199	0	6	0	171	0	0	0	1	45	0	0	0	168	9	5	0	0	1	0	0	0	26	1	0	0	100	5	1	0	2
0	4	8	0	95	0	0	0	0	5	85	0	111	4	46	0	2	4	0	2	3	0	0	0	1	4	0	0	6	0	15	0	0	15	0	0	0	0	0	1	2	0	0	0	0	0	0	0	0	0	16	8	0	0	5	1	3	6	0	3	0	168	0	0	0	0	0	0	0	0	0	0	93	0
119	0	1	6	4	0	58	11	0	16	12	0	54	2	1	2	0	72	123	100	281	254	0	9	3	204	0	0	324	0	4	0	194	130	230	0	0	0	0	415	47	19	0	54	223	12	0	0	0	0	1	483	0	0	211	3	27	27	13	0	43	80	0	1	0	1	306	0	0	11	214	15	3	62
28	5	58	1	8	0	28	1	11	109	34	0	2	19	29	4	72	0	5	5	7	19	0	0	0	0	2	0	0	0	43	0	60	8	0	0	3	0	0	3	55	69	10	111	13	6	10	49	0	904	25	39	36	0	26	8	38	30	4	1	67	227	0	0	0	4	2	0	0	8	5	57	22	7
2	1	3	2	1	0	0	0	0	296	1	0	219	0	147	0	123	5	0	180	183	2	0	8	3	110	0	0	238	0	94	0	16	2	60	0	0	0	0	105	2	0	3	0	29	0	0	0	0	0	81	209	62	0	3	6	326	480	186	123	0	0	0	0	0	0	0	0	0	42	0	0	1	0
0	1	6	42	1	0	1	133	0	11	15	0	32	0	3	2	100	5	180	0	59	0	0	4	0	23	0	0	87	0	1	0	148	35	96	0	0	0	0	306	12	2	0	0	5	2	0	17	0	7	5	56	46	0	30	90	201	6	49	8	2	39	0	0	0	2	0	0	0	69	300	88	17	17
112	2	16	0	3	0	6	160	0	0	20	0	341	11	1	3	281	7	183	59	0	40	0	20	17	975	0	0	270	0	1	0	607	318	303	0	0	0	0	755	90	2	0	1	143	28	6	0	0	1	3	1036	106	0	121	68	32	271	1	11	13	20	0	4	0	0	8	0	0	0	130	14	28	21
420	0	0	0	1	0	4	1	0	1	0	0	13	1	0	0	254	19	2	0	40	0	0	631	56	116	0	0	150	0	81	0	4	21	53	0	0	0	0	40	3	9	1	8	178	0	0	0	0	0	19	541	2	0	346	8	2	191	9	190	0	3	0	0	0	0	35	0	0	2	6	2	0	6
0	0	0	0	0	0	0	0	0	0	0	0	0	0	0	0	0	0	0	0	0	0	0	0	0	0	0	0	0	0	0	0	0	0	0	0	0	0	0	0	0	0	0	0	0	0	0	0	0	0	0	0	0	0	0	0	0	0	0	0	0	0	0	0	0	0	0	0	0	0	0	0	0	0
223	0	0	12	0	0	4	30	0	0	0	0	51	0	0	0	9	0	8	4	20	631	0	0	1850	12	0	0	140	0	108	0	17	74	120	0	0	0	0	90	3	2	0	0	196	0	0	0	0	0	8	216	496	0	760	681	77	84	6	19	0	0	0	0	0	0	10	0	0	38	22	6	0	2
107	0	0	0	0	0	0	2	0	0	0	0	7	0	0	1	3	0	3	0	17	56	0	1850	0	9	0	0	44	0	71	0	6	1	6	0	0	0	0	18	1	0	0	0	21	0	0	0	0	0	1	42	43	0	103	235	39	31	0	13	0	1	0	0	0	0	1	0	0	2	1	0	0	0
39	0	3	0	1	0	1	57	0	0	17	0	7	0	0	4	204	0	110	23	975	116	0	12	9	0	0	0	172	0	2	0	548	77	257	0	0	0	0	574	19	1	0	0	105	26	0	0	0	0	5	866	131	0	228	31	27	141	9	42	0	77	0	0	0	2	169	0	0	4	145	40	1	5
0	0	254	72	0	0	0	0	0	15	1	0	0	4	0	0	0	2	0	0	0	0	0	0	0	0	0	0	0	0	0	0	0	0	0	0	0	0	0	0	409	3	0	3	0	1	0	125	0	0	0	0	0	0	1	0	0	2	3	0	2	6	0	0	0	477	0	0	0	1	0	2	1	0
0	0	0	0	0	0	0	0	0	0	0	0	0	0	0	0	0	0	0	0	0	0	0	0	0	0	0	0	0	0	0	0	0	0	0	0	0	0	0	0	0	0	0	0	0	0	0	0	0	0	0	0	0	0	0	0	0	0	0	0	0	0	0	0	0	0	0	0	0	0	0	0	0	0
57	2	3	26	3	0	0	21	1	0	0	0	242	1	0	6	324	0	238	87	270	150	0	140	44	172	0	0	0	0	2	0	301	38	701	0	0	0	0	602	16	7	2	0	110	5	0	0	0	0	0	826	10	0	60	31	27	839	571	561	0	2	0	0	0	0	345	0	0	6	75	28	2	12
0	0	0	0	0	0	0	0	0	0	0	0	0	0	0	0	0	0	0	0	0	0	0	0	0	0	0	0	0	0	0	0	0	0	0	0	0	0	0	0	0	0	0	0	0	0	0	0	0	0	0	0	0	0	0	0	0	0	0	0	0	0	0	0	0	0	0	0	0	0	0	0	0	0
24	1	50	0	2	0	0	0	1	305	16	0	2	110	5	15	4	43	94	1	1	81	0	108	71	2	0	0	2	0	0	0	3	1	2	0	0	0	0	1	1	1	2	176	80	0	113	37	0	0	606	10	694	0	290	6	533	31	21	0	31	93	0	2	0	0	219	0	0	161	2	12	2	219
0	0	0	0	0	0	0	0	0	0	0	0	0	0	0	0	0	0	0	0	0	0	0	0	0	0	0	0	0	0	0	0	0	0	0	0	0	0	0	0	0	0	0	0	0	0	0	0	0	0	0	0	0	0	0	0	0	0	0	0	0	0	0	0	0	0	0	0	0	0	0	0	0	0
195	1	4	0	4	0	0	6	0	24	5	0	670	8	2	0	194	60	16	148	607	4	0	17	6	548	0	0	301	0	3	0	0	23	56	0	0	0	0	303	18	3	0	2	22	7	0	0	0	0	0	510	2	0	21	5	12	167	17	281	4	272	0	0	0	1	5	0	0	4	10	3	63	6
1	57	1	17	554	0	1	66	0	0	52	0	665	8	0	15	130	8	2	35	318	21	0	74	1	77	0	0	38	0	1	0	23	0	17	0	0	0	0	272	15	1	1	3	19	0	0	0	0	0	0	41	4	0	17	2	26	170	70	98	0	23	0	9	0	0	38	0	0	3	124	119	638	0
255	3	4	45	1	0	0	5	0	0	0	0	279	0	0	0	230	0	60	96	303	53	0	120	6	257	0	0	701	0	2	0	56	17	0	0	0	0	0	336	14	6	1	0	82	5	0	0	0	0	2	607	1	0	30	33	17	534	236	328	0	13	0	1	0	2	47	0	0	6	11	1	2	6
0	0	0	0	0	0	0	0	0	0	0	0	0	0	0	0	0	0	0	0	0	0	0	0	0	0	0	0	0	0	0	0	0	0	0	0	0	0	0	0	0	0	0	0	0	0	0	0	0	0	0	0	0	0	0	0	0	0	0	0	0	0	0	0	0	0	0	0	0	0	0	0	0	0
0	0	0	0	0	0	0	0	0	0	0	0	0	0	0	0	0	3	0	0	0	0	0	0	0	0	0	0	0	0	0	0	0	0	0	0	0	0	0	0	0	0	0	0	0	0	0	0	0	0	0	0	0	0	0	0	0	0	0	0	0	0	0	0	0	0	0	0	0	0	0	3	0	0
0	0	0	0	0	0	0	0	0	0	0	0	0	0	0	0	0	0	0	0	0	0	0	0	0	0	0	0	0	0	0	0	0	0	0	0	0	0	0	0	0	0	0	0	0	0	0	0	0	0	0	0	0	0	0	0	0	0	0	0	0	0	0	0	0	0	0	0	0	0	0	0	0	0
0	0	0	0	0	0	0	0	0	0	0	0	0	0	0	0	0	0	0	0	0	0	0	0	0	0	0	0	0	0	0	0	0	0	0	0	0	0	0	0	0	0	0	0	0	0	0	0	0	0	0	0	0	0	0	0	0	0	0	0	0	0	0	0	0	0	0	0	0	0	0	0	0	0
120	20	0	98	11	0	0	58	0	4	2	0	921	0	1	1	415	3	105	306	755	40	0	90	18	574	0	0	602	0	1	0	303	272	336	0	0	0	0	0	17	4	0	0	80	3	0	0	0	0	0	644	4	0	39	12	30	293	58	493	1	3	0	0	0	1	0	0	0	6	64	14	1	0
24	2	261	40	1	0	217	0	0	126	5	0	24	29	15	2	47	55	2	12	90	3	0	3	1	19	409	0	16	0	1	0	18	15	14	0	0	0	0	17	0	9	0	354	8	0	5	299	0	0	3	24	7	0	9	20	8	1	9	1	4	111	0	1	0	380	1	0	0	0	2	3	54	3
4	3	56	0	401	0	0	0	0	407	141	0	9	55	189	0	19	69	0	2	2	9	0	2	0	1	3	0	7	0	1	0	3	1	6	0	0	0	0	4	9	0	3	0	0	0	0	0	0	0	0	2	0	0	1	0	32	489	482	39	0	538	0	0	0	1	0	0	0	1	0	0	61	0
0	0	15	0	0	0	2	0	0	7	0	0	1	0	0	0	0	10	3	0	0	1	0	0	0	0	0	0	2	0	2	0	0	1	1	0	0	0	0	0	0	3	0	0	0	0	0	7	0	0	0	0	0	0	4	11	1	13	5	0	0	6	0	0	0	0	1	0	0	0	0	12	0	1
32	1	123	0	0	0	0	0	0	526	0	0	3	9	199	0	54	111	0	0	1	8	0	0	0	0	3	0	0	0	176	0	2	3	0	0	0	0	0	0	354	0	0	0	0	0	0	0	0	0	80	12	81	0	4	0	111	219	78	0	0	31	0	0	0	18	0	0	0	9	0	0	13	0
39	6	0	0	0	0	9	0	0	18	2	0	2	0	0	0	223	13	29	5	143	178	0	196	21	105	0	0	110	0	80	0	22	19	82	0	0	0	0	80	8	0	0	0	0	2	0	10	0	0	4	58	118	0	111	18	15	87	0	0	30	19	0	0	0	0	61	0	0	69	21	1	1	29
21	2	4	0	193	0	0	0	0	0	1	0	382	0	6	0	12	6	0	2	28	0	0	0	0	26	1	0	5	0	0	0	7	0	5	0	0	0	0	3	0	0	0	0	2	0	0	0	0	0	0	49	0	0	7	0	0	145	12	196	0	2	0	0	0	0	0	0	0	0	0	0	191	0
0	1	48	0	1	0	0	0	0	18	0	0	2	41	0	0	0	10	0	0	6	0	0	0	0	0	0	0	0	0	113	0	0	0	0	0	0	0	0	0	5	0	0	0	0	0	0	0	0	0	0	0	0	0	0	0	1	1	142	0	0	13	0	0	0	0	0	0	0	0	0	0	0	0
0	1	42	0	3	0	0	0	0	455	0	0	2	41	171	0	0	49	0	17	0	0	0	0	0	0	125	0	0	0	37	0	0	0	0	0	0	0	0	0	299	0	7	0	10	0	0	0	0	0	15	0	34	0	11	5	332	6	0	0	0	78	0	0	0	103	0	0	0	16	0	0	2	0
0	0	0	0	0	0	0	0	0	0	0	0	0	0	0	0	0	0	0	0	0	0	0	0	0	0	0	0	0	0	0	0	0	0	0	0	0	0	0	0	0	0	0	0	0	0	0	0	0	0	0	0	0	0	0	0	0	0	0	0	0	0	0	0	0	0	0	0	0	0	0	0	0	0
0	0	0	0	0	0	0	0	0	0	0	0	0	0	0	0	0	904	0	7	1	0	0	0	0	0	0	0	0	0	0	0	0	0	0	0	0	0	0	0	0	0	0	0	0	0	0	0	0	0	0	0	0	0	0	0	0	0	0	0	0	0	0	0	0	0	0	0	0	0	0	0	16	0
5	0	0	0	0	0	1	0	1	134	0	0	0	0	0	16	1	25	81	5	3	19	0	8	1	5	0	0	0	0	606	0	0	0	2	0	0	0	0	0	3	0	0	80	4	0	0	15	0	0	0	9	144	0	18	0	111	46	0	0	0	0	0	0	0	1	66	0	0	132	12	0	0	66
426	1	13	0	2	0	10	101	0	0	0	0	19	2	1	8	483	39	209	56	1036	541	0	216	42	866	0	0	826	0	10	0	510	41	607	0	0	0	0	644	24	2	0	12	58	49	0	0	0	0	9	0	152	0	516	239	45	299	0	0	1	18	0	0	0	0	170	0	0	11	65	59	0	15
21	0	2	0	0	0	0	0	0	481	0	0	0	0	45	0	0	36	62	46	106	2	0	496	43	131	0	0	10	0	694	0	2	4	1	0	0	0	0	4	7	0	0	81	118	0	0	34	0	0	144	152	0	0	117	7	402	250	1	4	0	1	0	0	0	0	10	0	0	161	0	1	0	68
0	0	0	0	0	0	0	0	0	0	0	0	0	0	0	0	0	0	0	0	0	0	0	0	0	0	0	0	0	0	0	0	0	0	0	0	0	0	0	0	0	0	0	0	0	0	0	0	0	0	0	0	0	0	0	0	0	0	0	0	0	0	0	0	0	0	0	0	0	0	0	0	0	0
340	0	6	0	14	0	10	0	4	1	0	0	16	11	0	5	211	26	3	30	121	346	0	760	103	228	1	0	60	0	290	0	21	17	30	0	0	0	0	39	9	1	4	4	111	7	0	11	0	0	18	516	117	0	0	346	22	82	11	43	2	28	0	0	0	0	37	0	0	3	2	3	9	8
42	0	6	21	2	0	2	3	0	6	0	0	20	25	0	1	3	8	6	90	68	8	0	681	235	31	0	0	31	0	6	0	5	2	33	0	0	0	0	12	20	0	11	0	18	0	0	5	0	0	0	239	7	0	346	0	268	6	0	44	1	21	0	0	0	0	1	0	0	369	2	5	0	1
9	3	336	22	11	0	0	3	0	699	42	0	73	21	168	3	27	38	326	201	32	2	0	77	39	27	0	0	27	0	533	0	12	26	17	0	0	0	0	30	8	32	1	111	15	0	1	332	0	0	111	45	402	0	22	268	0	113	184	59	2	76	0	0	0	31	12	0	0	369	13	11	21	127
12	2	3	0	5	0	20	15	27	41	20	0	157	8	9	6	27	30	480	6	271	191	0	84	31	141	2	0	839	0	31	0	167	170	534	0	0	0	0	293	1	489	13	219	87	145	1	6	0	0	46	299	250	0	82	6	113	0	764	914	5	123	0	2	0	0	604	0	0	12	225	20	12	426
11	52	15	70	3	0	0	22	0	11	2	0	105	10	5	0	13	4	186	49	1	9	0	6	0	9	3	0	571	0	21	0	17	70	236	0	0	0	0	58	9	482	5	78	0	12	142	0	0	0	0	0	1	0	11	0	184	764	0	991	0	3	0	0	0	0	560	0	0	332	50	10	28	0
0	3	12	26	1	0	0	301	21	0	2	0	996	0	0	3	0	1	123	8	11	190	0	19	13	42	0	0	561	0	0	0	281	98	328	0	0	0	0	493	1	39	0	0	0	196	0	0	0	0	0	0	4	0	43	44	59	914	991	0	0	1	0	65	0	0	202	0	0	28	308	95	0	0
8	3	60	0	23	0	0	0	0	52	179	0	1	461	0	0	43	67	0	2	13	0	0	0	0	0	2	0	0	0	31	0	4	0	0	0	0	0	0	1	4	0	0	0	30	0	0	0	0	0	0	1	0	0	2	1	2	5	0	0	0	425	0	0	0	0	0	0	0	0	0	0	40	0
18	12	341	0	1489	0	2	0	6	174	843	0	10	2072	1	168	80	227	0	39	20	3	0	0	1	77	6	0	2	0	93	0	272	23	13	0	0	0	0	3	111	538	6	31	19	2	13	78	0	0	0	18	1	0	28	21	76	123	3	1	425	0	0	30	0	7	1	0	0	8	16	203	508	37
0	0	0	0	0	0	0	0	0	0	0	0	0	0	0	0	0	0	0	0	0	0	0	0	0	0	0	0	0	0	0	0	0	0	0	0	0	0	0	0	0	0	0	0	0	0	0	0	0	0	0	0	0	0	0	0	0	0	0	0	0	0	0	0	0	0	0	0	0	0	0	0	0	0
7	67	33	0	512	0	0	0	0	0	89	0	100	32	0	0	1	0	0	0	4	0	0	0	0	0	0	0	0	0	2	0	0	9	1	0	0	0	0	0	1	0	0	0	0	0	0	0	0	0	0	0	0	0	0	0	0	2	0	65	0	30	0	0	0	0	0	0	0	0	0	0	332	0
0	0	0	0	0	0	0	0	0	0	0	0	0	0	0	0	0	0	0	0	0	0	0	0	0	0	0	0	0	0	0	0	0	0	0	0	0	0	0	0	0	0	0	0	0	0	0	0	0	0	0	0	0	0	0	0	0	0	0	0	0	0	0	0	0	0	0	0	0	0	0	0	0	0
0	0	167	2	8	0	14	0	0	300	1	0	1	14	26	0	1	4	0	2	0	0	0	0	0	2	477	0	0	0	0	0	1	0	2	0	0	0	0	1	380	1	0	18	0	0	0	103	0	0	1	0	0	0	0	0	31	0	0	0	0	7	0	0	0	0	0	0	0	0	0	4	5	0
168	0	0	3	1	0	0	0	0	0	0	0	2	0	1	0	306	2	0	0	8	35	0	10	1	169	0	0	345	0	219	0	5	38	47	0	0	0	0	0	1	0	1	0	61	0	0	0	0	0	66	170	10	0	37	1	12	604	560	202	0	1	0	0	0	0	0	0	0	0	0	0	1	0
0	0	0	0	0	0	0	0	0	0	0	0	0	0	0	0	0	0	0	0	0	0	0	0	0	0	0	0	0	0	0	0	0	0	0	0	0	0	0	0	0	0	0	0	0	0	0	0	0	0	0	0	0	0	0	0	0	0	0	0	0	0	0	0	0	0	0	0	0	0	0	0	0	0
0	0	0	0	0	0	0	0	0	0	0	0	0	0	0	0	0	0	0	0	0	0	0	0	0	0	0	0	0	0	0	0	0	0	0	0	0	0	0	0	0	0	0	0	0	0	0	0	0	0	0	0	0	0	0	0	0	0	0	0	0	0	0	0	0	0	0	0	0	0	0	0	0	0
0	1	145	4	5	0	0	1	2	388	0	0	23	1	100	0	11	8	42	69	0	2	0	38	2	4	1	0	6	0	161	0	4	3	6	0	0	0	0	6	0	1	0	9	69	0	0	16	0	0	132	11	161	0	3	369	369	12	332	28	0	8	0	0	0	0	0	0	0	0	5	3	2	3
50	33	1	56	3	0	0	0	0	2	23	0	448	1	5	0	214	5	0	300	130	6	0	22	1	145	0	0	75	0	2	0	10	124	11	0	0	0	0	64	2	0	0	0	21	0	0	0	0	0	12	65	0	0	2	2	13	225	50	308	0	16	0	0	0	0	0	0	0	5	0	0	8	0
13	0	21	2	278	0	0	0	0	22	114	0	224	107	1	0	15	57	0	88	14	2	0	6	0	40	2	0	28	0	12	0	3	119	1	0	3	0	0	14	3	0	12	0	1	0	0	0	0	0	0	59	1	0	3	5	11	20	10	95	0	203	0	0	0	4	0	0	0	3	0	0	141	0
0	2	29	0	1300	0	14	0	11	37	546	0	7	49	0	93	3	22	1	17	28	0	0	0	0	1	1	0	2	0	2	0	63	638	2	0	0	0	0	1	54	61	0	13	1	191	0	2	0	16	0	0	0	0	9	0	21	12	28	0	40	508	0	332	0	5	1	0	0	2	8	141	0	1
3	1	10	0	0	0	0	0	0	0	0	0	10	0	2	0	62	7	0	17	21	6	0	2	0	5	0	0	12	0	219	0	6	0	6	0	0	0	0	0	3	0	1	0	29	0	0	0	0	0	66	15	68	0	8	1	127	426	0	0	0	37	0	0	0	0	0	0	0	3	0	0	1	0
