0	14	0	0	0	0	0	0	0	0	0	0	0	0	0	6	0	0	0	0	6	13	0	0	0	3	0	0	0	0	0	0	4	6	76	5	0	0	0	14	1	0	0	0	83	1	0	0	0	0	0	32	13	0	130	0	1	1	0	0	0	0	0	0	0	0	45	170	0	0	3	0	0	11
14	6	9	0	283	0	8	243	0	1	4	0	555	8	4	97	202	0	13	3	147	109	0	3	1	116	0	0	95	0	0	0	267	210	205	1	0	0	0	586	32	7	0	0	28	156	5	0	0	0	0	321	63	0	38	1	12	15	43	0	16	26	0	84	0	1	0	56	1	0	284	112	252	21
0	9	0	1	215	0	5	17	0	604	61	0	46	455	428	74	13	18	10	28	5	0	25	0	0	14	687	0	64	0	40	0	122	12	45	274	0	0	0	42	348	142	0	276	1	2	111	351	0	0	0	28	1	0	11	2	427	3	18	0	169	243	0	25	0	248	0	4	7	137	23	103	46	0
0	0	1	0	4	0	0	0	0	3	0	0	0	0	4	0	0	1	0	0	0	0	0	0	0	0	96	0	0	0	0	0	1	0	6	0	0	0	0	0	1	0	0	0	0	0	0	0	0	0	0	0	0	0	1	1	0	0	0	0	0	0	0	0	0	0	0	0	0	0	8	0	3	1
0	283	215	4	0	0	0	2	0	30	402	0	470	233	21	194	19	58	0	2	6	0	19	0	0	3	20	0	0	0	13	0	47	417	1	16	0	0	0	299	99	274	0	3	1	5	18	0	0	0	0	0	1	0	10	1	27	59	0	0	68	1180	0	279	0	0	2	2	199	0	29	250	1348	0
0	0	0	0	0	0	0	0	0	0	0	0	0	0	0	0	0	0	0	0	0	0	0	0	0	0	0	0	0	0	0	0	0	0	0	0	0	0	0	0	0	0	0	0	0	0	0	0	0	0	0	0	0	0	0	0	0	0	0	0	0	0	0	0	0	0	0	0	0	0	0	0	0	0
0	8	5	0	0	0	0	0	0	1	0	0	0	0	5	0	29	43	0	0	9	0	0	10	1	4	5	0	1	0	1	0	4	0	1	0	0	0	0	1	50	20	0	33	9	0	0	0	0	0	0	64	10	0	0	0	2	32	0	0	0	4	0	0	0	0	0	0	0	0	0	0	3	0
0	243	17	0	2	0	0	0	0	0	3	0	600	0	1	0	212	1	0	2	45	1	0	14	1	62	7	0	44	0	3	0	36	0	0	0	0	0	0	21	3	0	0	0	4	0	0	0	0	0	0	32	0	0	0	2	2	11	54	0	0	1	0	0	0	0	0	0	0	1	162	0	0	0
0	0	0	0	0	0	0	0	0	0	0	0	0	0	0	0	0	0	0	0	0	0	0	0	0	0	0	0	0	0	0	0	0	0	0	0	0	0	0	0	0	0	0	0	0	0	0	0	0	1	0	0	0	0	0	0	0	0	0	0	0	0	0	0	0	0	0	0	0	0	0	0	0	0
0	1	604	3	30	0	1	0	0	0	0	0	1	28	741	20	1	36	229	169	0	0	30	2	0	0	6	0	5	0	59	0	4	0	4	447	0	0	0	3	265	390	0	694	5	4	6	646	0	0	50	1	120	0	0	0	718	0	0	0	27	164	0	0	0	339	1	16	9	434	0	54	0	0
0	4	61	0	402	0	0	3	0	0	0	0	23	315	4	134	9	21	3	30	2	4	0	0	0	3	5	0	5	0	18	0	3	16	26	12	0	0	0	28	16	253	0	13	0	0	10	5	0	0	0	89	0	0	1	0	44	115	0	0	77	405	0	38	0	12	26	5	121	0	44	31	557	0
0	0	0	0	0	0	0	0	0	0	0	0	0	0	0	0	0	0	0	0	0	0	0	0	0	0	0	0	0	0	0	0	0	0	0	0	0	0	0	0	0	0	0	0	0	0	0	0	0	0	0	0	0	0	0	0	0	0	0	0	0	0	0	0	0	0	0	0	0	0	0	0	0	0
0	555	46	0	470	0	0	600	0	1	23	0	0	5	4	103	323	12	116	4	198	75	11	5	0	18	1	0	20	0	2	0	600	761	115	2	0	0	0	1021	70	17	0	2	1	264	1	1	0	0	0	12	8	0	10	4	42	19	139	0	4	27	0	30	0	1	24	61	6	3	664	267	45	10
0	8	455	0	233	0	0	0	0	28	315	0	5	0	34	40	2	8	0	1	0	0	10	0	0	1	61	0	0	0	26	0	9	2	4	30	0	0	0	1	53	251	0	40	1	0	247	41	0	0	0	3	0	0	1	44	51	10	0	0	536	1510	0	95	0	8	1	0	133	0	2	315	79	0
0	4	428	4	21	0	5	1	0	741	4	0	4	34	0	14	1	52	248	3	2	0	1	0	0	1	0	0	1	0	5	0	4	0	4	570	0	0	0	2	159	620	0	706	0	11	4	631	0	0	0	3	17	0	1	0	427	23	3	0	21	56	0	0	0	339	37	0	6	87	1	14	11	3
6	97	74	0	194	0	0	0	0	20	134	0	103	40	14	0	19	9	0	3	0	0	0	0	0	33	5	0	3	0	30	0	10	10	2	0	0	0	0	1	2	6	0	0	15	0	0	0	0	0	0	38	11	0	7	0	3	6	4	0	0	265	0	0	0	0	0	0	5	0	0	0	279	0
0	202	13	0	19	0	29	212	0	1	9	0	323	2	1	19	0	7	160	4	922	222	3	64	21	673	1	0	57	0	30	0	566	171	116	0	0	0	0	842	44	0	0	1	41	20	0	0	0	0	2	932	239	0	266	5	33	121	1	0	10	2	0	0	0	1	109	256	1	16	81	12	2	4
0	0	18	1	58	0	43	1	0	36	21	0	12	8	52	9	7	0	1	2	2	0	21	0	0	2	4	0	0	0	18	0	25	0	0	40	0	0	0	1	140	18	0	117	1	0	24	63	0	896	4	19	107	0	0	0	26	25	0	0	64	256	0	0	0	2	7	10	77	1	2	41	65	4
0	13	10	0	0	0	0	0	0	229	3	0	116	0	248	0	160	1	0	184	28	6	0	14	0	183	0	0	195	0	69	0	6	0	0	0	0	0	0	10	0	15	0	0	9	0	0	0	0	0	61	50	1	0	3	36	69	19	276	0	0	0	0	0	0	0	0	0	0	5	20	0	1	0
0	3	28	0	2	0	0	2	0	169	30	0	4	1	3	3	4	2	184	0	2	3	164	284	190	20	0	0	41	0	38	0	14	0	10	4	0	0	0	28	2	26	0	0	28	0	1	129	0	0	34	26	173	0	35	307	417	2	6	0	7	41	0	0	0	21	1	0	0	39	52	2	4	10
6	147	5	0	6	0	9	45	0	0	2	0	198	0	2	0	922	2	28	2	0	22	2	23	2	765	3	0	8	0	4	0	213	123	62	0	0	0	0	347	22	1	0	0	23	0	0	0	0	0	1	374	156	0	53	1	33	131	0	0	0	1	0	0	0	1	0	84	0	0	129	0	5	1
13	109	0	0	0	0	0	1	0	0	4	0	75	0	0	0	222	0	6	3	22	0	6	769	130	291	3	0	128	0	94	0	5	4	26	0	0	0	0	10	5	0	0	0	105	10	0	0	0	0	43	247	151	0	461	30	4	176	40	0	9	1	0	0	0	0	65	15	0	2	1	3	2	8
0	0	25	0	19	0	0	0	0	30	0	0	11	10	1	0	3	21	0	164	2	6	0	352	104	1	2	0	4	0	0	0	0	0	1	0	0	0	0	0	21	0	0	0	1	0	0	0	0	0	0	14	0	0	176	240	12	4	0	0	0	57	0	0	0	0	0	0	0	4	0	0	1	0
0	3	0	0	0	0	10	14	0	2	0	0	5	0	0	0	64	0	14	284	23	769	352	0	1475	17	14	0	56	0	24	0	34	22	112	0	0	0	0	68	0	0	0	0	64	2	0	0	0	0	62	20	112	0	801	965	132	9	2	0	2	0	0	0	0	0	20	366	0	3	50	6	1	6
0	1	0	0	0	0	1	1	0	0	0	0	0	0	0	0	21	0	0	190	2	130	104	1475	0	13	4	0	5	0	6	0	2	3	5	0	0	0	0	2	0	0	0	0	10	1	0	0	0	0	5	7	4	0	186	281	14	2	0	0	0	1	0	0	0	0	1	93	0	2	1	0	1	0
3	116	14	0	3	0	4	62	0	0	3	0	18	1	1	33	673	2	183	20	765	291	1	17	13	0	1	0	146	0	9	0	556	89	234	0	0	0	1	720	46	1	0	4	19	84	1	1	0	0	0	701	251	0	307	27	63	79	10	0	2	19	0	0	0	1	306	254	1	0	258	15	2	8
0	0	687	96	20	0	5	7	0	6	5	0	1	61	0	5	1	4	0	0	3	3	2	14	4	1	0	0	2	0	4	0	4	3	8	662	0	0	0	15	695	9	0	3	1	1	23	82	0	0	0	4	3	0	6	0	12	8	0	0	7	25	0	2	0	467	6	6	20	1	12	9	7	1
0	0	0	0	0	0	0	0	0	0	0	0	0	0	0	0	0	0	0	0	0	0	0	0	0	0	0	0	0	0	0	0	0	0	0	0	0	0	0	0	0	0	0	0	0	0	0	0	0	0	0	0	0	0	0	0	0	0	0	0	0	0	0	0	0	0	0	0	0	0	0	0	0	0
0	95	64	0	0	0	1	44	0	5	5	0	20	0	1	3	57	0	195	41	8	128	4	56	5	146	2	0	0	0	1	0	178	10	460	0	0	0	0	404	17	8	0	0	7	43	0	0	0	0	0	133	0	0	45	48	45	436	123	0	0	0	0	0	0	0	324	111	0	6	105	6	0	1
0	0	0	0	0	0	0	0	0	0	0	0	0	0	0	0	0	0	0	0	0	0	0	0	0	0	0	0	0	0	0	0	0	0	0	0	0	0	0	0	0	0	0	0	0	0	0	0	0	0	0	0	0	0	0	0	0	0	0	0	0	0	0	0	0	0	0	0	0	0	0	0	0	0
0	0	40	0	13	0	1	3	0	59	18	0	2	26	5	30	30	18	69	38	4	94	0	24	6	9	4	0	1	0	0	0	1	18	5	14	0	0	0	3	11	62	0	160	133	15	124	42	0	0	723	17	126	0	161	0	152	40	8	0	8	50	0	31	0	0	244	12	10	103	3	9	2	202
0	0	0	0	0	0	0	0	0	0	0	0	0	0	0	0	0	0	0	0	0	0	0	0	0	0	0	0	0	0	0	0	0	0	0	0	0	0	0	0	0	0	0	0	0	0	0	0	0	0	0	0	0	0	0	0	0	0	0	0	0	0	0	0	0	0	0	0	0	0	0	0	0	0
4	267	122	1	47	0	4	36	0	4	3	0	600	9	4	10	566	25	6	14	213	5	0	34	2	556	4	0	178	0	1	0	0	22	75	4	0	0	0	182	29	5	0	0	5	2	0	0	0	0	0	302	145	0	45	14	14	72	22	0	0	61	0	0	0	0	5	21	19	4	226	9	18	0
6	210	12	0	417	0	0	0	0	0	16	0	761	2	0	10	171	0	0	0	123	4	0	22	3	89	3	0	10	0	18	0	22	0	11	0	0	0	0	126	7	0	0	0	18	88	0	0	0	0	9	91	19	0	17	0	6	333	48	0	0	1	0	0	0	0	16	15	0	8	121	1	815	0
76	205	45	6	1	0	1	0	0	4	26	0	115	4	4	2	116	0	0	10	62	26	1	112	5	234	8	0	460	0	5	0	75	11	0	1	0	0	0	33	17	12	0	0	10	9	0	0	0	0	0	287	91	0	41	0	36	422	449	0	0	41	0	0	0	0	7	13	1	5	1	0	2	0
5	1	274	0	16	0	0	0	0	447	12	0	2	30	570	0	0	40	0	4	0	0	0	0	0	0	662	0	0	0	14	0	4	0	1	0	0	0	0	0	51	106	0	4	0	0	0	0	0	0	0	7	5	0	0	0	48	14	2	0	0	11	0	0	0	0	0	0	2	1	0	0	40	0
0	0	0	0	0	0	0	0	0	0	0	0	0	0	0	0	0	0	0	0	0	0	0	0	0	0	0	0	0	0	0	0	0	0	0	0	0	0	0	0	0	0	0	0	0	0	0	0	0	0	0	0	0	0	0	0	0	0	0	0	0	0	0	0	0	0	0	0	0	0	0	0	0	0
0	0	0	0	0	0	0	0	0	0	0	0	0	0	0	0	0	0	0	0	0	0	0	0	0	0	0	0	0	0	0	0	0	0	0	0	0	0	0	0	0	0	0	0	0	0	0	0	0	0	0	0	0	0	0	0	0	0	0	0	0	0	0	0	0	0	0	0	0	0	0	0	0	0
0	0	0	0	0	0	0	0	0	0	0	0	0	0	0	0	0	0	0	0	0	0	0	0	0	1	0	0	0	0	0	0	0	0	0	0	0	0	0	0	0	0	0	0	0	0	0	0	0	0	0	0	0	0	0	0	0	0	0	0	0	0	0	0	0	0	0	0	0	0	0	0	0	0
14	586	42	0	299	0	1	21	0	3	28	0	1021	1	2	1	842	1	10	28	347	10	0	68	2	720	15	0	404	0	3	0	182	126	33	0	0	0	0	0	16	2	0	0	27	9	0	0	0	0	0	470	205	0	29	4	8	107	114	0	0	1	0	0	0	0	0	1	0	10	181	11	9	0
1	32	348	1	99	0	50	3	0	265	16	0	70	53	159	2	44	140	0	2	22	5	21	0	0	46	695	0	17	0	11	0	29	7	17	51	0	0	0	16	0	13	0	110	14	2	1	110	0	0	0	84	34	0	15	1	34	41	18	0	25	265	0	0	0	0	0	6	44	0	3	23	32	3
0	7	142	0	274	0	20	0	0	390	253	0	17	251	620	6	0	18	15	26	1	0	0	0	0	1	9	0	8	0	62	0	5	0	12	106	0	0	0	2	13	0	0	263	0	25	93	89	0	0	0	1	1	0	0	0	94	186	469	0	0	278	0	0	0	5	4	0	37	3	7	9	102	0
0	0	0	0	0	0	0	0	0	0	0	0	0	0	0	0	0	0	0	0	0	0	0	0	0	0	0	0	0	0	0	0	0	0	0	0	0	0	0	0	0	0	0	0	0	0	0	0	0	0	0	0	0	0	0	0	0	0	0	0	0	0	0	0	0	0	0	0	0	0	0	0	0	0
0	0	276	0	3	0	33	0	0	694	13	0	2	40	706	0	1	117	0	0	0	0	0	0	0	4	3	0	0	0	160	0	0	0	0	4	0	0	0	0	110	263	0	0	15	0	1	30	0	0	62	56	9	0	1	0	247	217	1	0	0	146	0	0	0	0	1	0	43	6	0	0	37	1
83	28	1	0	1	0	9	4	0	5	0	0	1	1	0	15	41	1	9	28	23	105	1	64	10	19	1	0	7	0	133	0	5	18	10	0	0	0	0	27	14	0	0	15	0	0	0	0	0	0	12	13	71	0	266	18	205	11	3	0	0	3	0	0	0	0	132	33	1	112	17	9	1	46
1	156	2	0	5	0	0	0	0	4	0	0	264	0	11	0	20	0	0	0	0	10	0	2	1	84	1	0	43	0	15	0	2	88	9	0	0	0	0	9	2	25	0	0	0	0	0	0	0	0	0	20	22	0	11	1	8	164	296	0	0	9	0	0	0	0	0	0	0	10	0	0	23	0
0	5	111	0	18	0	0	0	0	6	10	0	1	247	4	0	0	24	0	1	0	0	0	0	0	1	23	0	0	0	124	0	0	0	0	0	0	0	0	0	1	93	0	1	0	0	0	0	0	0	0	0	0	0	1	2	6	20	366	0	0	16	0	0	0	0	0	0	14	58	0	0	16	0
0	0	351	0	0	0	0	0	0	646	5	0	1	41	631	0	0	63	0	129	0	0	0	0	0	1	82	0	0	0	42	0	0	0	0	0	0	0	0	0	110	89	0	30	0	0	0	0	0	0	5	3	4	0	0	0	292	10	0	0	0	84	0	0	0	0	0	0	0	124	0	0	2	0
0	0	0	0	0	0	0	0	0	0	0	0	0	0	0	0	0	0	0	0	0	0	0	0	0	0	0	0	0	0	0	0	0	0	0	0	0	0	0	0	0	0	0	0	0	0	0	0	0	0	0	0	0	0	0	0	0	0	0	0	0	0	0	0	0	0	0	0	0	0	0	0	0	0
0	0	0	0	0	0	0	0	1	0	0	0	0	0	0	0	0	896	0	0	0	0	0	0	0	0	0	0	0	0	0	0	0	0	0	0	0	0	0	0	0	0	0	0	0	0	0	0	0	0	0	0	0	0	0	0	0	0	0	0	0	1	0	0	0	0	0	0	0	0	0	0	0	0
0	0	0	0	0	0	0	0	0	50	0	0	0	0	0	0	2	4	61	34	1	43	0	62	5	0	0	0	0	0	723	0	0	9	0	0	0	0	0	0	0	0	0	62	12	0	0	5	0	0	0	1	54	0	55	0	100	7	0	0	3	0	0	0	0	0	76	0	0	10	0	0	0	62
32	321	28	0	0	0	64	32	0	1	89	0	12	3	3	38	932	19	50	26	374	247	14	20	7	701	4	0	133	0	17	0	302	91	287	7	0	0	0	470	84	1	0	56	13	20	0	3	0	0	1	0	224	0	233	9	92	431	0	0	1	10	0	0	0	0	638	190	0	1	276	19	1	17
13	63	1	0	1	0	10	0	0	120	0	0	8	0	17	11	239	107	1	173	156	151	0	112	4	251	3	0	0	0	126	0	145	19	91	5	0	0	0	205	34	1	0	9	71	22	0	4	0	0	54	224	0	0	95	2	24	15	0	0	1	11	0	0	0	0	7	25	7	13	37	19	4	4
0	0	0	0	0	0	0	0	0	0	0	0	0	0	0	0	0	0	0	0	0	0	0	0	0	0	0	0	0	0	0	0	0	0	0	0	0	0	0	0	0	0	0	0	0	0	0	0	0	0	0	0	0	0	0	0	0	0	0	0	0	0	0	0	0	0	0	0	0	0	0	0	0	0
130	38	11	1	10	0	0	0	0	0	1	0	10	1	1	7	266	0	3	35	53	461	176	801	186	307	6	0	45	0	161	0	45	17	41	0	0	0	0	29	15	0	0	1	266	11	1	0	0	0	55	233	95	0	0	690	22	30	9	0	1	5	0	0	0	0	113	292	0	4	6	3	7	1
0	1	2	1	1	0	0	2	0	0	0	0	4	44	0	0	5	0	36	307	1	30	240	965	281	27	0	0	48	0	0	0	14	0	0	0	0	0	0	4	1	0	0	0	18	1	2	0	0	0	0	9	2	0	690	0	484	0	24	0	5	1	0	0	0	0	0	19	0	485	5	2	2	0
1	12	427	0	27	0	2	2	0	718	44	0	42	51	427	3	33	26	69	417	33	4	12	132	14	63	12	0	45	0	152	0	14	6	36	48	0	0	0	8	34	94	0	247	205	8	6	292	0	0	100	92	24	0	22	484	0	81	114	0	1	149	0	1	0	63	16	0	9	267	22	18	19	76
1	15	3	0	59	0	32	11	0	0	115	0	19	10	23	6	121	25	19	2	131	176	4	9	2	79	8	0	436	0	40	0	72	333	422	14	0	0	0	107	41	186	0	217	11	164	20	10	0	0	7	431	15	0	30	0	81	0	275	0	10	42	0	0	0	0	405	89	66	7	190	43	19	167
0	43	18	0	0	0	0	54	0	0	0	0	139	0	3	4	1	0	276	6	0	40	0	2	0	10	0	0	123	0	8	0	22	48	449	2	0	0	0	114	18	469	0	1	3	296	366	0	0	0	0	0	0	0	9	24	114	275	0	0	0	2	0	0	0	0	768	0	16	560	122	44	0	0
0	0	0	0	0	0	0	0	0	0	0	0	0	0	0	0	0	0	0	0	0	0	0	0	0	0	0	0	0	0	0	0	0	0	0	0	0	0	0	0	0	0	0	0	0	0	0	0	0	0	0	0	0	0	0	0	0	0	0	0	0	0	0	0	0	0	0	0	0	0	0	0	0	0
0	16	169	0	68	0	0	0	0	27	77	0	4	536	21	0	10	64	0	7	0	9	0	2	0	2	7	0	0	0	8	0	0	0	0	0	0	0	0	0	25	0	0	0	0	0	0	0	0	0	3	1	1	0	1	5	1	10	0	0	0	436	0	0	0	0	0	0	19	0	0	0	149	0
0	26	243	0	1180	0	4	1	0	164	405	0	27	1510	56	265	2	256	0	41	1	1	57	0	1	19	25	0	0	0	50	0	61	1	41	11	0	0	0	1	265	278	0	146	3	9	16	84	0	1	0	10	11	0	5	1	149	42	2	0	436	0	0	9	0	3	0	0	261	1	4	313	724	61
0	0	0	0	0	0	0	0	0	0	0	0	0	0	0	0	0	0	0	0	0	0	0	0	0	0	0	0	0	0	0	0	0	0	0	0	0	0	0	0	0	0	0	0	0	0	0	0	0	0	0	0	0	0	0	0	0	0	0	0	0	0	0	0	0	0	0	0	0	0	0	0	0	0
0	84	25	0	279	0	0	0	0	0	38	0	30	95	0	0	0	0	0	0	0	0	0	0	0	0	2	0	0	0	31	0	0	0	0	0	0	0	0	0	0	0	0	0	0	0	0	0	0	0	0	0	0	0	0	0	1	0	0	0	0	9	0	0	0	0	0	0	0	0	0	0	220	0
0	0	0	0	0	0	0	0	0	0	0	0	0	0	0	0	0	0	0	0	0	0	0	0	0	0	0	0	0	0	0	0	0	0	0	0	0	0	0	0	0	0	0	0	0	0	0	0	0	0	0	0	0	0	0	0	0	0	0	0	0	0	0	0	0	0	0	0	0	0	0	0	0	0
0	1	248	0	0	0	0	0	0	339	12	0	1	8	339	0	1	2	0	21	1	0	0	0	0	1	467	0	0	0	0	0	0	0	0	0	0	0	0	0	0	5	0	0	0	0	0	0	0	0	0	0	0	0	0	0	63	0	0	0	0	3	0	0	0	0	0	0	0	0	0	0	4	0
45	0	0	0	2	0	0	0	0	1	26	0	24	1	37	0	109	7	0	1	0	65	0	20	1	306	6	0	324	0	244	0	5	16	7	0	0	0	0	0	0	4	0	1	132	0	0	0	0	0	76	638	7	0	113	0	16	405	768	0	0	0	0	0	0	0	0	0	4	6	0	0	3	0
170	56	4	0	2	0	0	0	0	16	5	0	61	0	0	0	256	10	0	0	84	15	0	366	93	254	6	0	111	0	12	0	21	15	13	0	0	0	0	1	6	0	0	0	33	0	0	0	0	0	0	190	25	0	292	19	0	89	0	0	0	0	0	0	0	0	0	0	0	2	0	0	7	0
0	1	7	0	199	0	0	0	0	9	121	0	6	133	6	5	1	77	0	0	0	0	0	0	0	1	20	0	0	0	10	0	19	0	1	2	0	0	0	0	44	37	0	43	1	0	14	0	0	0	0	0	7	0	0	0	9	66	16	0	19	261	0	0	0	0	4	0	0	0	1	6	210	0
0	0	137	0	0	0	0	1	0	434	0	0	3	0	87	0	16	1	5	39	0	2	4	3	2	0	1	0	6	0	103	0	4	8	5	1	0	0	0	10	0	3	0	6	112	10	58	124	0	0	10	1	13	0	4	485	267	7	560	0	0	1	0	0	0	0	6	2	0	0	13	2	0	40
3	284	23	8	29	0	0	162	0	0	44	0	664	2	1	0	81	2	20	52	129	1	0	50	1	258	12	0	105	0	3	0	226	121	1	0	0	0	0	181	3	7	0	0	17	0	0	0	0	0	0	276	37	0	6	5	22	190	122	0	0	4	0	0	0	0	0	0	1	13	0	1	1	0
0	112	103	0	250	0	0	0	0	54	31	0	267	315	14	0	12	41	0	2	0	3	0	6	0	15	9	0	6	0	9	0	9	1	0	0	0	0	0	11	23	9	0	0	9	0	0	0	0	0	0	19	19	0	3	2	18	43	44	0	0	313	0	0	0	0	0	0	6	2	1	0	131	0
0	252	46	3	1348	0	3	0	0	0	557	0	45	79	11	279	2	65	1	4	5	2	1	1	1	2	7	0	0	0	2	0	18	815	2	40	0	0	0	9	32	102	0	37	1	23	16	2	0	0	0	1	4	0	7	2	19	19	0	0	149	724	0	220	0	4	3	7	210	0	1	131	0	0
11	21	0	1	0	0	0	0	0	0	0	0	10	0	3	0	4	4	0	10	1	8	0	6	0	8	1	0	1	0	202	0	0	0	0	0	0	0	0	0	3	0	0	1	46	0	0	0	0	0	62	17	4	0	1	0	76	167	0	0	0	61	0	0	0	0	0	0	0	40	0	0	0	0
