0	14	0	0	0	0	0	0	0	0	0	0	0	0	0	6	3	0	3	0	6	38	7	123	51	4	0	0	0	0	8	0	4	7	76	5	0	0	0	14	1	0	0	0	164	1	0	0	0	0	1	239	13	0	203	0	1	4	0	0	0	0	0	0	0	0	46	319	0	0	3	0	0	11
14	6	6	0	312	0	8	286	0	2	57	0	749	4	4	127	378	0	13	20	204	122	0	3	1	141	0	0	95	0	2	0	355	273	206	2	0	0	0	638	39	7	0	0	38	181	1	0	0	0	0	321	63	0	52	3	61	58	47	0	6	18	0	119	0	1	0	81	1	0	459	117	361	21
0	6	0	1	120	0	5	17	0	699	65	0	43	397	378	74	13	19	10	28	5	0	25	0	0	14	626	0	63	0	35	0	122	12	45	218	0	0	0	42	328	141	0	213	1	2	97	284	0	0	0	28	8	0	11	3	385	1	18	0	162	270	0	21	0	179	0	4	7	82	23	55	36	0
0	0	1	0	4	0	0	0	0	3	0	0	0	0	4	0	0	1	0	0	0	0	0	0	0	0	96	0	0	0	0	0	1	1	6	0	0	0	0	0	1	0	0	0	0	0	0	0	0	0	0	0	0	0	1	1	0	0	0	0	0	0	0	0	0	0	0	0	0	0	0	0	3	1
0	312	120	4	0	0	0	2	0	35	588	0	498	153	1	194	18	58	0	2	7	0	19	0	0	3	20	0	0	0	12	0	45	354	1	12	0	0	0	298	40	254	0	30	1	3	14	0	0	0	0	0	1	0	10	2	17	35	4	0	54	1373	0	273	0	0	1	2	193	3	28	165	1287	0
0	0	0	0	0	0	0	0	0	0	0	0	0	0	0	0	0	0	0	0	0	0	0	0	0	0	0	0	0	0	0	0	0	0	0	0	0	0	0	0	0	0	0	0	0	0	0	0	0	0	0	0	0	0	0	0	0	0	0	0	0	0	0	0	0	0	0	0	0	0	0	0	0	0
0	8	5	0	0	0	0	0	0	1	0	0	0	0	5	0	29	43	0	0	9	0	0	10	1	4	5	0	1	0	1	0	4	0	1	0	0	0	0	1	72	20	0	33	8	0	0	0	0	0	0	63	10	0	0	0	2	14	0	0	0	4	0	0	0	0	0	0	0	0	0	0	3	0
0	286	17	0	2	0	0	0	0	0	3	0	611	1	1	0	216	1	0	8	82	0	0	14	1	61	7	0	40	0	3	0	42	0	10	0	0	0	0	19	3	0	0	0	4	0	0	0	0	0	0	31	0	0	0	3	3	20	64	0	0	1	0	0	0	0	0	0	0	1	162	0	0	0
0	0	0	0	0	0	0	0	0	0	0	0	0	0	0	0	0	0	0	0	0	0	0	0	0	0	0	0	0	0	0	0	0	0	0	0	0	0	0	0	0	0	0	0	0	0	0	0	0	3	0	0	0	0	0	0	0	0	0	0	0	0	0	0	0	0	0	0	0	0	0	0	0	0
0	2	699	3	35	0	1	0	0	0	11	0	1	33	911	20	0	37	277	241	0	0	30	3	0	1	9	0	0	0	98	0	5	0	4	471	0	0	0	1	330	423	0	716	5	4	6	768	0	0	50	1	291	0	0	0	817	4	0	0	27	178	0	0	0	338	1	16	9	451	0	55	2	0
0	57	65	0	588	0	0	3	0	11	0	0	23	497	6	174	10	36	3	32	2	4	0	0	0	3	5	0	5	0	18	0	5	29	26	21	0	0	0	28	44	388	0	137	0	0	10	5	0	0	0	89	0	0	1	0	55	117	0	0	104	827	0	84	0	12	27	5	170	14	44	170	714	0
0	0	0	0	0	0	0	0	0	0	0	0	0	0	0	0	0	0	0	0	0	0	0	0	0	0	0	0	0	0	0	0	0	0	0	0	0	0	0	0	0	0	0	0	0	0	0	0	0	0	0	0	0	0	0	0	0	0	0	0	0	0	0	0	0	0	0	0	0	0	0	0	0	0
0	749	43	0	498	0	0	611	0	1	23	0	0	3	4	105	422	12	32	9	193	78	11	5	0	20	1	0	20	0	4	0	658	734	117	1	0	0	0	980	68	15	0	2	1	226	0	1	0	0	0	10	8	0	8	4	36	24	146	0	2	27	0	30	0	1	22	61	6	4	703	365	45	10
0	4	397	0	153	0	0	1	0	33	497	0	3	0	27	40	2	8	0	1	1	0	10	0	0	0	61	0	0	0	26	0	9	2	5	33	0	0	0	1	53	276	0	135	1	1	241	43	0	0	0	3	0	0	0	44	52	9	25	0	456	1697	0	102	0	3	1	1	135	2	3	169	91	0
0	4	378	4	1	0	5	1	0	911	6	0	4	27	0	20	1	52	260	3	3	0	1	1	0	1	0	0	1	0	5	0	4	0	4	538	0	0	0	2	175	658	0	639	0	1	4	605	0	0	0	3	75	0	1	0	429	71	18	0	19	44	0	0	0	314	37	1	22	31	1	4	12	3
6	127	74	0	194	0	0	0	0	20	174	0	105	40	20	0	19	9	0	3	0	0	0	0	0	33	5	0	3	0	31	0	10	5	2	0	0	0	0	1	2	6	0	3	15	0	0	0	0	0	0	38	11	0	1	0	3	8	4	0	0	298	0	0	0	0	0	0	5	0	0	0	307	0
3	378	13	0	18	0	29	216	0	0	10	0	422	2	1	19	0	7	127	4	993	229	3	65	21	747	1	0	53	0	35	0	637	137	128	0	0	0	0	858	57	2	0	33	52	6	3	0	0	0	1	939	239	0	343	4	37	135	9	0	16	26	0	0	0	1	106	323	1	0	208	24	3	4
0	0	19	1	58	0	43	1	0	37	36	0	12	8	52	9	7	0	1	2	3	0	21	0	0	3	5	0	0	0	19	0	25	0	0	41	0	0	0	1	145	18	0	136	1	0	24	76	0	799	4	19	110	0	0	0	26	28	0	0	64	275	0	0	0	2	7	10	86	1	2	41	73	4
3	13	10	0	0	0	0	0	0	277	3	0	32	0	260	0	127	1	0	184	8	6	0	32	2	123	0	0	119	0	111	0	3	0	6	0	0	0	0	3	1	1	0	0	70	0	0	0	0	0	47	42	88	0	3	238	73	94	590	0	0	0	0	0	0	0	0	0	0	1	20	0	0	0
0	20	28	0	2	0	0	8	0	241	32	0	9	1	3	3	4	2	184	0	5	3	164	458	260	20	0	0	41	0	53	0	16	0	13	4	0	0	0	31	2	26	0	0	43	0	2	129	0	0	34	26	279	0	36	500	434	4	23	0	7	41	0	0	0	21	1	1	1	41	56	4	5	10
6	204	5	0	7	0	9	82	0	0	2	0	193	1	3	0	993	3	8	5	0	22	2	23	2	788	3	0	8	0	6	0	252	115	105	0	0	0	0	324	50	1	0	0	23	0	8	0	0	0	0	374	156	0	73	27	36	136	0	0	0	1	0	0	0	1	0	94	0	1	204	23	6	1
38	122	0	0	0	0	0	0	0	0	4	0	78	0	0	0	229	0	6	3	22	0	6	734	130	270	3	0	102	0	113	0	6	4	28	0	0	0	0	10	5	0	0	0	128	10	0	0	0	0	39	272	151	0	385	30	5	213	88	0	9	1	0	0	0	0	64	18	0	2	1	3	4	9
7	0	25	0	19	0	0	0	0	30	0	0	11	10	1	0	3	21	0	164	2	6	0	660	176	1	2	0	4	0	0	0	0	0	1	0	0	0	0	0	21	0	0	0	1	0	0	0	0	0	0	90	14	0	227	492	12	4	0	0	0	57	0	0	0	0	0	0	0	4	0	0	1	0
123	3	0	0	0	0	10	14	0	3	0	0	5	0	1	0	65	0	32	458	23	734	660	0	1391	16	14	0	36	0	131	0	23	22	74	0	0	0	0	68	0	0	0	0	234	20	0	0	0	0	60	522	325	0	997	1289	158	4	2	0	2	0	0	0	0	0	16	610	0	3	50	6	1	6
51	1	0	0	0	0	1	1	0	0	0	0	0	0	0	0	21	0	2	260	2	130	176	1391	0	13	5	0	5	0	12	0	3	3	5	0	0	0	0	2	0	0	0	0	15	1	0	0	0	0	5	130	110	0	309	504	26	2	1	0	0	2	0	0	0	0	2	143	0	2	1	0	1	1
4	141	14	0	3	0	4	61	0	1	3	0	20	0	1	33	747	3	123	20	788	270	1	16	13	0	1	0	118	0	6	0	576	85	208	0	0	0	1	689	54	1	0	3	24	74	1	1	0	0	0	667	251	0	324	27	53	77	19	0	2	19	0	0	0	1	289	294	1	0	308	15	2	7
0	0	626	96	20	0	5	7	0	9	5	0	1	61	0	5	1	5	0	0	3	3	2	14	5	1	0	0	2	0	4	0	4	3	8	640	0	0	0	15	726	8	0	2	1	0	28	80	0	0	0	4	3	0	6	0	12	8	0	0	7	26	0	2	0	352	6	6	20	1	12	9	7	1
0	0	0	0	0	0	0	0	0	0	0	0	0	0	0	0	0	0	0	0	0	0	0	0	0	0	0	0	0	0	0	0	0	0	0	0	0	0	0	0	0	0	0	0	0	0	0	0	0	0	0	0	0	0	0	0	0	0	0	0	0	0	0	0	0	0	0	0	0	0	0	0	0	0
0	95	63	0	0	0	1	40	0	0	5	0	20	0	1	3	53	0	119	41	8	102	4	36	5	118	2	0	0	0	1	0	148	10	362	0	0	0	0	295	17	7	0	0	7	26	0	0	0	0	0	130	0	0	42	46	39	315	123	0	0	0	0	0	0	0	238	111	0	1	51	5	0	1
0	0	0	0	0	0	0	0	0	0	0	0	0	0	0	0	0	0	0	0	0	0	0	0	0	0	0	0	0	0	0	0	0	0	0	0	0	0	0	0	0	0	0	0	0	0	0	0	0	0	0	0	0	0	0	0	0	0	0	0	0	0	0	0	0	0	0	0	0	0	0	0	0	0
8	2	35	0	12	0	1	3	0	98	18	0	4	26	5	31	35	19	111	53	6	113	0	131	12	6	4	0	1	0	0	0	2	22	4	13	0	0	0	6	11	46	0	155	406	15	91	43	0	0	683	15	293	0	180	0	206	67	8	0	8	50	0	16	0	0	226	14	10	105	3	9	2	220
0	0	0	0	0	0	0	0	0	0	0	0	0	0	0	0	0	0	0	0	0	0	0	0	0	0	0	0	0	0	0	0	0	0	0	0	0	0	0	0	0	0	0	0	0	0	0	0	0	0	0	0	0	0	0	0	0	0	0	0	0	0	0	0	0	0	0	0	0	0	0	0	0	0
4	355	122	1	45	0	4	42	0	5	5	0	658	9	4	10	637	25	3	16	252	6	0	23	3	576	4	0	148	0	2	0	0	12	88	4	0	0	0	172	34	4	0	0	9	5	0	0	0	0	0	298	145	0	44	11	12	102	35	0	0	62	0	0	0	0	4	24	19	0	235	15	19	0
7	273	12	1	354	0	0	0	0	0	29	0	734	2	0	5	137	0	0	0	115	4	0	22	3	85	3	0	10	0	22	0	12	0	11	0	0	0	0	31	10	0	0	0	18	6	0	0	0	0	9	80	19	0	15	0	7	330	50	0	0	2	0	0	0	0	7	15	0	0	18	0	696	0
76	206	45	6	1	0	1	10	0	4	26	0	117	5	4	2	128	0	6	13	105	28	1	74	5	208	8	0	362	0	4	0	88	11	0	2	0	0	0	35	27	12	0	0	10	15	0	0	0	0	0	284	91	0	41	0	39	384	450	0	0	41	0	0	0	0	8	13	1	0	13	6	3	0
5	2	218	0	12	0	0	0	0	471	21	0	1	33	538	0	0	41	0	4	0	0	0	0	0	0	640	0	0	0	13	0	4	0	2	0	0	0	0	0	133	96	0	20	0	0	0	0	0	0	0	7	5	0	0	1	36	2	2	0	0	21	0	0	0	0	0	0	2	1	0	0	38	0
0	0	0	0	0	0	0	0	0	0	0	0	0	0	0	0	0	0	0	0	0	0	0	0	0	0	0	0	0	0	0	0	0	0	0	0	0	0	0	0	0	0	0	0	0	0	0	0	0	0	0	0	0	0	0	0	0	0	0	0	0	0	0	0	0	0	0	0	0	0	0	0	0	0
0	0	0	0	0	0	0	0	0	0	0	0	0	0	0	0	0	0	0	0	0	0	0	0	0	0	0	0	0	0	0	0	0	0	0	0	0	0	0	0	0	0	0	0	0	0	0	0	0	0	0	0	0	0	0	0	0	0	0	0	0	0	0	0	0	0	0	0	0	0	0	0	0	0
0	0	0	0	0	0	0	0	0	0	0	0	0	0	0	0	0	0	0	0	0	0	0	0	0	1	0	0	0	0	0	0	0	0	0	0	0	0	0	0	0	0	0	0	0	0	0	0	0	0	0	0	0	0	0	0	0	0	0	0	0	0	0	0	0	0	0	0	0	0	0	0	0	0
14	638	42	0	298	0	1	19	0	1	28	0	980	1	2	1	858	1	3	31	324	10	0	68	2	689	15	0	295	0	6	0	172	31	35	0	0	0	0	0	23	4	0	0	31	6	0	0	0	0	0	450	205	0	26	4	8	108	198	0	0	1	0	0	0	0	0	1	0	0	177	12	10	0
1	39	328	1	40	0	72	3	0	330	44	0	68	53	175	2	57	145	1	2	50	5	21	0	0	54	726	0	17	0	11	0	34	10	27	133	0	0	0	23	0	4	0	242	13	2	1	265	0	0	0	84	49	0	18	10	35	18	19	0	25	285	0	0	0	0	0	12	48	1	7	24	21	3
0	7	141	0	254	0	20	0	0	423	388	0	15	276	658	6	2	18	1	26	1	0	0	0	0	1	8	0	7	0	46	0	4	0	12	96	0	0	0	4	4	0	0	204	0	0	93	77	0	0	0	1	1	0	1	0	47	286	800	0	0	341	0	0	0	1	3	0	37	3	1	6	91	0
0	0	0	0	0	0	0	0	0	0	0	0	0	0	0	0	0	0	0	0	0	0	0	0	0	0	0	0	0	0	0	0	0	0	0	0	0	0	0	0	0	0	0	0	0	0	0	0	0	0	0	0	0	0	0	0	0	0	0	0	0	0	0	0	0	0	0	0	0	0	0	0	0	0
0	0	213	0	30	0	33	0	0	716	137	0	2	135	639	3	33	136	0	0	0	0	0	0	0	3	2	0	0	0	155	0	0	0	0	20	0	0	0	0	242	204	0	0	13	0	1	65	0	0	41	56	9	0	1	0	156	174	3	0	0	373	0	0	0	0	2	0	48	0	0	37	50	1
164	38	1	0	1	0	8	4	0	5	0	0	1	1	0	15	52	1	70	43	23	128	1	234	15	24	1	0	7	0	406	0	9	18	10	0	0	0	0	31	13	0	0	13	0	0	0	0	0	0	13	37	132	0	253	16	229	23	3	0	1	3	0	0	0	0	124	37	1	102	17	8	1	47
1	181	2	0	3	0	0	0	0	4	0	0	226	1	1	0	6	0	0	0	0	10	0	20	1	74	0	0	26	0	15	0	5	6	15	0	0	0	0	6	2	0	0	0	0	0	0	0	0	0	0	20	22	0	11	1	9	125	372	0	0	6	0	0	0	0	0	0	0	3	0	0	20	0
0	1	97	0	14	0	0	0	0	6	10	0	0	241	4	0	3	24	0	2	8	0	0	0	0	1	28	0	0	0	91	0	0	0	0	0	0	0	0	0	1	93	0	1	0	0	0	0	0	0	0	0	0	0	1	2	9	21	566	0	0	16	0	0	0	0	0	0	14	58	0	0	5	0
0	0	284	0	0	0	0	0	0	768	5	0	1	43	605	0	0	76	0	129	0	0	0	0	0	1	80	0	0	0	43	0	0	0	0	0	0	0	0	0	265	77	0	65	0	0	0	0	0	0	4	3	48	0	0	0	202	15	2	0	0	88	0	0	0	0	0	0	0	109	0	0	4	0
0	0	0	0	0	0	0	0	0	0	0	0	0	0	0	0	0	0	0	0	0	0	0	0	0	0	0	0	0	0	0	0	0	0	0	0	0	0	0	0	0	0	0	0	0	0	0	0	0	0	0	0	0	0	0	0	0	0	0	0	0	0	0	0	0	0	0	0	0	0	0	0	0	0
0	0	0	0	0	0	0	0	3	0	0	0	0	0	0	0	0	799	0	0	0	0	0	0	0	0	0	0	0	0	0	0	0	0	0	0	0	0	0	0	0	0	0	0	0	0	0	0	0	0	0	0	0	0	0	0	0	0	0	0	0	1	0	0	0	0	0	0	0	0	0	0	0	0
1	0	0	0	0	0	0	0	0	50	0	0	0	0	0	0	1	4	47	34	0	39	0	60	5	0	0	0	0	0	683	0	0	9	0	0	0	0	0	0	0	0	0	41	13	0	0	4	0	0	0	1	54	0	53	0	100	5	0	0	3	0	0	0	0	0	58	0	0	9	0	0	0	48
239	321	28	0	0	0	63	31	0	1	89	0	10	3	3	38	939	19	42	26	374	272	90	522	130	667	4	0	130	0	15	0	298	80	284	7	0	0	0	450	84	1	0	56	37	20	0	3	0	0	1	0	225	0	383	47	64	422	0	0	1	10	0	0	0	0	562	384	0	1	230	19	1	17
13	63	8	0	1	0	10	0	0	291	0	0	8	0	75	11	239	110	88	279	156	151	14	325	110	251	3	0	0	0	293	0	145	19	91	5	0	0	0	205	49	1	0	9	132	22	0	48	0	0	54	225	0	0	157	26	111	187	1	0	1	11	0	0	0	0	8	25	7	39	37	19	4	106
0	0	0	0	0	0	0	0	0	0	0	0	0	0	0	0	0	0	0	0	0	0	0	0	0	0	0	0	0	0	0	0	0	0	0	0	0	0	0	0	0	0	0	0	0	0	0	0	0	0	0	0	0	0	0	0	0	0	0	0	0	0	0	0	0	0	0	0	0	0	0	0	0	0
203	52	11	1	10	0	0	0	0	0	1	0	8	0	1	1	343	0	3	36	73	385	227	997	309	324	6	0	42	0	180	0	44	15	41	0	0	0	0	26	18	1	0	1	253	11	1	0	0	0	53	383	157	0	0	600	23	51	14	0	2	4	0	0	0	0	43	372	0	2	6	3	7	1
0	3	3	1	2	0	0	3	0	0	0	0	4	44	0	0	4	0	238	500	27	30	492	1289	504	27	0	0	46	0	0	0	11	0	0	1	0	0	0	4	10	0	0	0	16	1	2	0	0	0	0	47	26	0	600	0	529	2	93	0	5	1	0	0	0	0	0	32	0	463	6	3	2	0
1	61	385	0	17	0	2	3	0	817	55	0	36	52	429	3	37	26	73	434	36	5	12	158	26	53	12	0	39	0	206	0	12	7	39	36	0	0	0	8	35	47	0	156	229	9	9	202	0	0	100	64	111	0	23	529	0	113	393	0	1	146	0	0	0	63	17	0	9	177	20	15	24	67
4	58	1	0	35	0	14	20	0	4	117	0	24	9	71	8	135	28	94	4	136	213	4	4	2	77	8	0	315	0	67	0	102	330	384	2	0	0	0	108	18	286	0	174	23	125	21	15	0	0	5	422	187	0	51	2	113	0	698	0	10	60	0	1	0	0	457	93	70	3	146	31	7	187
0	47	18	0	4	0	0	64	0	0	0	0	146	25	18	4	9	0	590	23	0	88	0	2	1	19	0	0	123	0	8	0	35	50	450	2	0	0	0	198	19	800	0	3	3	372	566	2	0	0	0	0	1	0	14	93	393	698	0	0	4	4	0	6	0	0	1052	0	36	617	142	164	0	0
0	0	0	0	0	0	0	0	0	0	0	0	0	0	0	0	0	0	0	0	0	0	0	0	0	0	0	0	0	0	0	0	0	0	0	0	0	0	0	0	0	0	0	0	0	0	0	0	0	0	0	0	0	0	0	0	0	0	0	0	0	0	0	0	0	0	0	0	0	0	0	0	0	0
0	6	162	0	54	0	0	0	0	27	104	0	2	456	19	0	16	64	0	7	0	9	0	2	0	2	7	0	0	0	8	0	0	0	0	0	0	0	0	0	25	0	0	0	1	0	0	0	0	0	3	1	1	0	2	5	1	10	4	0	0	423	0	0	0	0	0	0	19	0	0	0	211	0
0	18	270	0	1373	0	4	1	0	178	827	0	27	1697	44	298	26	275	0	41	1	1	57	0	2	19	26	0	0	0	50	0	62	2	41	21	0	0	0	1	285	341	0	373	3	6	16	88	0	1	0	10	11	0	4	1	146	60	4	0	423	0	0	1	0	3	1	0	312	18	4	370	760	61
0	0	0	0	0	0	0	0	0	0	0	0	0	0	0	0	0	0	0	0	0	0	0	0	0	0	0	0	0	0	0	0	0	0	0	0	0	0	0	0	0	0	0	0	0	0	0	0	0	0	0	0	0	0	0	0	0	0	0	0	0	0	0	0	0	0	0	0	0	0	0	0	0	0
0	119	21	0	273	0	0	0	0	0	84	0	30	102	0	0	0	0	0	0	0	0	0	0	0	0	2	0	0	0	16	0	0	0	0	0	0	0	0	0	0	0	0	0	0	0	0	0	0	0	0	0	0	0	0	0	0	1	6	0	0	1	0	0	0	0	0	0	0	0	0	0	211	0
0	0	0	0	0	0	0	0	0	0	0	0	0	0	0	0	0	0	0	0	0	0	0	0	0	0	0	0	0	0	0	0	0	0	0	0	0	0	0	0	0	0	0	0	0	0	0	0	0	0	0	0	0	0	0	0	0	0	0	0	0	0	0	0	0	0	0	0	0	0	0	0	0	0
0	1	179	0	0	0	0	0	0	338	12	0	1	3	314	0	1	2	0	21	1	0	0	0	0	1	352	0	0	0	0	0	0	0	0	0	0	0	0	0	0	1	0	0	0	0	0	0	0	0	0	0	0	0	0	0	63	0	0	0	0	3	0	0	0	0	0	0	0	0	0	0	4	0
46	0	0	0	1	0	0	0	0	1	27	0	22	1	37	0	106	7	0	1	0	64	0	16	2	289	6	0	238	0	226	0	4	7	8	0	0	0	0	0	0	3	0	2	124	0	0	0	0	0	58	562	8	0	43	0	17	457	1052	0	0	1	0	0	0	0	0	0	4	0	0	0	4	0
319	81	4	0	2	0	0	0	0	16	5	0	61	1	1	0	323	10	0	1	94	18	0	610	143	294	6	0	111	0	14	0	24	15	13	0	0	0	0	1	12	0	0	0	37	0	0	0	0	0	0	384	25	0	372	32	0	93	0	0	0	0	0	0	0	0	0	0	0	2	0	0	7	0
0	1	7	0	193	0	0	0	0	9	170	0	6	135	22	5	1	86	0	1	0	0	0	0	0	1	20	0	0	0	10	0	19	0	1	2	0	0	0	0	48	37	0	48	1	0	14	0	0	0	0	0	7	0	0	0	9	70	36	0	19	312	0	0	0	0	4	0	0	1	0	2	234	0
0	0	82	0	3	0	0	1	0	451	14	0	4	2	31	0	0	1	1	41	1	2	4	3	2	0	1	0	1	0	105	0	0	0	0	1	0	0	0	0	1	3	0	0	102	3	58	109	0	0	9	1	39	0	2	463	177	3	617	0	0	18	0	0	0	0	0	2	1	0	4	2	2	37
3	459	23	0	28	0	0	162	0	0	44	0	703	3	1	0	208	2	20	56	204	1	0	50	1	308	12	0	51	0	3	0	235	18	13	0	0	0	0	177	7	1	0	0	17	0	0	0	0	0	0	230	37	0	6	6	20	146	142	0	0	4	0	0	0	0	0	0	0	4	0	1	1	0
0	117	55	0	165	0	0	0	0	55	170	0	365	169	4	0	24	41	0	4	23	3	0	6	0	15	9	0	5	0	9	0	15	0	6	0	0	0	0	12	24	6	0	37	8	0	0	0	0	0	0	19	19	0	3	3	15	31	164	0	0	370	0	0	0	0	0	0	2	2	1	0	168	0
0	361	36	3	1287	0	3	0	0	2	714	0	45	91	12	307	3	73	0	5	6	4	1	1	1	2	7	0	0	0	2	0	19	696	3	38	0	0	0	10	21	91	0	50	1	20	5	4	0	0	0	1	4	0	7	2	24	7	0	0	211	760	0	211	0	4	4	7	234	2	1	168	0	0
11	21	0	1	0	0	0	0	0	0	0	0	10	0	3	0	4	4	0	10	1	9	0	6	1	7	1	0	1	0	220	0	0	0	0	0	0	0	0	0	3	0	0	1	47	0	0	0	0	0	48	17	106	0	1	0	67	187	0	0	0	61	0	0	0	0	0	0	0	37	0	0	0	0
