0	0	0	7	1	20	18	0	0	8	0	0	26	0	1	10	52	0	33	5	43	541	0	476	153	13	0	0	26	0	25	0	30	6	244	0	0	0	1	31	23	1	0	0	11	0	0	0	0	5	14	114	81	0	395	53	2	63	2	0	0	0	0	0	0	0	184	611	0	6	10	8	1	77
0	0	3	0	18	0	8	64	9	8	5	0	165	16	3	4	0	20	1	3	1	2	1	0	0	1	0	0	2	0	8	0	15	71	1	19	0	0	2	94	1	10	0	7	6	86	6	4	0	0	0	0	0	0	7	1	32	1	6	14	0	10	0	5	0	5	3	3	11	11	16	1	134	2
0	3	0	0	1	0	0	15	13	498	25	0	17	185	302	0	0	21	0	3	6	0	0	0	0	0	96	0	2	0	73	0	1	0	1	0	0	0	0	1	120	2	0	2	13	0	0	256	0	0	0	10	0	0	1	0	319	0	104	31	0	167	0	2	0	0	0	0	18	5	0	0	39	0
7	0	0	0	0	0	0	0	0	3	0	0	0	0	1	0	0	1	0	0	0	0	0	0	0	1	0	0	0	0	0	0	0	0	10	1	0	0	0	0	0	0	0	0	0	0	0	0	0	0	0	0	0	0	0	0	0	0	0	8	0	1	0	0	0	1	0	0	0	0	23	0	1	1
1	18	1	0	0	0	0	88	9	21	470	0	327	42	9	23	5	18	14	2	18	0	0	0	2	8	10	0	47	0	70	0	32	97	12	0	0	0	0	142	13	48	0	0	20	0	5	8	0	0	0	0	0	0	12	0	17	3	6	33	0	571	0	100	0	0	0	0	28	5	8	37	776	0
20	0	0	0	0	0	0	0	0	0	0	0	1	0	13	0	323	0	0	9	226	52	0	8	0	267	0	0	66	0	3	0	1	0	5	0	0	0	0	7	0	0	0	0	44	0	0	0	0	0	0	413	0	0	3	0	1	0	0	0	0	0	0	0	0	0	0	0	0	0	0	0	1	0
18	8	0	0	0	0	0	38	11	6	1	0	0	2	80	0	24	13	0	0	0	9	0	0	0	15	0	0	0	0	6	0	2	0	1	0	0	0	0	2	177	0	0	118	105	0	0	1	0	0	0	61	0	0	13	0	6	0	0	0	0	0	0	0	0	0	0	0	4	0	0	5	3	0
0	64	15	0	88	0	38	0	33	15	1	0	1266	12	4	0	511	43	341	242	619	6	0	0	0	83	0	0	61	0	8	0	469	4	43	3	0	0	80	370	1	23	0	8	20	1	1	0	0	0	0	23	1	0	16	152	48	33	115	1074	0	9	0	1	0	0	1	2	31	67	396	33	1	0
0	9	13	0	9	0	11	33	0	1	0	0	10	6	0	4	3	13	5	58	4	0	0	0	0	1	0	0	0	0	11	0	68	19	44	3	0	0	0	0	24	21	0	16	109	0	11	1	0	6	1	0	1	0	2	13	25	0	39	42	0	8	0	14	0	0	5	6	0	39	35	32	17	14
8	8	498	3	21	0	6	15	1	0	9	0	3	22	1253	46	0	111	274	47	1	0	0	0	0	17	123	0	0	0	410	0	30	4	0	333	0	0	0	0	390	314	0	728	10	0	10	1415	0	6	486	0	747	0	13	6	1042	17	5	1	0	104	0	1	0	193	4	24	35	198	120	35	47	2
0	5	25	0	470	0	1	1	0	9	0	0	5	480	18	157	0	40	2	29	1	0	2	0	0	1	0	0	0	0	6	0	36	79	0	10	0	0	0	3	41	386	0	24	0	6	18	0	0	0	0	1	0	0	0	0	7	5	8	0	0	1226	0	23	0	0	0	0	5	6	30	110	721	0
0	0	0	0	0	0	0	0	0	0	0	0	0	0	0	0	0	0	0	0	0	0	0	0	0	0	0	0	0	0	0	0	0	0	0	0	0	0	0	0	0	0	0	0	0	0	0	0	0	0	0	0	0	0	0	0	0	0	0	0	0	0	0	0	0	0	0	0	0	0	0	0	0	0
26	165	17	0	327	1	0	1266	10	3	5	0	0	7	17	74	536	1	337	66	469	0	5	5	0	18	1	0	160	0	3	0	538	670	105	1	0	0	69	1088	41	11	0	1	6	264	1	0	0	0	0	26	2	0	60	30	138	128	123	862	0	13	0	27	0	1	7	17	5	50	533	89	24	18
0	16	185	0	42	0	2	12	6	22	480	0	7	0	177	6	1	72	1	8	3	1	12	0	0	1	16	0	0	0	196	0	12	0	2	7	0	0	0	3	15	143	0	5	22	0	104	2	0	2	0	4	0	0	0	22	14	8	78	16	0	974	0	42	0	1	0	0	47	21	8	78	24	0
1	3	302	1	9	13	80	4	0	1253	18	0	17	177	0	27	18	79	135	7	6	16	0	2	0	49	68	0	25	0	24	0	16	3	19	573	0	0	0	11	266	719	0	965	40	0	54	933	0	7	2	33	21	0	22	0	537	20	46	2	0	38	0	9	0	158	5	41	71	135	56	17	9	22
10	4	0	0	23	0	0	0	4	46	157	0	74	6	27	0	3	2	2	1	2	0	0	0	0	12	0	0	0	0	12	0	1	0	11	0	0	0	0	3	5	0	0	0	3	0	0	0	0	0	0	17	0	0	7	0	0	0	2	16	0	157	0	20	0	0	0	0	0	1	0	1	234	0
52	0	0	0	5	323	24	511	3	0	0	0	536	1	18	3	0	1	345	52	1367	222	1	72	23	961	0	0	118	0	13	0	627	207	190	1	0	0	105	630	9	26	0	8	107	31	1	1	0	0	16	1748	129	0	463	21	21	126	26	77	0	4	0	1	0	1	180	129	1	40	245	14	4	42
0	20	21	1	18	0	13	43	13	111	40	0	1	72	79	2	1	0	2	1	2	0	1	0	0	0	3	0	0	0	105	0	17	8	3	67	0	0	1	0	55	49	0	160	77	5	24	132	0	954	38	1	52	0	0	0	51	5	0	0	0	98	0	7	0	0	2	1	67	23	0	78	46	15
33	1	0	0	14	0	0	341	5	274	2	0	337	1	135	2	345	2	0	137	368	51	0	66	2	327	2	0	188	0	98	0	28	0	198	0	0	0	2	301	4	5	0	28	69	0	0	75	0	0	177	800	42	0	19	10	166	86	56	676	0	4	0	0	0	0	0	26	0	6	8	0	1	22
5	3	3	0	2	9	0	242	58	47	29	0	66	8	7	1	52	1	137	0	291	30	2	287	79	159	0	0	13	0	125	0	183	29	84	0	0	0	76	407	8	12	0	8	57	2	4	63	0	0	91	73	261	0	207	388	537	34	173	274	0	14	0	8	0	5	20	58	0	208	457	19	2	16
43	1	6	0	18	226	0	619	4	1	1	0	469	3	6	2	1367	2	368	291	0	116	1	12	13	1057	0	0	147	0	2	0	686	333	132	2	0	0	102	919	65	1	0	4	71	79	3	0	0	0	0	1147	100	0	165	62	7	52	18	55	0	2	0	0	0	0	29	43	0	11	321	4	2	34
541	2	0	0	0	52	9	6	0	0	0	0	0	1	16	0	222	0	51	30	116	0	0	1380	427	148	0	0	163	0	249	0	24	41	449	0	0	0	0	57	0	0	0	1	216	3	0	0	0	0	303	515	59	0	668	49	15	347	32	181	0	0	0	0	0	0	442	542	0	17	16	2	2	150
0	1	0	0	0	0	0	0	0	0	2	0	5	12	0	0	1	1	0	2	1	0	0	114	0	1	0	0	7	0	0	0	0	0	0	0	0	0	0	10	0	0	0	0	0	0	0	0	0	0	0	5	0	0	1	0	2	0	2	120	0	3	0	0	0	0	0	0	0	0	0	0	6	0
476	0	0	0	0	8	0	0	0	0	0	0	5	0	2	0	72	0	66	287	12	1380	114	0	1938	5	0	0	64	0	161	0	27	24	289	0	0	0	0	11	0	0	0	0	447	0	0	0	0	0	40	34	388	0	1239	1434	137	30	0	2	0	0	0	2	0	0	6	1977	0	48	313	0	4	170
153	0	0	0	2	0	0	0	0	0	0	0	0	0	0	0	23	0	2	79	13	427	0	1938	0	14	0	0	4	0	17	0	0	0	13	0	0	0	0	3	0	0	0	1	151	0	0	0	0	0	55	22	46	0	306	302	105	0	2	0	0	0	0	0	0	0	0	222	0	0	7	0	0	4
13	1	0	1	8	267	15	83	1	17	1	0	18	1	49	12	961	0	327	159	1057	148	1	5	14	0	0	0	113	0	4	0	660	62	133	1	0	0	82	670	5	13	0	1	37	2	0	0	0	0	1	968	167	0	325	29	26	59	6	20	0	21	0	0	0	1	154	126	0	51	251	7	2	23
0	0	96	0	10	0	0	0	0	123	0	0	1	16	68	0	0	3	2	0	0	0	0	0	0	0	0	0	3	0	8	0	1	0	2	148	0	0	1	2	493	2	0	4	2	0	16	181	0	0	0	0	0	0	0	0	0	1	13	0	0	9	0	0	0	212	0	0	0	0	0	2	3	0
0	0	0	0	0	0	0	0	0	0	0	0	0	0	0	0	0	0	0	0	0	0	0	0	0	0	0	0	0	0	0	0	0	0	0	0	0	0	0	0	0	0	0	0	0	0	0	0	0	0	0	0	0	0	0	0	0	0	0	0	0	0	0	0	0	0	0	0	0	0	0	0	0	0
26	2	2	0	47	66	0	61	0	0	0	0	160	0	25	0	118	0	188	13	147	163	7	64	4	113	3	0	0	0	1	0	153	16	429	1	0	0	0	532	6	2	0	0	11	4	1	0	0	0	0	523	2	0	20	61	27	224	203	231	0	3	0	0	0	0	195	203	1	3	32	3	6	0
0	0	0	0	0	0	0	0	0	0	0	0	0	0	0	0	0	0	0	0	0	0	0	0	0	0	0	0	0	0	0	0	0	0	0	0	0	0	0	0	0	0	0	0	0	0	0	0	0	0	0	0	0	0	0	0	0	0	0	0	0	0	0	0	0	0	0	0	0	0	0	0	0	0
25	8	73	0	70	3	6	8	11	410	6	0	3	196	24	12	13	105	98	125	2	249	0	161	17	4	8	0	1	0	0	0	9	44	8	1	0	0	0	3	21	11	0	319	180	0	228	67	0	0	1218	11	766	0	339	1	557	94	1	3	0	170	0	8	0	0	237	99	74	62	22	53	84	161
0	0	0	0	0	0	0	0	0	0	0	0	0	0	0	0	0	0	0	0	0	0	0	0	0	0	0	0	0	0	0	0	0	0	0	0	0	0	0	0	0	0	0	0	0	0	0	0	0	0	0	0	0	0	0	0	0	0	0	0	0	0	0	0	0	0	0	0	0	0	0	0	0	0
30	15	1	0	32	1	2	469	68	30	36	0	538	12	16	1	627	17	28	183	686	24	0	27	0	660	1	0	153	0	9	0	10	2	87	0	0	0	12	188	22	3	0	4	135	1	2	1	0	0	0	506	1	0	7	31	16	15	25	135	0	182	0	2	0	0	2	5	17	14	26	15	32	5
6	71	0	0	97	0	0	4	19	4	79	0	670	0	3	0	207	8	0	29	333	41	0	24	0	62	0	0	16	0	44	0	2	0	3	0	0	0	0	173	1	0	0	0	12	0	0	0	0	0	0	80	0	0	31	0	7	309	6	348	0	14	0	0	0	0	0	0	2	1	0	0	517	0
244	1	1	10	12	5	1	43	44	0	0	0	105	2	19	11	190	3	198	84	132	449	0	289	13	133	2	0	429	0	8	0	87	3	0	0	0	0	2	352	9	6	0	2	94	0	3	0	0	0	0	728	63	0	36	10	33	344	500	546	0	17	0	3	0	0	53	99	0	16	15	3	9	1
0	19	0	1	0	0	0	3	3	333	10	0	1	7	573	0	1	67	0	0	2	0	0	0	0	1	148	0	1	0	1	0	0	0	0	0	0	0	0	0	221	1	0	204	11	0	0	461	0	0	0	1	0	0	0	0	83	4	0	3	0	4	0	1	0	22	0	0	3	0	0	18	35	0
0	0	0	0	0	0	0	0	0	0	0	0	0	0	0	0	0	0	0	0	0	0	0	0	0	0	0	0	0	0	0	0	0	0	0	0	0	0	0	0	0	0	0	0	0	0	0	0	0	0	0	0	0	0	0	0	0	0	0	0	0	0	0	0	0	0	0	0	0	0	0	0	0	0
0	0	0	0	0	0	0	0	0	0	0	0	0	0	0	0	0	0	0	0	0	0	0	0	0	0	0	0	0	0	0	0	0	0	0	0	0	0	0	0	0	0	0	0	0	0	0	0	0	0	0	0	0	0	0	0	0	0	0	0	0	0	0	0	0	0	0	0	0	0	0	0	0	0
1	2	0	0	0	0	0	80	0	0	0	0	69	0	0	0	105	1	2	76	102	0	0	0	0	82	1	0	0	0	0	0	12	0	2	0	0	0	0	0	0	0	0	0	1	0	0	0	0	0	0	26	0	0	1	0	0	0	0	0	0	0	0	0	0	0	0	0	0	0	0	0	0	0
31	94	1	0	142	7	2	370	0	0	3	0	1088	3	11	3	630	0	301	407	919	57	10	11	3	670	2	0	532	0	3	0	188	173	352	0	0	0	0	0	1	0	0	0	60	11	0	0	0	0	0	793	19	0	58	5	55	26	9	744	0	4	0	2	0	0	0	0	0	5	92	18	1	4
23	1	120	0	13	0	177	1	24	390	41	0	41	15	266	5	9	55	4	8	65	0	0	0	0	5	493	0	6	0	21	0	22	1	9	221	0	0	0	1	0	2	0	445	90	0	18	762	0	1	12	3	0	0	1	35	9	8	4	2	0	77	0	0	0	114	1	0	4	4	5	25	6	7
1	10	2	0	48	0	0	23	21	314	386	0	11	143	719	0	26	49	5	12	1	0	0	0	0	13	2	0	2	0	11	0	3	0	6	1	0	0	0	0	2	0	0	53	51	0	59	178	0	1	0	6	0	0	0	0	75	266	628	37	0	569	0	22	0	0	7	0	11	1	0	1	79	0
0	0	0	0	0	0	0	0	0	0	0	0	0	0	0	0	0	0	0	0	0	0	0	0	0	0	0	0	0	0	0	0	0	0	0	0	0	0	0	0	0	0	0	0	0	0	0	0	0	0	0	0	0	0	0	0	0	0	0	0	0	0	0	0	0	0	0	0	0	0	0	0	0	0
0	7	2	0	0	0	118	8	16	728	24	0	1	5	965	0	8	160	28	8	4	1	0	0	1	1	4	0	0	0	319	0	4	0	2	204	0	0	0	0	445	53	0	0	115	0	0	773	0	0	148	0	26	0	3	0	207	190	4	4	0	91	0	0	0	3	0	0	19	1	0	12	69	0
11	6	13	0	20	44	105	20	109	10	0	0	6	22	40	3	107	77	69	57	71	216	0	447	151	37	2	0	11	0	180	0	135	12	94	11	0	0	1	60	90	51	0	115	0	13	13	0	0	5	86	221	210	0	233	34	196	46	8	26	0	84	0	28	0	1	103	59	1	12	16	49	8	36
0	86	0	0	0	0	0	1	0	0	6	0	264	0	0	0	31	5	0	2	79	3	0	0	0	2	0	0	4	0	0	0	1	0	0	0	0	0	0	11	0	0	0	0	13	0	0	0	0	0	0	47	0	0	0	0	0	168	18	64	0	4	0	0	0	0	0	0	0	0	0	0	210	0
0	6	0	0	5	0	0	1	11	10	18	0	1	104	54	0	1	24	0	4	3	0	0	0	0	0	16	0	1	0	228	0	2	0	3	0	0	0	0	0	18	59	0	0	13	0	0	2	0	0	0	0	0	0	4	0	4	47	234	0	0	85	0	11	0	0	0	0	16	5	0	4	27	0
0	4	256	0	8	0	1	0	1	1415	0	0	0	2	933	0	1	132	75	63	0	0	0	0	0	0	181	0	0	0	67	0	1	0	0	461	0	0	0	0	762	178	0	773	0	0	2	0	0	2	66	0	262	0	2	0	720	0	0	0	0	9	0	0	0	84	0	0	16	163	10	0	22	0
0	0	0	0	0	0	0	0	0	0	0	0	0	0	0	0	0	0	0	0	0	0	0	0	0	0	0	0	0	0	0	0	0	0	0	0	0	0	0	0	0	0	0	0	0	0	0	0	0	0	0	0	0	0	0	0	0	0	0	0	0	0	0	0	0	0	0	0	0	0	0	0	0	0
5	0	0	0	0	0	0	0	6	6	0	0	0	2	7	0	0	954	0	0	0	0	0	0	0	0	0	0	0	0	0	0	0	0	0	0	0	0	0	0	1	1	0	0	5	0	0	2	0	0	0	0	0	0	0	0	1	4	0	0	0	2	0	2	0	0	0	0	0	0	0	0	0	0
14	0	0	0	0	0	0	0	1	486	0	0	0	0	2	0	16	38	177	91	0	303	0	40	55	1	0	0	0	0	1218	0	0	0	0	0	0	0	0	0	12	0	0	148	86	0	0	66	0	0	0	1	390	0	187	5	384	43	0	0	0	0	0	0	0	0	185	106	0	2	31	3	1	153
114	0	10	0	0	413	61	23	0	0	1	0	26	4	33	17	1748	1	800	73	1147	515	5	34	22	968	0	0	523	0	11	0	506	80	728	1	0	0	26	793	3	6	0	0	221	47	0	0	0	0	1	0	214	0	486	90	54	252	1	37	0	0	0	0	0	0	536	60	0	73	121	12	2	51
81	0	0	0	0	0	0	1	1	747	0	0	2	0	21	0	129	52	42	261	100	59	0	388	46	167	0	0	2	0	766	0	1	0	63	0	0	0	0	19	0	0	0	26	210	0	0	262	0	0	390	214	0	0	66	0	400	51	0	4	0	0	0	0	0	0	0	0	0	0	0	0	0	0
0	0	0	0	0	0	0	0	0	0	0	0	0	0	0	0	0	0	0	0	0	0	0	0	0	0	0	0	0	0	0	0	0	0	0	0	0	0	0	0	0	0	0	0	0	0	0	0	0	0	0	0	0	0	0	0	0	0	0	0	0	0	0	0	0	0	0	0	0	0	0	0	0	0
395	7	1	0	12	3	13	16	2	13	0	0	60	0	22	7	463	0	19	207	165	668	1	1239	306	325	0	0	20	0	339	0	7	31	36	0	0	0	1	58	1	0	0	3	233	0	4	2	0	0	187	486	66	0	0	243	9	41	22	130	0	0	0	0	0	0	43	193	2	30	111	0	6	1
53	1	0	0	0	0	0	152	13	6	0	0	30	22	0	0	21	0	10	388	62	49	0	1434	302	29	0	0	61	0	1	0	31	0	10	0	0	0	0	5	35	0	0	0	34	0	0	0	0	0	5	90	0	0	243	0	272	0	177	202	0	0	0	0	0	0	0	47	0	7	33	0	2	1
2	32	319	0	17	1	6	48	25	1042	7	0	138	14	537	0	21	51	166	537	7	15	2	137	105	26	0	0	27	0	557	0	16	7	33	83	0	0	0	55	9	75	0	207	196	0	4	720	0	1	384	54	400	0	9	272	0	109	199	197	0	85	0	1	0	40	15	9	3	214	133	18	26	141
63	1	0	0	3	0	0	33	0	17	5	0	128	8	20	0	126	5	86	34	52	347	0	30	0	59	1	0	224	0	94	0	15	309	344	4	0	0	0	26	8	266	0	190	46	168	47	0	0	4	43	252	51	0	41	0	109	0	493	569	0	92	0	0	0	0	298	45	9	9	226	7	9	137
2	6	104	0	6	0	0	115	39	5	8	0	123	78	46	2	26	0	56	173	18	32	2	0	2	6	13	0	203	0	1	0	25	6	500	0	0	0	0	9	4	628	0	4	8	18	234	0	0	0	0	1	0	0	22	177	199	493	0	1839	0	42	0	0	0	0	830	8	0	391	508	10	83	0
0	14	31	8	33	0	0	1074	42	1	0	0	862	16	2	16	77	0	676	274	55	181	120	2	0	20	0	0	231	0	3	0	135	348	546	3	0	0	0	744	2	37	0	4	26	64	0	0	0	0	0	37	4	0	130	202	197	569	1839	0	0	0	0	30	0	0	96	165	0	196	527	114	0	14
0	0	0	0	0	0	0	0	0	0	0	0	0	0	0	0	0	0	0	0	0	0	0	0	0	0	0	0	0	0	0	0	0	0	0	0	0	0	0	0	0	0	0	0	0	0	0	0	0	0	0	0	0	0	0	0	0	0	0	0	0	0	0	0	0	0	0	0	0	0	0	0	0	0
0	10	167	1	571	0	0	9	8	104	1226	0	13	974	38	157	4	98	4	14	2	0	3	0	0	21	9	0	3	0	170	0	182	14	17	4	0	0	0	4	77	569	0	91	84	4	85	9	0	2	0	0	0	0	0	0	85	92	42	0	0	0	0	3	0	2	1	0	62	17	7	169	623	29
0	0	0	0	0	0	0	0	0	0	0	0	0	0	0	0	0	0	0	0	0	0	0	0	0	0	0	0	0	0	0	0	0	0	0	0	0	0	0	0	0	0	0	0	0	0	0	0	0	0	0	0	0	0	0	0	0	0	0	0	0	0	0	0	0	0	0	0	0	0	0	0	0	0
0	5	2	0	100	0	0	1	14	1	23	0	27	42	9	20	1	7	0	8	0	0	0	2	0	0	0	0	0	0	8	0	2	0	3	1	0	0	0	2	0	22	0	0	28	0	11	0	0	2	0	0	0	0	0	0	1	0	0	30	0	3	0	0	0	0	0	1	15	0	3	1	241	1
0	0	0	0	0	0	0	0	0	0	0	0	0	0	0	0	0	0	0	0	0	0	0	0	0	0	0	0	0	0	0	0	0	0	0	0	0	0	0	0	0	0	0	0	0	0	0	0	0	0	0	0	0	0	0	0	0	0	0	0	0	0	0	0	0	0	0	0	0	0	0	0	0	0
0	5	0	1	0	0	0	0	0	193	0	0	1	1	158	0	1	0	0	5	0	0	0	0	0	1	212	0	0	0	0	0	0	0	0	22	0	0	0	0	114	0	0	3	1	0	0	84	0	0	0	0	0	0	0	0	40	0	0	0	0	2	0	0	0	0	0	0	0	0	0	1	1	0
184	3	0	0	0	0	0	1	5	4	0	0	7	0	5	0	180	2	0	20	29	442	0	6	0	154	0	0	195	0	237	0	2	0	53	0	0	0	0	0	1	7	0	0	103	0	0	0	0	0	185	536	0	0	43	0	15	298	830	96	0	1	0	0	0	0	0	0	0	4	2	0	3	0
611	3	0	0	0	0	0	2	6	24	0	0	17	0	41	0	129	1	26	58	43	542	0	1977	222	126	0	0	203	0	99	0	5	0	99	0	0	0	0	0	0	0	0	0	59	0	0	0	0	0	106	60	0	0	193	47	9	45	8	165	0	0	0	1	0	0	0	0	0	0	0	0	0	0
0	11	18	0	28	0	4	31	0	35	5	0	5	47	71	0	1	67	0	0	0	0	0	0	0	0	0	0	1	0	74	0	17	2	0	3	0	0	0	0	4	11	0	19	1	0	16	16	0	0	0	0	0	0	2	0	3	9	0	0	0	62	0	15	0	0	0	0	0	21	0	19	71	0
6	11	5	0	5	0	0	67	39	198	6	0	50	21	135	1	40	23	6	208	11	17	0	48	0	51	0	0	3	0	62	0	14	1	16	0	0	0	0	5	4	1	0	1	12	0	5	163	0	0	2	73	0	0	30	7	214	9	391	196	0	17	0	0	0	0	4	0	21	0	6	8	43	1
10	16	0	23	8	0	0	396	35	120	30	0	533	8	56	0	245	0	8	457	321	16	0	313	7	251	0	0	32	0	22	0	26	0	15	0	0	0	0	92	5	0	0	0	16	0	0	10	0	0	31	121	0	0	111	33	133	226	508	527	0	7	0	3	0	0	2	0	0	6	0	2	3	0
8	1	0	0	37	0	5	33	32	35	110	0	89	78	17	1	14	78	0	19	4	2	0	0	0	7	2	0	3	0	53	0	15	0	3	18	0	0	0	18	25	1	0	12	49	0	4	0	0	0	3	12	0	0	0	0	18	7	10	114	0	169	0	1	0	1	0	0	19	8	2	0	124	0
1	134	39	1	776	1	3	1	17	47	721	0	24	24	9	234	4	46	1	2	2	2	6	4	0	2	3	0	6	0	84	0	32	517	9	35	0	0	0	1	6	79	0	69	8	210	27	22	0	0	1	2	0	0	6	2	26	9	83	0	0	623	0	241	0	1	3	0	71	43	3	124	0	2
77	2	0	1	0	0	0	0	14	2	0	0	18	0	22	0	42	15	22	16	34	150	0	170	4	23	0	0	0	0	161	0	5	0	1	0	0	0	0	4	7	0	0	0	36	0	0	0	0	0	153	51	0	0	1	1	141	137	0	14	0	29	0	1	0	0	0	0	0	1	0	0	2	0
