0	0	0	0	0	0	0	0	0	0	0	0	0	0	0	0	1	0	10	2	0	75	0	146	40	4	0	0	0	0	0	0	0	0	53	0	0	0	0	0	0	0	0	0	3	13	0	1	0	0	0	8	1	0	140	10	0	3	0	0	0	0	0	0	0	0	49	131	0	0	2	0	4	0
0	38	0	6	26	1	0	28	7	6	38	0	914	11	0	2	12	1	36	39	3	0	0	0	2	6	7	0	0	0	8	2	14	81	14	7	0	0	0	21	0	28	0	1	0	11	10	7	0	0	0	0	0	0	8	6	27	25	10	214	31	16	0	250	0	3	4	2	15	20	15	19	3	1
0	0	0	0	0	0	0	0	0	468	8	0	3	276	50	0	2	30	0	1	0	0	0	0	0	9	161	0	0	0	9	0	2	1	2	21	0	0	0	0	0	5	0	854	0	0	0	167	0	0	0	0	0	0	0	0	329	0	84	5	0	111	0	42	0	143	0	0	8	0	0	0	3	0
0	6	0	0	0	0	0	0	3	20	0	0	0	0	0	0	0	1	0	0	0	0	0	0	1	1	289	0	0	0	0	0	0	0	0	143	0	0	0	0	0	0	0	0	0	0	0	88	0	0	0	0	0	0	0	0	0	0	0	1	0	0	0	0	0	378	0	0	0	0	0	6	1	0
0	26	0	0	0	0	0	0	1	19	282	0	218	73	0	0	0	48	0	2	1	0	0	0	1	0	14	0	0	0	1	4	2	23	3	18	1	0	0	0	0	1	0	134	0	0	0	22	0	0	0	7	0	0	0	0	0	1	0	5	0	622	0	338	0	1	2	0	26	0	0	26	12	1
0	1	0	0	0	0	0	0	0	507	0	0	0	0	14	0	0	20	0	3	42	0	0	0	128	6	0	0	0	0	237	0	3	0	0	0	0	0	0	0	0	0	12	882	0	0	0	92	0	0	0	1	0	0	18	0	260	4	0	2	0	0	0	0	0	0	0	0	0	0	0	1	0	316
0	0	0	0	0	0	0	0	0	0	0	0	0	0	0	0	0	0	0	0	0	0	0	0	0	14	0	0	0	0	0	0	0	0	0	16	0	0	0	0	0	0	0	6	0	0	0	0	0	0	0	0	0	0	1	0	0	0	0	0	0	0	0	0	0	0	0	0	0	0	2	0	1	0
0	28	0	0	0	0	0	0	7	0	0	0	782	0	0	0	110	0	0	217	550	0	0	0	0	42	22	0	0	0	2	0	204	0	39	0	0	0	0	69	0	0	2	0	0	0	0	0	0	0	5	2	0	0	0	10	19	35	99	190	0	0	0	74	0	0	0	0	0	24	83	25	0	0
0	7	0	3	1	0	0	7	0	2	0	0	15	32	0	7	0	1	6	0	4	2	0	0	0	3	0	0	0	0	1	0	6	4	14	0	0	0	0	8	0	0	0	1	3	3	0	0	0	1	0	2	0	0	2	0	2	6	6	20	3	0	0	0	0	0	1	0	1	6	10	1	0	0
0	6	468	20	19	507	0	0	2	0	0	0	5	22	265	0	0	44	125	179	1	0	0	0	0	0	122	0	0	0	95	0	5	1	7	502	0	0	0	0	0	214	0	1929	0	7	4	757	0	0	123	0	603	0	0	0	893	33	2	0	18	26	0	0	0	605	3	32	0	257	14	12	0	1
0	38	8	0	282	0	0	0	0	0	0	0	3	213	0	118	0	0	0	0	2	0	0	0	0	2	7	0	0	0	0	0	5	29	0	47	0	0	0	2	0	68	29	26	0	0	0	0	0	0	0	0	0	0	0	0	21	2	4	3	266	192	0	33	0	10	0	4	39	16	116	72	0	0
0	0	0	0	0	0	0	0	0	0	0	0	0	0	0	0	0	0	0	0	0	0	0	0	0	0	0	0	0	0	0	0	0	0	0	0	0	0	0	0	0	0	0	0	0	0	0	0	0	0	0	0	0	0	0	0	0	0	0	0	0	0	0	0	0	0	0	0	0	0	0	0	0	0
0	914	3	0	218	0	0	782	15	5	3	0	0	1	4	92	75	5	270	51	224	5	2	0	1	69	7	0	0	0	36	0	436	661	147	5	0	0	0	864	0	9	2	0	1	380	2	1	0	0	29	3	1	0	51	112	58	87	32	323	2	7	0	22	0	0	12	39	5	115	749	172	0	12
0	11	276	0	73	0	0	0	32	22	213	0	1	0	4	17	0	6	1	1	14	0	0	0	0	0	22	0	0	0	1	5	4	0	1	99	0	0	0	2	0	191	0	23	5	5	181	46	0	0	0	1	0	0	1	14	10	1	6	0	601	1220	0	149	0	13	1	4	94	23	1	70	48	0
0	0	50	0	0	14	0	0	0	265	0	0	4	4	0	0	0	3	1	0	0	0	0	0	0	0	0	0	0	0	3	0	0	1	1	166	0	0	0	1	0	177	0	190	0	0	3	170	0	0	0	1	41	0	0	0	49	27	11	1	0	5	0	2	0	26	2	0	0	30	2	1	2	3
0	2	0	0	0	0	0	0	7	0	118	0	92	17	0	0	0	7	0	1	0	1	0	0	0	0	0	0	0	0	0	0	1	10	2	11	0	0	0	0	0	0	0	0	0	0	0	0	0	0	0	1	0	0	0	0	2	1	0	0	0	63	0	64	0	0	5	0	1	0	0	2	10	1
1	12	2	0	0	0	0	110	0	0	0	0	75	0	0	0	0	0	124	3	355	0	0	1	0	201	1	0	0	0	44	0	93	76	28	0	0	0	0	177	0	0	5	0	0	6	0	0	0	5	19	1	4	0	49	12	0	39	2	0	0	0	0	0	0	1	22	91	0	10	23	25	0	14
0	1	30	1	48	20	0	0	1	44	0	0	5	6	3	7	0	0	0	3	0	4	0	0	0	0	0	0	0	0	0	0	12	3	4	22	0	0	0	0	0	16	0	247	2	0	12	48	0	681	0	0	13	0	0	0	0	21	2	3	10	64	0	0	0	13	15	0	9	0	0	9	54	1
10	36	0	0	0	0	0	0	6	125	0	0	270	1	1	0	124	0	0	81	226	20	0	0	5	226	13	0	0	0	70	0	114	39	78	0	0	0	0	20	0	11	5	4	0	0	0	154	0	0	6	131	4	0	26	162	382	187	336	262	0	0	0	0	0	0	14	12	0	23	17	16	2	115
2	39	1	0	2	3	0	217	0	179	0	0	51	1	0	1	3	3	81	0	224	0	1	1	0	79	0	0	0	0	23	0	105	22	43	0	0	0	0	188	0	0	0	2	5	13	0	114	0	0	144	6	111	0	110	17	339	41	35	32	2	0	0	0	0	2	6	27	1	147	262	13	3	26
0	3	0	0	1	42	0	550	4	1	2	0	224	14	0	0	355	0	226	224	0	17	0	4	3	1169	24	0	0	0	5	0	876	364	246	17	0	0	0	1016	0	1	1	0	47	87	1	0	0	0	3	650	118	0	161	121	22	91	10	29	2	24	0	0	0	1	7	132	0	24	301	9	2	79
75	0	0	0	0	0	0	0	2	0	0	0	5	0	0	1	0	4	20	0	17	0	0	10	80	89	2	0	0	0	65	0	7	12	19	2	0	0	0	1	0	1	0	0	0	0	0	0	0	0	0	228	1	0	177	1	0	19	4	18	0	0	0	0	0	0	8	56	0	0	1	0	0	118
0	0	0	0	0	0	0	0	0	0	0	0	2	0	0	0	0	0	0	1	0	0	0	0	0	1	0	0	0	0	0	0	0	0	0	0	0	0	0	0	0	0	0	0	0	0	0	0	0	0	0	0	0	0	0	0	0	0	0	0	0	0	0	0	0	0	0	0	0	0	0	0	0	0
146	0	0	0	0	0	0	0	0	0	0	0	0	0	0	0	1	0	0	1	4	10	0	0	1010	4	0	0	0	0	0	0	0	0	0	0	0	0	0	0	0	0	0	0	6	0	0	0	0	0	0	9	0	0	12	8	43	0	0	0	0	1	0	0	0	0	0	2	0	0	0	0	0	2
40	2	0	1	1	128	0	0	0	0	0	0	1	0	0	0	0	0	5	0	3	80	0	1010	0	1	0	0	0	0	0	0	2	1	14	0	0	0	0	1	0	0	0	0	0	0	0	0	0	0	0	4	110	0	163	109	56	9	0	0	0	0	0	0	0	0	0	170	0	0	0	1	0	4
4	6	9	1	0	6	14	42	3	0	2	0	69	0	0	0	201	0	226	79	1169	89	1	4	1	0	19	0	0	0	54	0	625	154	129	2	0	0	1	613	0	1	1	5	45	21	0	1	0	0	19	577	237	0	159	40	13	85	6	34	1	22	0	0	0	3	149	166	0	26	302	21	0	21
0	7	161	289	14	0	0	22	0	122	7	0	7	22	0	0	1	0	13	0	24	2	0	0	0	19	0	0	0	0	0	0	1	27	13	460	0	0	0	4	0	5	0	4	0	1	15	141	0	0	0	20	0	0	35	19	1	0	7	0	17	13	0	1	0	635	2	15	7	7	7	32	0	0
0	0	0	0	0	0	0	0	0	0	0	0	0	0	0	0	0	0	0	0	0	0	0	0	0	0	0	0	0	0	0	0	0	0	0	0	0	0	0	0	0	0	0	0	0	0	0	0	0	0	0	0	0	0	0	0	0	0	0	0	0	0	0	0	0	0	0	0	0	0	0	0	0	0
0	0	0	0	0	0	0	0	0	0	0	0	0	0	0	0	0	0	0	0	0	0	0	0	0	0	0	0	0	0	0	0	0	0	0	0	0	0	0	0	0	0	0	0	0	0	0	0	0	0	0	0	0	0	0	0	0	0	0	0	0	0	0	0	0	0	0	0	0	0	0	0	0	0
0	0	0	0	0	0	0	0	0	0	0	0	0	0	0	0	0	0	0	0	0	0	0	0	0	0	0	0	0	0	0	0	0	0	0	0	0	0	0	0	0	0	0	0	0	0	0	0	0	0	0	0	0	0	0	0	0	0	0	0	0	0	0	0	0	0	0	0	0	0	0	0	0	0
0	8	9	0	1	237	0	2	1	95	0	0	36	1	3	0	44	0	70	23	5	65	0	0	0	54	0	0	0	0	0	0	3	34	8	1	0	0	0	0	0	19	0	164	194	35	59	26	0	0	294	6	151	0	164	0	422	225	7	0	5	2	0	13	0	0	156	60	0	49	4	30	0	176
0	2	0	0	4	0	0	0	0	0	0	0	0	5	0	0	0	0	0	0	0	0	0	0	0	0	0	0	0	0	0	0	0	0	0	0	0	0	0	0	0	0	0	0	0	0	0	0	0	0	0	0	0	0	0	0	0	0	0	0	0	0	0	0	0	0	0	0	0	0	0	0	0	0
0	14	2	0	2	3	0	204	6	5	5	0	436	4	0	1	93	12	114	105	876	7	0	0	2	625	1	0	0	0	3	0	0	15	120	7	0	0	0	170	0	3	3	6	11	3	0	0	0	0	2	294	4	0	27	34	20	49	6	73	2	34	0	0	0	0	7	10	0	16	38	14	8	61
0	81	1	0	23	0	0	0	4	1	29	0	661	0	1	10	76	3	39	22	364	12	0	0	1	154	27	0	0	0	34	0	15	0	30	2	0	0	0	48	0	2	0	8	7	12	0	1	0	0	0	174	15	0	39	1	17	146	72	145	0	14	0	26	0	0	22	11	0	7	39	19	2	9
53	14	2	0	3	0	0	39	14	7	0	0	147	1	1	2	28	4	78	43	246	19	0	0	14	129	13	0	0	0	8	0	120	30	0	0	0	0	0	75	0	5	6	0	1	5	1	0	0	0	0	493	16	0	11	14	42	133	181	141	3	3	0	0	0	0	35	67	0	36	28	14	0	50
0	7	21	143	18	0	16	0	0	502	47	0	5	99	166	11	0	22	0	0	17	2	0	0	0	2	460	0	0	0	1	0	7	2	0	0	0	0	0	0	0	49	0	2346	0	0	1	187	0	0	1	1	0	0	0	0	14	0	3	0	8	72	0	1	0	508	4	0	3	2	0	10	27	2
0	0	0	0	1	0	0	0	0	0	0	0	0	0	0	0	0	0	0	0	0	0	0	0	0	0	0	0	0	0	0	0	0	0	0	0	0	0	0	0	0	0	0	4	0	0	0	0	0	0	0	0	0	0	0	0	0	0	0	0	0	1	0	0	0	0	0	0	0	0	0	0	0	0
0	0	0	0	0	0	0	0	0	0	0	0	0	0	0	0	0	0	0	0	0	0	0	0	0	0	0	0	0	0	0	0	0	0	0	0	0	0	0	0	0	0	0	0	0	0	0	0	0	0	0	0	0	0	0	0	0	0	0	0	0	0	0	0	0	0	0	0	0	0	0	0	0	0
0	0	0	0	0	0	0	0	0	0	0	0	0	0	0	0	0	0	0	0	0	0	0	0	0	1	0	0	0	0	0	0	0	0	0	0	0	0	0	0	0	0	0	0	0	0	0	0	0	0	0	0	0	0	0	0	0	0	0	0	0	0	0	0	0	0	0	0	0	0	0	0	0	0
0	21	0	0	0	0	0	69	8	0	2	0	864	2	1	0	177	0	20	188	1016	1	0	0	1	613	4	0	0	0	0	0	170	48	75	0	0	0	0	0	0	0	7	14	0	0	0	0	0	0	0	316	0	0	6	3	35	44	48	291	0	1	0	0	0	0	0	0	0	13	6	21	0	54
0	0	0	0	0	0	0	0	0	0	0	0	0	0	0	0	0	0	0	0	0	0	0	0	0	0	0	0	0	0	0	0	0	0	0	0	0	0	0	0	0	0	0	0	0	0	0	0	0	0	0	0	0	0	0	0	0	0	0	0	0	0	0	0	0	0	0	0	0	0	0	0	0	0
0	28	5	0	1	0	0	0	0	214	68	0	9	191	177	0	0	16	11	0	1	1	0	0	0	1	5	0	0	0	19	0	3	2	5	49	0	0	0	0	0	0	7	91	0	0	23	178	0	0	0	0	0	0	1	0	13	87	213	10	0	305	0	11	0	6	6	0	21	3	11	28	11	0
0	0	0	0	0	12	0	2	0	0	29	0	2	0	0	0	5	0	5	0	1	0	0	0	0	1	0	0	0	0	0	0	3	0	6	0	0	0	0	7	0	7	0	0	12	0	0	0	0	0	0	0	2	0	3	0	3	8	13	6	0	0	0	0	0	0	6	8	100	27	6	0	0	0
0	1	854	0	134	882	6	0	1	1929	26	0	0	23	190	0	0	247	4	2	0	0	0	0	0	5	4	0	0	0	164	0	6	8	0	2346	4	0	0	14	0	91	0	0	0	4	0	1669	0	0	139	0	716	0	3	0	1593	157	0	0	1928	95	0	0	0	936	3	66	28	18	0	1	54	949
3	0	0	0	0	0	0	0	3	0	0	0	1	5	0	0	0	2	0	5	47	0	0	6	0	45	0	0	0	0	194	0	11	7	1	0	0	0	0	0	0	0	12	0	0	0	0	0	0	0	1	8	0	0	30	0	81	0	0	0	0	6	0	0	0	0	0	0	0	0	0	0	1	88
13	11	0	0	0	0	0	0	3	7	0	0	380	5	0	0	6	0	0	13	87	0	0	0	0	21	1	0	0	0	35	0	3	12	5	0	0	0	0	0	0	0	0	4	0	0	0	0	0	0	1	2	0	0	4	0	6	15	68	47	0	91	0	4	0	0	0	0	0	0	0	11	0	1
0	10	0	0	0	0	0	0	0	4	0	0	2	181	3	0	0	12	0	0	1	0	0	0	0	0	15	0	0	0	59	0	0	0	1	1	0	0	0	0	0	23	0	0	0	0	0	4	0	0	0	0	0	0	1	0	3	6	104	1	0	40	0	28	0	0	0	0	6	0	0	10	2	0
1	7	167	88	22	92	0	0	0	757	0	0	1	46	170	0	0	48	154	114	0	0	0	0	0	1	141	0	0	0	26	0	0	1	0	187	0	0	0	0	0	178	0	1669	0	0	4	0	0	0	2	4	37	0	0	0	574	7	0	1	0	121	0	1	0	366	0	0	0	110	0	15	10	0
0	0	0	0	0	0	0	0	0	0	0	0	0	0	0	0	0	0	0	0	0	0	0	0	0	0	0	0	0	0	0	0	0	0	0	0	0	0	0	0	0	0	0	0	0	0	0	0	0	0	0	0	0	0	0	0	0	0	0	0	0	0	0	0	0	0	0	0	0	0	0	0	0	0
0	0	0	0	0	0	0	0	1	0	0	0	0	0	0	0	5	681	0	0	0	0	0	0	0	0	0	0	0	0	0	0	0	0	0	0	0	0	0	0	0	0	0	0	0	0	0	0	0	0	0	0	0	0	0	0	0	0	0	0	0	0	0	1	0	0	0	0	0	0	0	0	1	0
0	0	0	0	0	0	0	5	0	123	0	0	29	0	0	0	19	0	6	144	3	0	0	0	0	19	0	0	0	0	294	0	2	0	0	1	0	0	0	0	0	0	0	139	1	1	0	2	0	0	0	0	81	0	22	0	261	11	0	0	0	0	0	0	0	0	3	12	0	26	0	11	0	205
8	0	0	0	7	1	0	2	2	0	0	0	3	1	1	1	1	0	131	6	650	228	0	9	4	577	20	0	0	0	6	0	294	174	493	1	0	0	0	316	0	0	0	0	8	2	0	4	0	0	0	0	259	0	136	47	18	81	0	14	3	7	0	0	0	0	188	75	0	25	141	6	0	85
1	0	0	0	0	0	0	0	0	603	0	0	1	0	41	0	4	13	4	111	118	1	0	0	110	237	0	0	0	0	151	0	4	15	16	0	0	0	0	0	0	0	2	716	0	0	0	37	0	0	81	259	0	0	17	0	333	62	0	23	0	1	0	0	0	0	0	0	0	0	0	0	0	361
0	0	0	0	0	0	0	0	0	0	0	0	0	0	0	0	0	0	0	0	0	0	0	0	0	0	0	0	0	0	0	0	0	0	0	0	0	0	0	0	0	0	0	0	0	0	0	0	0	0	0	0	0	0	0	0	0	0	0	0	0	0	0	0	0	0	0	0	0	0	0	0	0	0
140	8	0	0	0	18	1	0	2	0	0	0	51	1	0	0	49	0	26	110	161	177	0	12	163	159	35	0	0	0	164	0	27	39	11	0	0	0	0	6	0	1	3	3	30	4	1	0	0	0	22	136	17	0	0	130	20	35	3	18	0	2	0	0	0	0	21	155	1	12	13	6	1	6
10	6	0	0	0	0	0	10	0	0	0	0	112	14	0	0	12	0	162	17	121	1	0	8	109	40	19	0	0	0	0	0	34	1	14	0	0	0	0	3	0	0	0	0	0	0	0	0	0	0	0	47	0	0	130	0	217	1	37	17	0	0	0	1	0	0	0	33	0	87	4	6	0	0
0	27	329	0	0	260	0	19	2	893	21	0	58	10	49	2	0	0	382	339	22	0	0	43	56	13	1	0	0	0	422	0	20	17	42	14	0	0	0	35	0	13	3	1593	81	6	3	574	0	0	261	18	333	0	20	217	0	156	126	70	3	40	0	3	0	134	12	12	1	294	42	13	1	364
3	25	0	0	1	4	0	35	6	33	2	0	87	1	27	1	39	21	187	41	91	19	0	0	9	85	0	0	0	0	225	0	49	146	133	0	0	0	0	44	0	87	8	157	0	15	6	7	0	0	11	81	62	0	35	1	156	0	351	197	0	62	0	2	0	0	195	90	4	57	237	19	0	281
0	10	84	0	0	0	0	99	6	2	4	0	32	6	11	0	2	2	336	35	10	4	0	0	0	6	7	0	0	0	7	0	6	72	181	3	0	0	0	48	0	213	13	0	0	68	104	0	0	0	0	0	0	0	3	37	126	351	0	789	0	1	0	18	0	0	552	10	0	239	382	18	37	0
0	214	5	1	5	2	0	190	20	0	3	0	323	0	1	0	0	3	262	32	29	18	0	0	0	34	0	0	0	0	0	0	73	145	141	0	0	0	0	291	0	10	6	0	0	47	1	1	0	0	0	14	23	0	18	17	70	197	789	0	0	0	0	49	0	0	11	60	1	115	357	20	0	20
0	31	0	0	0	0	0	0	3	18	266	0	2	601	0	0	0	10	0	2	2	0	0	0	0	1	17	0	0	0	5	0	2	0	3	8	0	0	0	0	0	0	0	1928	0	0	0	0	0	0	0	3	0	0	0	0	3	0	0	0	0	445	0	3	0	0	1	0	0	0	0	31	23	0
0	16	111	0	622	0	0	0	0	26	192	0	7	1220	5	63	0	64	0	0	24	0	0	1	0	22	13	0	0	0	2	0	34	14	3	72	1	0	0	1	0	305	0	95	6	91	40	121	0	0	0	7	1	0	2	0	40	62	1	0	445	0	0	15	0	3	2	0	167	11	1	111	11	44
0	0	0	0	0	0	0	0	0	0	0	0	0	0	0	0	0	0	0	0	0	0	0	0	0	0	0	0	0	0	0	0	0	0	0	0	0	0	0	0	0	0	0	0	0	0	0	0	0	0	0	0	0	0	0	0	0	0	0	0	0	0	0	0	0	0	0	0	0	0	0	0	0	0
0	250	42	0	338	0	0	74	0	0	33	0	22	149	2	64	0	0	0	0	0	0	0	0	0	0	1	0	0	0	13	0	0	26	0	1	0	0	0	0	0	11	0	0	0	4	28	1	0	1	0	0	0	0	0	1	3	2	18	49	3	15	0	0	0	0	0	0	54	2	18	48	0	0
0	0	0	0	0	0	0	0	0	0	0	0	0	0	0	0	0	0	0	0	0	0	0	0	0	0	0	0	0	0	0	0	0	0	0	0	0	0	0	0	0	0	0	0	0	0	0	0	0	0	0	0	0	0	0	0	0	0	0	0	0	0	0	0	0	0	0	0	0	0	0	0	0	0
0	3	143	378	1	0	0	0	0	605	10	0	0	13	26	0	1	13	0	2	1	0	0	0	0	3	635	0	0	0	0	0	0	0	0	508	0	0	0	0	0	6	0	936	0	0	0	366	0	0	0	0	0	0	0	0	134	0	0	0	0	3	0	0	0	0	0	0	0	0	0	3	0	0
49	4	0	0	2	0	0	0	1	3	0	0	12	1	2	5	22	15	14	6	7	8	0	0	0	149	2	0	0	0	156	0	7	22	35	4	0	0	0	0	0	6	6	3	0	0	0	0	0	0	3	188	0	0	21	0	12	195	552	11	1	2	0	0	0	0	0	0	1	2	3	4	1	153
131	2	0	0	0	0	0	0	0	32	4	0	39	4	0	0	91	0	12	27	132	56	0	2	170	166	15	0	0	0	60	0	10	11	67	0	0	0	0	0	0	0	8	66	0	0	0	0	0	0	12	75	0	0	155	33	12	90	10	60	0	0	0	0	0	0	0	0	0	0	0	2	0	419
0	15	8	0	26	0	0	0	1	0	39	0	5	94	0	1	0	9	0	1	0	0	0	0	0	0	7	0	0	0	0	0	0	0	0	3	0	0	0	0	0	21	100	28	0	0	6	0	0	0	0	0	0	0	1	0	1	4	0	1	0	167	0	54	0	0	1	0	0	2	2	15	12	0
0	20	0	0	0	0	0	24	6	257	16	0	115	23	30	0	10	0	23	147	24	0	0	0	0	26	7	0	0	0	49	0	16	7	36	2	0	0	0	13	0	3	27	18	0	0	0	110	0	0	26	25	0	0	12	87	294	57	239	115	0	11	0	2	0	0	2	0	2	0	20	10	8	62
2	15	0	0	0	0	2	83	10	14	116	0	749	1	2	0	23	0	17	262	301	1	0	0	0	302	7	0	0	0	4	0	38	39	28	0	0	0	0	6	0	11	6	0	0	0	0	0	0	0	0	141	0	0	13	4	42	237	382	357	0	1	0	18	0	0	3	0	2	20	0	13	2	3
0	19	0	6	26	1	0	25	1	12	72	0	172	70	1	2	25	9	16	13	9	0	0	0	1	21	32	0	0	0	30	0	14	19	14	10	0	0	0	21	0	28	0	1	0	11	10	15	0	0	11	6	0	0	6	6	13	19	18	20	31	111	0	48	0	3	4	2	15	10	13	0	1	0
4	3	3	1	12	0	1	0	0	0	0	0	0	48	2	10	0	54	2	3	2	0	0	0	0	0	0	0	0	0	0	0	8	2	0	27	0	0	0	0	0	11	0	54	1	0	2	10	0	1	0	0	0	0	1	0	1	0	37	0	23	11	0	0	0	0	1	0	12	8	2	1	0	0
0	1	0	0	1	316	0	0	0	1	0	0	12	0	3	1	14	1	115	26	79	118	0	2	4	21	0	0	0	0	176	0	61	9	50	2	0	0	0	54	0	0	0	949	88	1	0	0	0	0	205	85	361	0	6	0	364	281	0	20	0	44	0	0	0	0	153	419	0	62	3	0	0	0
