0	0	0	0	0	0	40	3	1	0	0	0	108	0	56	0	119	28	9	3	112	420	0	254	131	39	0	0	89	0	24	0	211	68	307	0	0	0	0	162	24	4	0	32	70	21	0	0	0	0	5	506	21	0	378	50	9	13	11	0	8	18	0	7	0	0	249	0	0	1	122	13	0	3
0	0	5	0	81	0	2	70	0	1	0	0	55	14	0	4	0	6	1	3	2	0	0	0	0	0	0	0	4	0	1	0	3	59	6	0	0	0	0	23	2	3	0	2	6	2	3	4	0	0	0	1	1	0	2	0	4	2	52	3	3	16	0	68	0	0	0	0	0	3	36	0	3	1
0	5	0	6	36	0	0	0	0	372	38	0	6	269	51	8	1	58	3	6	14	0	0	0	0	3	404	0	3	0	50	0	4	1	4	2	0	0	0	0	264	56	15	155	0	4	59	81	0	0	0	13	2	0	6	6	403	3	15	12	60	307	0	39	0	167	0	0	0	168	1	21	31	10
0	0	6	0	0	0	0	47	0	19	0	0	37	0	2	0	6	1	2	42	0	0	0	12	0	0	72	0	26	0	0	0	0	17	45	0	0	0	0	98	40	0	0	0	0	0	0	0	0	0	0	0	0	0	0	21	22	0	70	26	0	0	0	0	0	2	3	0	0	4	56	2	0	0
0	81	36	0	0	0	3	1	4	15	687	0	649	81	0	141	4	8	1	1	3	1	0	0	0	1	0	0	3	0	2	0	9	555	2	0	0	0	0	22	1	401	0	0	0	198	1	3	0	0	0	2	0	0	14	2	20	21	3	1	23	1573	0	537	0	8	1	0	0	7	11	278	1311	5
0	0	0	0	0	0	0	0	0	0	0	0	0	0	0	0	0	0	0	0	0	0	0	0	0	0	0	0	0	0	0	0	0	0	0	0	0	0	0	0	0	0	0	0	0	0	0	0	0	0	0	0	0	0	0	0	0	0	0	0	0	0	0	0	0	0	0	0	0	0	0	0	0	0
40	2	0	0	3	0	0	0	0	0	35	0	0	0	1	0	58	34	0	1	6	4	0	6	0	1	0	0	0	0	0	0	0	1	1	0	0	0	0	0	266	0	2	0	16	0	0	0	0	0	1	11	0	0	10	2	0	19	0	0	0	4	0	0	0	14	0	0	0	0	0	0	14	0
3	70	0	47	1	0	0	0	0	0	0	0	744	0	0	0	11	1	0	141	160	1	0	30	2	112	0	0	32	0	0	0	15	66	39	0	0	0	0	91	0	0	0	0	0	0	0	0	0	0	0	158	0	0	0	3	3	29	22	301	0	0	0	0	0	0	0	0	0	1	2	0	1	0
1	0	0	0	4	0	0	0	0	0	9	0	19	1	0	0	0	11	0	0	0	0	0	0	0	0	0	0	1	0	1	0	0	0	0	0	0	0	0	0	0	0	0	0	0	0	0	0	0	0	1	0	0	0	4	0	0	27	0	21	0	6	0	0	0	0	0	0	0	2	0	0	11	0
0	1	372	19	15	0	0	0	0	0	37	0	0	68	413	5	16	109	296	11	0	1	0	0	0	0	16	0	0	0	305	0	24	0	0	0	0	0	0	4	126	407	7	527	18	0	18	456	0	0	134	0	482	0	1	6	700	42	11	0	52	174	0	0	0	300	0	0	0	388	2	22	37	0
0	0	38	0	687	0	35	0	9	37	0	0	3	479	0	85	12	34	1	15	20	0	0	0	0	17	1	0	0	0	16	0	6	52	0	0	0	0	0	3	24	141	0	0	2	1	0	0	0	0	0	0	0	0	0	0	42	20	2	2	182	853	0	89	0	1	0	0	0	0	23	114	546	0
0	0	0	0	0	0	0	0	0	0	0	0	0	0	0	0	0	0	0	0	0	0	0	0	0	0	0	0	0	0	0	0	0	0	0	0	0	0	0	0	0	0	0	0	0	0	0	0	0	0	0	0	0	0	0	0	0	0	0	0	0	0	0	0	0	0	0	0	0	0	0	0	0	0
108	55	6	37	649	0	0	744	19	0	3	0	0	10	0	132	54	2	236	37	282	13	0	46	8	9	0	0	247	0	2	0	647	800	342	0	0	0	0	987	24	6	1	2	2	386	2	0	0	0	0	20	0	0	20	24	78	149	87	819	1	11	0	124	0	1	2	0	0	25	614	226	7	11
0	14	269	0	81	0	0	0	1	68	479	0	10	0	10	4	2	20	0	4	8	0	0	0	0	0	5	0	1	0	110	0	48	8	1	0	0	0	0	0	29	52	0	9	0	0	146	62	0	0	0	2	0	0	11	25	36	13	7	0	476	2368	0	129	0	14	0	0	0	3	1	117	72	0
56	0	51	2	0	0	1	0	0	413	0	0	0	10	0	46	1	29	147	3	1	0	0	0	0	0	0	0	0	0	5	0	2	0	0	0	0	0	0	1	15	189	0	199	0	6	0	171	0	0	0	1	45	0	0	0	168	9	5	0	0	1	0	0	0	26	1	0	0	100	5	1	0	2
0	4	8	0	141	0	0	0	0	5	85	0	132	4	46	0	2	4	0	2	3	0	0	0	1	4	0	0	6	0	15	0	0	16	0	0	0	0	0	1	2	0	0	0	18	0	0	0	0	0	16	8	0	0	5	1	4	11	0	3	0	210	0	0	0	0	0	0	0	0	0	0	93	0
119	0	1	6	4	0	58	11	0	16	12	0	54	2	1	2	0	72	123	100	281	254	0	9	3	204	0	0	324	0	4	0	194	130	230	0	0	0	0	415	47	19	0	54	223	12	0	0	0	0	1	483	0	0	211	3	27	27	13	0	43	80	0	1	0	1	306	0	0	11	214	15	3	62
28	6	58	1	8	0	34	1	11	109	34	0	2	20	29	4	72	0	5	5	7	19	0	0	1	0	2	0	0	0	45	0	60	9	1	0	3	0	0	3	55	63	10	131	28	6	11	74	0	954	30	39	56	0	26	8	77	33	2	1	68	242	0	0	0	4	2	0	0	17	5	59	22	8
9	1	3	2	1	0	0	0	0	296	1	0	236	0	147	0	123	5	0	180	174	2	0	20	3	121	0	0	245	0	94	0	11	2	69	0	0	0	0	110	2	0	3	0	63	0	0	0	0	0	81	218	62	0	1	6	374	442	186	82	0	1	0	0	0	0	0	0	0	46	2	0	1	0
3	3	6	42	1	0	1	141	0	11	15	0	37	4	3	2	100	5	180	0	59	0	0	4	0	24	0	0	99	0	1	0	170	35	124	0	0	0	0	330	12	2	0	0	5	2	1	17	0	7	5	73	47	0	38	90	202	15	49	8	2	39	0	0	0	2	0	0	0	70	311	89	17	17
112	2	14	0	3	0	6	160	0	0	20	0	282	8	1	3	281	7	174	59	0	27	0	20	17	763	0	0	266	0	1	0	454	318	290	0	0	0	0	659	90	2	0	1	161	28	6	0	0	1	3	920	81	0	91	68	26	229	1	0	13	29	0	4	0	0	1	0	0	0	130	14	28	21
420	0	0	0	1	0	4	1	0	1	0	0	13	0	0	0	254	19	2	0	27	0	0	627	56	103	0	0	43	0	61	0	1	21	51	0	0	0	0	18	3	9	1	8	178	0	0	0	0	0	19	392	2	0	244	8	1	100	9	86	0	3	0	0	0	0	35	0	0	2	6	2	0	6
0	0	0	0	0	0	0	0	0	0	0	0	0	0	0	0	0	0	0	0	0	0	0	0	0	0	0	0	0	0	0	0	0	0	0	0	0	0	0	0	0	0	0	0	0	0	0	0	0	0	0	0	0	0	0	0	0	0	0	0	0	0	0	0	0	0	0	0	0	0	0	0	0	0
254	0	0	12	0	0	6	30	0	0	0	0	46	0	0	0	9	0	20	4	20	627	0	0	1943	14	0	0	109	0	115	0	2	74	131	0	0	0	0	52	3	2	0	0	569	0	0	2	0	0	14	189	758	0	1053	965	80	52	6	18	0	4	0	0	0	0	12	0	0	38	24	6	0	2
131	0	0	0	0	0	0	2	0	0	0	0	8	0	0	1	3	1	3	0	17	56	0	1943	0	10	0	0	9	0	72	0	4	1	16	0	0	0	0	4	1	0	0	0	140	0	0	0	0	0	7	40	44	0	187	239	39	10	0	7	0	3	0	0	0	0	1	0	0	2	1	0	0	0
39	0	3	0	1	0	1	112	0	0	17	0	9	0	0	4	204	0	121	24	763	103	0	14	10	0	0	0	171	0	1	0	534	81	297	0	0	0	0	672	19	0	0	0	105	27	0	0	0	0	5	996	101	0	203	31	26	137	9	26	0	46	0	0	0	2	145	0	0	6	145	46	1	4
0	0	404	72	0	0	0	0	0	16	1	0	0	5	0	0	0	2	0	0	0	0	0	0	0	0	0	0	0	0	0	0	2	0	0	0	0	0	0	0	592	3	0	4	0	1	1	272	0	0	0	0	0	0	1	0	1	2	3	0	2	6	0	0	0	477	0	0	0	1	0	3	1	0
0	0	0	0	0	0	0	0	0	0	0	0	0	0	0	0	0	0	0	0	0	0	0	0	0	0	0	0	0	0	0	0	0	0	0	0	0	0	0	0	0	0	0	0	0	0	0	0	0	0	0	0	0	0	0	0	0	0	0	0	0	0	0	0	0	0	0	0	0	0	0	0	0	0
89	4	3	26	3	0	0	32	1	0	0	0	247	1	0	6	324	0	245	99	266	43	0	109	9	171	0	0	0	0	2	0	135	38	532	0	0	0	0	450	16	6	2	0	110	11	0	0	0	0	0	759	3	0	40	31	24	535	473	511	0	2	0	0	0	0	171	0	0	7	99	29	2	13
0	0	0	0	0	0	0	0	0	0	0	0	0	0	0	0	0	0	0	0	0	0	0	0	0	0	0	0	0	0	0	0	0	0	0	0	0	0	0	0	0	0	0	0	0	0	0	0	0	0	0	0	0	0	0	0	0	0	0	0	0	0	0	0	0	0	0	0	0	0	0	0	0	0
24	1	50	0	2	0	0	0	1	305	16	0	2	110	5	15	4	45	94	1	1	61	0	115	72	1	0	0	2	0	0	0	3	1	3	0	0	0	0	1	1	1	2	192	103	0	113	36	0	0	842	10	662	0	270	6	540	28	21	0	31	93	0	2	0	0	215	0	0	164	2	12	2	183
0	0	0	0	0	0	0	0	0	0	0	0	0	0	0	0	0	0	0	0	0	0	0	0	0	0	0	0	0	0	0	0	0	0	0	0	0	0	0	0	0	0	0	0	0	0	0	0	0	0	0	0	0	0	0	0	0	0	0	0	0	0	0	0	0	0	0	0	0	0	0	0	0	0
211	3	4	0	9	0	0	15	0	24	6	0	647	48	2	0	194	60	11	170	454	1	0	2	4	534	2	0	135	0	3	0	0	23	75	0	0	0	0	215	18	3	0	2	26	7	0	0	0	0	0	521	2	0	11	5	13	140	16	247	4	310	0	0	0	1	3	0	0	5	11	3	63	6
68	59	1	17	555	0	1	66	0	0	52	0	800	8	0	16	130	9	2	35	318	21	0	74	1	81	0	0	38	0	1	0	23	0	20	0	0	0	0	276	15	1	1	17	23	0	0	0	0	0	0	74	17	0	17	2	26	181	70	98	0	35	0	9	0	0	54	0	0	3	136	119	735	7
307	6	4	45	2	0	1	39	0	0	0	0	342	1	0	0	230	1	69	124	290	51	0	131	16	297	0	0	532	0	3	0	75	20	0	0	0	0	0	341	14	6	1	1	83	6	0	0	0	0	2	706	0	0	35	35	26	420	235	204	0	15	0	1	0	2	79	0	0	10	75	3	3	6
0	0	2	0	0	0	0	0	0	0	0	0	0	0	0	0	0	0	0	0	0	0	0	0	0	0	0	0	0	0	0	0	0	0	0	0	0	0	0	0	0	0	0	0	1	0	0	0	0	0	0	0	0	0	0	0	0	3	0	0	0	1	0	0	0	0	0	0	0	0	0	0	0	0
0	0	0	0	0	0	0	0	0	0	0	0	0	0	0	0	0	3	0	0	0	0	0	0	0	0	0	0	0	0	0	0	0	0	0	0	0	0	0	0	0	0	0	0	0	0	0	0	0	0	0	0	0	0	0	0	0	0	0	0	0	0	0	0	0	0	0	0	0	0	0	3	0	0
0	0	0	0	0	0	0	0	0	0	0	0	0	0	0	0	0	0	0	0	0	0	0	0	0	0	0	0	0	0	0	0	0	0	0	0	0	0	0	0	0	0	0	0	0	0	0	0	0	0	0	0	0	0	0	0	0	0	0	0	0	0	0	0	0	0	0	0	0	0	0	0	0	0
0	0	0	0	0	0	0	0	0	0	0	0	0	0	0	0	0	0	0	0	0	0	0	0	0	0	0	0	0	0	0	0	0	0	0	0	0	0	0	0	0	0	0	0	0	0	0	0	0	0	0	0	0	0	0	0	0	0	0	0	0	0	0	0	0	0	0	0	0	0	0	0	0	0
162	23	0	98	22	0	0	91	0	4	3	0	987	0	1	1	415	3	110	330	659	18	0	52	4	672	0	0	450	0	1	0	215	276	341	0	0	0	0	0	17	4	0	0	80	20	0	0	0	0	0	766	4	0	19	12	22	218	56	342	1	3	0	0	0	1	0	0	0	9	105	14	1	0
24	2	264	40	1	0	266	0	0	126	24	0	24	29	15	2	47	55	2	12	90	3	0	3	1	19	592	0	16	0	1	0	18	15	14	0	0	0	0	17	0	9	0	395	8	0	5	353	0	0	3	24	7	0	9	20	8	1	9	1	4	111	0	1	0	380	1	0	0	0	2	3	54	4
4	3	56	0	401	0	0	0	0	407	141	0	6	52	189	0	19	63	0	2	2	9	0	2	0	0	3	0	6	0	1	0	3	1	6	0	0	0	0	4	9	0	3	0	0	0	0	0	0	0	0	2	0	0	1	0	31	383	482	23	0	500	0	0	0	1	0	0	0	1	0	0	61	0
0	0	15	0	0	0	2	0	0	7	0	0	1	0	0	0	0	10	3	0	0	1	0	0	0	0	0	0	2	0	2	0	0	1	1	0	0	0	0	0	0	3	0	0	0	0	0	7	0	0	0	0	0	0	4	11	1	13	5	0	0	6	0	0	0	0	1	0	0	0	0	12	0	1
32	2	155	0	0	0	0	0	0	527	0	0	2	9	199	0	54	131	0	0	1	8	0	0	0	0	4	0	0	0	192	0	2	17	1	0	0	0	0	0	395	0	0	0	5	0	0	0	0	0	99	12	81	0	4	0	133	221	78	0	0	32	0	0	0	18	0	0	0	9	0	0	15	0
70	6	0	0	0	0	16	0	0	18	2	0	2	0	0	18	223	28	63	5	161	178	0	569	140	105	0	0	110	0	103	0	26	23	83	1	0	0	0	80	8	0	0	5	0	2	0	17	0	0	26	58	305	0	329	18	237	91	0	0	48	33	0	0	0	0	101	0	0	74	21	2	1	45
21	2	4	0	198	0	0	0	0	0	1	0	386	0	6	0	12	6	0	2	28	0	0	0	0	27	1	0	11	0	0	0	7	0	6	0	0	0	0	20	0	0	0	0	2	0	0	0	0	0	0	50	0	0	7	0	3	156	12	196	0	3	0	0	0	0	0	0	0	0	0	0	191	0
0	3	59	0	1	0	0	0	0	18	0	0	2	146	0	0	0	11	0	1	6	0	0	0	0	0	1	0	0	0	113	0	0	0	0	0	0	0	0	0	5	0	0	0	0	0	0	0	0	0	0	0	0	0	0	0	1	3	142	0	0	17	0	0	0	0	0	0	0	0	0	0	0	0
0	4	81	0	3	0	0	0	0	456	0	0	0	62	171	0	0	74	0	17	0	0	0	2	0	0	272	0	0	0	36	0	0	0	0	0	0	0	0	0	353	0	7	0	17	0	0	0	0	0	15	0	34	0	11	5	447	10	0	0	0	103	0	0	0	103	0	0	0	20	0	0	3	0
0	0	0	0	0	0	0	0	0	0	0	0	0	0	0	0	0	0	0	0	0	0	0	0	0	0	0	0	0	0	0	0	0	0	0	0	0	0	0	0	0	0	0	0	0	0	0	0	0	0	0	0	0	0	0	0	0	0	0	0	0	0	0	0	0	0	0	0	0	0	0	0	0	0
0	0	0	0	0	0	0	0	0	0	0	0	0	0	0	0	0	954	0	7	1	0	0	0	0	0	0	0	0	0	0	0	0	0	0	0	0	0	0	0	0	0	0	0	0	0	0	0	0	0	0	0	0	0	0	0	0	0	0	0	0	0	0	0	0	0	0	0	0	0	0	0	16	0
5	0	0	0	0	0	1	0	1	134	0	0	0	0	0	16	1	30	81	5	3	19	0	14	7	5	0	0	0	0	842	0	0	0	2	0	0	0	0	0	3	0	0	99	26	0	0	15	0	0	0	9	164	0	20	0	119	46	0	0	0	0	0	0	0	1	73	0	0	158	12	0	0	66
506	1	13	0	2	0	11	158	0	0	0	0	20	2	1	8	483	39	218	73	920	392	0	189	40	996	0	0	759	0	10	0	521	74	706	0	0	0	0	766	24	2	0	12	58	50	0	0	0	0	9	0	118	0	454	239	51	255	0	0	2	18	0	0	0	0	141	0	0	11	69	59	1	14
21	1	2	0	0	0	0	0	0	482	0	0	0	0	45	0	0	56	62	47	81	2	0	758	44	101	0	0	3	0	662	0	2	17	0	0	0	0	0	4	7	0	0	81	305	0	0	34	0	0	164	118	0	0	203	7	528	259	1	3	0	1	0	0	0	0	10	0	0	193	0	1	0	68
0	0	0	0	0	0	0	0	0	0	0	0	0	0	0	0	0	0	0	0	0	0	0	0	0	0	0	0	0	0	0	0	0	0	0	0	0	0	0	0	0	0	0	0	0	0	0	0	0	0	0	0	0	0	0	0	0	0	0	0	0	0	0	0	0	0	0	0	0	0	0	0	0	0
378	2	6	0	14	0	10	0	4	1	0	0	20	11	0	5	211	26	1	38	91	244	0	1053	187	203	1	0	40	0	270	0	11	17	35	0	0	0	0	19	9	1	4	4	329	7	0	11	0	0	20	454	203	0	0	409	24	63	11	41	2	28	0	0	0	0	38	0	0	3	4	3	10	8
50	0	6	21	2	0	2	3	0	6	0	0	24	25	0	1	3	8	6	90	68	8	0	965	239	31	0	0	31	0	6	0	5	2	35	0	0	0	0	12	20	0	11	0	18	0	0	5	0	0	0	239	7	0	409	0	334	6	0	44	1	21	0	0	0	0	1	0	0	400	2	5	0	1
9	4	403	22	20	0	0	3	0	700	42	0	78	36	168	4	27	77	374	202	26	1	0	80	39	26	1	0	24	0	540	0	13	26	26	0	0	0	0	22	8	31	1	133	237	3	1	447	0	0	119	51	528	0	24	334	0	166	181	44	3	91	0	0	0	31	10	0	0	487	18	11	21	137
13	2	3	0	21	0	19	29	27	42	20	0	149	13	9	11	27	33	442	15	229	100	0	52	10	137	2	0	535	0	28	0	140	181	420	3	0	0	0	218	1	383	13	221	91	156	3	10	0	0	46	255	259	0	63	6	166	0	608	643	6	134	0	14	0	0	467	0	0	14	266	20	18	395
11	52	15	70	3	0	0	22	0	11	2	0	87	7	5	0	13	2	186	49	1	9	0	6	0	9	3	0	473	0	21	0	16	70	235	0	0	0	0	56	9	482	5	78	0	12	142	0	0	0	0	0	1	0	11	0	181	608	0	722	0	3	0	0	0	0	560	0	0	332	50	10	28	0
0	3	12	26	1	0	0	301	21	0	2	0	819	0	0	3	0	1	82	8	0	86	0	18	7	26	0	0	511	0	0	0	247	98	204	0	0	0	0	342	1	23	0	0	0	196	0	0	0	0	0	0	3	0	41	44	44	643	722	0	0	1	0	65	0	0	163	0	0	28	308	95	0	0
8	3	60	0	23	0	0	0	0	52	182	0	1	476	0	0	43	68	0	2	13	0	0	0	0	0	2	0	0	0	31	0	4	0	0	0	0	0	0	1	4	0	0	0	48	0	0	0	0	0	0	2	0	0	2	1	3	6	0	0	0	449	0	0	0	0	0	0	0	0	0	0	40	0
18	16	307	0	1573	0	4	0	6	174	853	0	11	2368	1	210	80	242	1	39	29	3	0	4	3	46	6	0	2	0	93	0	310	35	15	1	0	0	0	3	111	500	6	32	33	3	17	103	0	0	0	18	1	0	28	21	91	134	3	1	449	0	0	31	0	7	1	0	0	9	16	207	592	49
0	0	0	0	0	0	0	0	0	0	0	0	0	0	0	0	0	0	0	0	0	0	0	0	0	0	0	0	0	0	0	0	0	0	0	0	0	0	0	0	0	0	0	0	0	0	0	0	0	0	0	0	0	0	0	0	0	0	0	0	0	0	0	0	0	0	0	0	0	0	0	0	0	0
7	68	39	0	537	0	0	0	0	0	89	0	124	129	0	0	1	0	0	0	4	0	0	0	0	0	0	0	0	0	2	0	0	9	1	0	0	0	0	0	1	0	0	0	0	0	0	0	0	0	0	0	0	0	0	0	0	14	0	65	0	31	0	0	0	0	0	0	0	0	0	0	341	0
0	0	0	0	0	0	0	0	0	0	0	0	0	0	0	0	0	0	0	0	0	0	0	0	0	0	0	0	0	0	0	0	0	0	0	0	0	0	0	0	0	0	0	0	0	0	0	0	0	0	0	0	0	0	0	0	0	0	0	0	0	0	0	0	0	0	0	0	0	0	0	0	0	0
0	0	167	2	8	0	14	0	0	300	1	0	1	14	26	0	1	4	0	2	0	0	0	0	0	2	477	0	0	0	0	0	1	0	2	0	0	0	0	1	380	1	0	18	0	0	0	103	0	0	1	0	0	0	0	0	31	0	0	0	0	7	0	0	0	0	0	0	0	0	0	4	5	0
249	0	0	3	1	0	0	0	0	0	0	0	2	0	1	0	306	2	0	0	1	35	0	12	1	145	0	0	171	0	215	0	3	54	79	0	0	0	0	0	1	0	1	0	101	0	0	0	0	0	73	141	10	0	38	1	10	467	560	163	0	1	0	0	0	0	0	0	0	0	0	0	1	0
0	0	0	0	0	0	0	0	0	0	0	0	0	0	0	0	0	0	0	0	0	0	0	0	0	0	0	0	0	0	0	0	0	0	0	0	0	0	0	0	0	0	0	0	0	0	0	0	0	0	0	0	0	0	0	0	0	0	0	0	0	0	0	0	0	0	0	0	0	0	0	0	0	0
0	0	0	0	0	0	0	0	0	0	0	0	0	0	0	0	0	0	0	0	0	0	0	0	0	0	0	0	0	0	0	0	0	0	0	0	0	0	0	0	0	0	0	0	0	0	0	0	0	0	0	0	0	0	0	0	0	0	0	0	0	0	0	0	0	0	0	0	0	0	0	0	0	0
1	3	168	4	7	0	0	1	2	388	0	0	25	3	100	0	11	17	46	70	0	2	0	38	2	6	1	0	7	0	164	0	5	3	10	0	0	0	0	9	0	1	0	9	74	0	0	20	0	0	158	11	193	0	3	400	487	14	332	28	0	9	0	0	0	0	0	0	0	0	5	4	2	3
122	36	1	56	11	0	0	2	0	2	23	0	614	1	5	0	214	5	2	311	130	6	0	24	1	145	0	0	99	0	2	0	11	136	75	0	0	0	0	105	2	0	0	0	21	0	0	0	0	0	12	69	0	0	4	2	18	266	50	308	0	16	0	0	0	0	0	0	0	5	0	0	8	0
13	0	21	2	278	0	0	0	0	22	114	0	226	117	1	0	15	59	0	89	14	2	0	6	0	46	3	0	29	0	12	0	3	119	3	0	3	0	0	14	3	0	12	0	2	0	0	0	0	0	0	59	1	0	3	5	11	20	10	95	0	207	0	0	0	4	0	0	0	4	0	0	141	0
0	3	31	0	1311	0	14	1	11	37	546	0	7	72	0	93	3	22	1	17	28	0	0	0	0	1	1	0	2	0	2	0	63	735	3	0	0	0	0	1	54	61	0	15	1	191	0	3	0	16	0	1	0	0	10	0	21	18	28	0	40	592	0	341	0	5	1	0	0	2	8	141	0	1
3	1	10	0	5	0	0	0	0	0	0	0	11	0	2	0	62	8	0	17	21	6	0	2	0	4	0	0	13	0	183	0	6	7	6	0	0	0	0	0	4	0	1	0	45	0	0	0	0	0	66	14	68	0	8	1	137	395	0	0	0	49	0	0	0	0	0	0	0	3	0	0	1	0
