0	6	0	0	0	166	23	0	0	0	0	0	2	1	0	2	136	0	71	4	1	708	2	368	205	15	0	0	0	0	15	0	56	15	359	0	0	0	1	48	2	0	0	0	45	5	0	4	0	4	1	68	23	0	520	31	0	226	2	4	0	1	0	0	0	0	119	562	0	14	3	5	0	6
6	38	33	0	429	3	9	250	4	8	49	0	1215	57	11	281	24	30	81	103	5	2	25	0	1	7	5	0	0	0	5	0	104	431	20	35	0	0	5	782	12	13	0	9	5	485	21	0	0	1	0	1	2	0	13	5	175	146	67	796	11	82	0	212	0	2	7	10	16	49	318	41	703	2
0	33	0	0	0	0	0	7	4	423	28	0	6	259	282	0	5	20	0	16	8	0	0	0	0	0	458	0	0	0	57	0	7	0	1	4	0	0	0	0	120	19	0	38	14	0	0	475	0	0	0	2	0	0	0	4	265	10	130	25	0	163	0	40	0	65	0	0	10	3	0	26	58	0
0	0	0	0	0	0	0	0	0	3	0	0	0	0	1	0	5	1	0	0	0	0	0	0	0	0	0	0	0	0	0	0	0	0	19	0	0	0	0	0	0	0	0	0	0	0	0	0	0	0	0	0	0	0	0	0	0	0	0	0	8	0	0	0	0	1	0	3	0	0	3	0	1	0
0	429	0	0	0	0	0	31	0	2	542	0	133	82	1	0	8	6	0	3	0	0	0	2	0	4	11	0	0	0	11	0	0	0	0	0	0	0	0	0	9	72	0	0	1	0	0	28	0	0	0	0	0	0	2	0	1	26	0	11	0	671	0	334	0	0	0	0	14	0	0	23	432	0
166	3	0	0	0	0	0	0	0	1	0	0	1	0	0	0	514	0	6	16	284	26	0	14	0	336	0	0	0	0	6	0	32	0	19	0	0	0	0	0	2	0	0	0	119	0	0	0	0	0	3	130	0	0	3	1	0	33	0	2	0	0	0	0	0	0	0	0	0	0	0	3	0	0
23	9	0	0	0	0	0	0	6	1	0	0	1	0	92	0	32	15	0	1	0	7	0	0	0	5	0	0	0	0	0	0	1	0	6	25	0	0	0	0	403	1	0	346	10	0	0	1	0	0	0	34	0	0	0	0	4	0	0	3	0	1	0	0	0	2	0	0	2	0	0	7	1	0
0	250	7	0	31	0	0	0	17	1	1	0	916	10	0	0	741	0	88	431	826	0	1	0	1	44	9	0	0	0	0	0	868	8	43	0	0	0	157	1108	0	0	0	0	23	8	0	0	0	0	0	7	0	0	1	223	15	83	460	1324	0	1	0	7	0	0	0	1	0	65	716	127	1	0
0	4	4	0	0	0	6	17	0	1	0	0	0	5	0	0	3	15	3	46	4	0	0	0	0	1	0	0	0	0	0	0	9	3	18	1	0	0	0	0	0	6	0	1	11	0	5	1	0	4	0	0	1	0	0	9	13	0	23	16	0	0	0	3	0	0	5	2	0	21	14	9	0	11
0	8	423	3	2	1	1	1	1	0	113	0	11	19	768	41	2	68	308	263	0	0	0	0	0	17	59	0	0	0	307	0	14	0	2	478	0	0	0	2	245	341	0	689	4	2	14	1050	0	1	21	4	587	0	13	2	689	6	7	0	3	99	0	1	0	360	0	29	8	601	3	22	37	0
0	49	28	0	542	0	0	1	0	113	0	0	3	361	75	118	0	52	0	75	0	0	28	0	2	0	0	0	0	0	2	0	30	142	0	68	0	0	0	0	0	444	0	86	0	62	110	0	0	2	0	0	0	0	0	0	47	0	14	0	134	645	0	138	0	72	0	0	69	4	0	140	415	2
0	0	0	0	0	0	0	0	0	0	0	0	0	0	0	0	0	0	0	0	0	0	0	0	0	0	0	0	0	0	0	0	0	0	0	0	0	0	0	0	0	0	0	0	0	0	0	0	0	0	0	0	0	0	0	0	0	0	0	0	0	0	0	0	0	0	0	0	0	0	0	0	0	0
2	1215	6	0	133	1	1	916	0	11	3	0	0	7	1	76	260	3	110	58	110	2	2	0	8	10	0	0	0	0	1	0	297	364	30	2	0	0	170	563	16	4	0	9	6	373	2	1	0	0	0	13	0	0	19	25	60	51	81	558	0	25	0	6	0	3	2	3	0	52	314	37	34	8
1	57	259	0	82	0	0	10	5	19	361	0	7	0	173	9	9	28	5	10	5	0	1	0	0	2	28	0	0	0	44	0	26	2	1	17	0	0	16	15	8	265	0	4	25	12	186	1	0	2	0	4	3	0	2	48	39	43	53	1	202	1490	0	87	0	28	7	0	2	39	18	159	100	0
0	11	282	1	1	0	92	0	0	768	75	0	1	173	0	21	1	130	128	3	0	1	0	0	0	36	107	0	0	0	8	0	4	0	1	528	0	0	0	1	308	684	0	770	3	0	67	918	0	14	0	0	23	0	18	0	353	13	41	4	0	231	0	5	0	354	1	51	100	241	2	25	13	1
2	281	0	0	0	0	0	0	0	41	118	0	76	9	21	0	2	14	0	1	0	1	0	0	0	0	0	0	0	0	27	0	0	0	1	0	0	0	0	0	1	4	0	0	0	0	0	22	0	0	11	0	0	0	2	0	4	11	0	0	0	209	0	146	0	0	0	0	17	1	0	16	119	0
136	24	5	5	8	514	32	741	3	2	0	0	260	9	1	2	0	1	67	65	1007	102	3	41	30	643	0	0	0	0	17	0	668	208	159	1	0	0	248	856	2	31	0	4	404	50	2	2	0	0	7	840	205	0	231	25	22	165	19	64	13	70	0	0	0	0	256	150	2	21	171	23	15	22
0	30	20	1	6	0	15	0	15	68	52	0	3	28	130	14	1	0	4	1	2	0	8	0	0	0	0	0	0	0	8	0	7	14	3	55	0	0	1	0	21	60	0	132	60	0	3	49	0	702	4	1	71	0	0	0	88	30	1	0	2	70	0	9	0	15	3	1	62	25	0	84	26	10
71	81	0	0	0	6	0	88	3	308	0	0	110	5	128	0	67	4	0	543	99	80	0	20	1	21	16	0	0	0	102	0	61	0	144	0	0	0	2	8	5	32	0	68	63	0	0	287	0	0	29	49	50	0	13	26	482	299	322	283	0	1	0	0	0	0	3	32	0	20	5	3	0	30
4	103	16	0	3	16	1	431	46	263	75	0	58	10	3	1	65	1	543	0	320	18	141	315	73	84	1	0	0	0	216	0	292	35	97	0	0	0	82	387	3	13	0	9	192	51	3	223	0	0	185	23	343	0	462	560	855	93	236	301	7	42	0	8	0	16	32	121	0	546	341	12	1	49
1	5	8	0	0	284	0	826	4	0	0	0	110	5	0	0	1007	2	99	320	0	16	0	19	21	605	0	0	0	0	1	0	601	205	100	2	0	0	248	555	8	1	0	0	326	96	0	0	0	0	1	338	58	0	95	64	3	27	0	23	0	0	0	0	0	1	5	141	0	6	382	8	0	9
708	2	0	0	0	26	7	0	0	0	0	0	2	0	1	1	102	0	80	18	16	0	7	1057	313	38	0	0	0	0	258	0	29	46	266	1	0	0	0	8	1	0	0	1	212	18	1	3	0	0	64	107	65	0	756	91	0	542	64	229	0	0	0	0	0	0	363	356	0	17	78	5	1	71
2	25	0	0	0	0	0	1	0	0	28	0	2	1	0	0	3	8	0	141	0	7	0	384	31	2	0	0	0	0	1	0	7	0	1	0	0	0	0	0	3	10	0	0	6	0	0	0	0	0	0	0	0	0	218	134	17	10	20	121	0	15	0	0	0	0	0	0	0	0	0	0	19	0
368	0	0	0	2	14	0	0	0	0	0	0	0	0	0	0	41	0	20	315	19	1057	384	0	1381	4	0	0	0	0	82	0	10	36	182	2	0	0	2	2	0	0	0	0	266	0	0	0	0	0	0	0	350	0	944	867	114	46	0	2	0	0	0	0	0	2	2	1102	0	48	38	0	0	2
205	1	0	0	0	0	0	1	0	0	2	0	8	0	0	0	30	0	1	73	21	313	31	1381	0	29	3	0	0	0	29	0	3	0	29	0	0	0	0	3	0	0	0	0	141	0	0	0	0	0	7	27	48	0	290	273	34	13	2	3	0	0	0	0	0	0	0	150	0	0	2	0	0	0
15	7	0	0	4	336	5	44	1	17	0	0	10	2	36	0	643	0	21	84	605	38	2	4	29	0	0	0	0	0	7	0	517	44	43	2	0	0	185	579	3	1	0	0	188	31	0	7	0	0	3	315	83	0	182	31	18	66	6	51	0	24	0	0	0	2	141	152	0	38	231	13	11	2
0	5	458	0	11	0	0	9	0	59	0	0	0	28	107	0	0	0	16	1	0	0	0	0	3	0	0	0	0	0	2	0	5	1	5	512	0	0	1	4	474	12	0	14	0	1	11	363	0	0	0	0	0	0	0	0	1	2	9	8	3	29	0	4	0	545	0	0	0	4	0	29	10	0
0	0	0	0	0	0	0	0	0	0	0	0	0	0	0	0	0	0	0	0	0	0	0	0	0	0	0	0	0	0	0	0	0	0	0	0	0	0	0	0	0	0	0	0	0	0	0	0	0	0	0	0	0	0	0	0	0	0	0	0	0	0	0	0	0	0	0	0	0	0	0	0	0	0
0	0	0	0	0	0	0	0	0	0	0	0	0	0	0	0	0	0	0	0	0	0	0	0	0	0	0	0	0	0	0	0	0	0	0	0	0	0	0	0	0	0	0	0	0	0	0	0	0	0	0	0	0	0	0	0	0	0	0	0	0	0	0	0	0	0	0	0	0	0	0	0	0	0
0	0	0	0	0	0	0	0	0	0	0	0	0	0	0	0	0	0	0	0	0	0	0	0	0	0	0	0	0	0	0	0	0	0	0	0	0	0	0	0	0	0	0	0	0	0	0	0	0	0	0	0	0	0	0	0	0	0	0	0	0	0	0	0	0	0	0	0	0	0	0	0	0	0
15	5	57	0	11	6	0	0	0	307	2	0	1	44	8	27	17	8	102	216	1	258	1	82	29	7	2	0	0	0	0	0	3	37	2	11	0	0	1	4	0	83	0	191	161	13	178	31	0	0	278	18	590	0	354	27	580	79	52	2	0	23	0	63	0	2	243	35	11	302	1	13	12	257
0	0	0	0	0	0	0	0	0	0	0	0	0	0	0	0	0	0	0	0	0	0	0	0	0	0	0	0	0	0	0	0	0	0	0	0	0	0	0	0	0	0	0	0	0	0	0	0	0	0	0	0	0	0	0	0	0	0	0	0	0	0	0	0	0	0	0	0	0	0	0	0	0	0
56	104	7	0	0	32	1	868	9	14	30	0	297	26	4	0	668	7	61	292	601	29	7	10	3	517	5	0	0	0	3	0	0	4	312	0	0	0	13	154	22	4	0	9	106	7	0	1	0	0	2	179	11	0	3	72	33	134	42	285	1	79	0	0	0	0	2	40	4	15	100	26	6	8
15	431	0	0	0	0	0	8	3	0	142	0	364	2	0	0	208	14	0	35	205	46	0	36	0	44	1	0	0	0	37	0	4	0	29	0	0	0	0	0	0	0	0	0	78	0	0	0	0	0	1	107	0	0	3	2	11	398	96	364	0	30	0	72	0	0	0	0	0	1	0	7	249	0
359	20	1	19	0	19	6	43	18	2	0	0	30	1	1	1	159	3	144	97	100	266	1	182	29	43	5	0	0	0	2	0	312	29	0	2	0	0	48	370	1	3	0	8	158	8	3	0	0	0	2	320	2	0	18	99	22	773	761	528	0	38	0	3	0	0	367	410	0	1	213	13	0	0
0	35	4	0	0	0	25	0	1	478	68	0	2	17	528	0	1	55	0	0	2	1	0	2	0	2	512	0	0	0	11	0	0	0	2	0	0	0	0	0	441	65	0	20	7	0	3	626	0	0	0	0	0	0	0	0	28	2	0	1	8	22	0	2	0	134	0	0	31	2	0	41	74	0
0	0	0	0	0	0	0	0	0	0	0	0	0	0	0	0	0	0	0	0	0	0	0	0	0	0	0	0	0	0	0	0	0	0	0	0	0	0	0	0	0	0	0	0	0	0	0	0	0	0	0	0	0	0	0	0	0	0	0	0	0	0	0	0	0	0	0	0	0	0	0	0	0	0
0	0	0	0	0	0	0	0	0	0	0	0	0	0	0	0	0	0	0	0	0	0	0	0	0	0	0	0	0	0	0	0	0	0	0	0	0	0	0	0	0	0	0	0	0	0	0	0	0	0	0	0	0	0	0	0	0	0	0	0	0	0	0	0	0	0	0	0	0	0	0	0	0	0
1	5	0	0	0	0	0	157	0	0	0	0	170	16	0	0	248	1	2	82	248	0	0	2	0	185	1	0	0	0	1	0	13	0	48	0	0	0	0	0	0	0	0	0	52	0	0	0	0	0	0	214	0	0	1	1	0	3	4	17	0	0	0	0	0	0	0	0	0	0	0	0	0	0
48	782	0	0	0	0	0	1108	0	2	0	0	563	15	1	0	856	0	8	387	555	8	0	2	3	579	4	0	0	0	4	0	154	0	370	0	0	0	0	0	1	0	0	0	36	0	0	0	0	0	0	160	0	0	7	11	9	138	8	792	0	0	0	2	0	0	0	0	0	0	5	24	7	0
2	12	120	0	9	2	403	0	0	245	0	0	16	8	308	1	2	21	5	3	8	1	3	0	0	3	474	0	0	0	0	0	22	0	1	441	0	0	0	1	0	0	0	552	2	1	9	667	0	1	0	1	6	0	2	0	9	2	0	2	7	149	0	0	0	437	0	12	0	0	0	32	11	16
0	13	19	0	72	0	1	0	6	341	444	0	4	265	684	4	31	60	32	13	1	0	10	0	0	1	12	0	0	0	83	0	4	0	3	65	0	0	0	0	0	0	0	635	8	0	234	281	0	2	0	0	0	0	0	0	51	569	1029	32	0	381	0	25	0	0	32	0	21	21	65	16	190	0
0	0	0	0	0	0	0	0	0	0	0	0	0	0	0	0	0	0	0	0	0	0	0	0	0	0	0	0	0	0	0	0	0	0	0	0	0	0	0	0	0	0	0	0	0	0	0	0	0	0	0	0	0	0	0	0	0	0	0	0	0	0	0	0	0	0	0	0	0	0	0	0	0	0
0	9	38	0	0	0	346	0	1	689	86	0	9	4	770	0	4	132	68	9	0	1	0	0	0	0	14	0	0	0	191	0	9	0	8	20	0	0	0	0	552	635	0	0	14	0	0	1030	0	0	95	0	48	0	0	0	115	352	4	1	0	73	0	0	0	3	0	0	2	0	6	21	44	0
45	5	14	0	1	119	10	23	11	4	0	0	6	25	3	0	404	60	63	192	326	212	6	266	141	188	0	0	0	0	161	0	106	78	158	7	0	0	52	36	2	8	0	14	0	13	13	0	0	4	98	359	210	0	335	91	181	28	5	14	0	0	0	25	0	0	131	26	0	21	27	21	5	15
5	485	0	0	0	0	0	8	0	2	62	0	373	12	0	0	50	0	0	51	96	18	0	0	0	31	1	0	0	0	13	0	7	0	8	0	0	0	0	0	1	0	0	0	13	0	0	7	0	0	0	47	0	0	0	2	5	253	58	294	0	12	0	0	0	0	0	0	2	0	0	4	232	0
0	21	0	0	0	0	0	0	5	14	110	0	2	186	67	0	2	3	0	3	0	1	0	0	0	0	11	0	0	0	178	0	0	0	3	3	0	0	0	0	9	234	0	0	13	0	0	3	0	0	0	0	0	0	0	0	0	2	506	3	0	29	0	54	0	0	0	0	0	0	0	21	35	0
4	0	475	0	28	0	1	0	1	1050	0	0	1	1	918	22	2	49	287	223	0	3	0	0	0	7	363	0	0	0	31	0	1	0	0	626	0	0	0	0	667	281	0	1030	0	7	3	0	0	2	14	2	491	0	18	0	937	3	1	0	2	15	0	0	0	535	0	2	0	672	1	2	2	0
0	0	0	0	0	0	0	0	0	0	0	0	0	0	0	0	0	0	0	0	0	0	0	0	0	0	0	0	0	0	0	0	0	0	0	0	0	0	0	0	0	0	0	0	0	0	0	0	0	0	0	0	0	0	0	0	0	0	0	0	0	0	0	0	0	0	0	0	0	0	0	0	0	0
4	1	0	0	0	0	0	0	4	1	2	0	0	2	14	0	0	702	0	0	0	0	0	0	0	0	0	0	0	0	0	0	0	0	0	0	0	0	0	0	1	2	0	0	4	0	0	2	0	0	0	0	0	0	0	0	1	12	0	0	0	6	0	2	0	0	0	0	0	0	0	0	0	0
1	0	0	0	0	3	0	0	0	21	0	0	0	0	0	11	7	4	29	185	1	64	0	0	7	3	0	0	0	0	278	0	2	1	2	0	0	0	0	0	0	0	0	95	98	0	0	14	0	0	0	0	76	0	131	0	170	26	0	2	0	0	0	0	0	0	54	0	0	98	1	0	0	59
68	1	2	0	0	130	34	7	0	4	0	0	13	4	0	0	840	1	49	23	338	107	0	0	27	315	0	0	0	0	18	0	179	107	320	0	0	0	214	160	1	0	0	0	359	47	0	2	0	0	0	0	59	0	183	103	29	219	4	46	1	3	0	0	0	0	305	51	0	22	49	9	1	5
23	2	0	0	0	0	0	0	1	587	0	0	0	3	23	0	205	71	50	343	58	65	0	350	48	83	0	0	0	0	590	0	11	0	2	0	0	0	0	0	6	0	0	48	210	0	0	491	0	0	76	59	0	0	152	1	436	55	0	1	0	2	0	0	0	0	0	0	0	7	1	2	4	0
0	0	0	0	0	0	0	0	0	0	0	0	0	0	0	0	0	0	0	0	0	0	0	0	0	0	0	0	0	0	0	0	0	0	0	0	0	0	0	0	0	0	0	0	0	0	0	0	0	0	0	0	0	0	0	0	0	0	0	0	0	0	0	0	0	0	0	0	0	0	0	0	0	0
520	13	0	0	2	3	0	1	0	13	0	0	19	2	18	2	231	0	13	462	95	756	218	944	290	182	0	0	0	0	354	0	3	3	18	0	0	0	1	7	2	0	0	0	335	0	0	18	0	0	131	183	152	0	0	439	2	65	14	48	0	14	0	1	0	0	12	489	0	0	1	2	19	0
31	5	4	0	0	1	0	223	9	2	0	0	25	48	0	0	25	0	26	560	64	91	134	867	273	31	0	0	0	0	27	0	72	2	99	0	0	0	1	11	0	0	0	0	91	2	0	0	0	0	0	103	1	0	439	0	407	59	248	218	1	0	0	1	0	0	0	13	0	95	9	3	2	0
0	175	265	0	1	0	4	15	13	689	47	0	60	39	353	4	22	88	482	855	3	0	17	114	34	18	1	0	0	0	580	0	33	11	22	28	0	0	0	9	9	51	0	115	181	5	0	937	0	1	170	29	436	0	2	407	0	230	472	230	0	119	0	5	0	134	18	12	11	462	14	47	75	119
226	146	10	0	26	33	0	83	0	6	0	0	51	43	13	11	165	30	299	93	27	542	10	46	13	66	2	0	0	0	79	0	134	398	773	2	0	0	3	138	2	569	0	352	28	253	2	3	0	12	26	219	55	0	65	59	230	0	1105	831	5	122	0	2	0	1	693	279	14	96	316	45	37	203
2	67	130	0	0	0	0	460	23	7	14	0	81	53	41	0	19	1	322	236	0	64	20	0	2	6	9	0	0	0	52	0	42	96	761	0	0	0	4	8	0	1029	0	4	5	58	506	1	0	0	0	4	0	0	14	248	472	1105	0	2017	4	63	0	12	0	0	1220	4	60	948	633	165	4	2
4	796	25	0	11	2	3	1324	16	0	0	0	558	1	4	0	64	0	283	301	23	229	121	2	3	51	8	0	0	0	2	0	285	364	528	1	0	0	17	792	2	32	0	1	14	294	3	0	0	0	2	46	1	0	48	218	230	831	2017	0	0	0	0	146	0	0	370	222	0	274	498	115	0	0
0	11	0	8	0	0	0	0	0	3	134	0	0	202	0	0	13	2	0	7	0	0	0	0	0	0	3	0	0	0	0	0	1	0	0	8	0	0	0	0	7	0	0	0	0	0	0	2	0	0	0	1	0	0	0	1	0	5	4	0	0	229	0	0	0	0	0	0	0	0	0	11	81	0
1	82	163	0	671	0	1	1	0	99	645	0	25	1490	231	209	70	70	1	42	0	0	15	0	0	24	29	0	0	0	23	0	79	30	38	22	0	0	0	0	149	381	0	73	0	12	29	15	0	6	0	3	2	0	14	0	119	122	63	0	229	0	0	14	0	13	1	20	66	45	3	325	336	20
0	0	0	0	0	0	0	0	0	0	0	0	0	0	0	0	0	0	0	0	0	0	0	0	0	0	0	0	0	0	0	0	0	0	0	0	0	0	0	0	0	0	0	0	0	0	0	0	0	0	0	0	0	0	0	0	0	0	0	0	0	0	0	0	0	0	0	0	0	0	0	0	0	0
0	212	40	0	334	0	0	7	3	1	138	0	6	87	5	146	0	9	0	8	0	0	0	0	0	0	4	0	0	0	63	0	0	72	3	2	0	0	0	2	0	25	0	0	25	0	54	0	0	2	0	0	0	0	1	1	5	2	12	146	0	14	0	0	0	0	0	5	40	0	3	40	386	1
0	0	0	0	0	0	0	0	0	0	0	0	0	0	0	0	0	0	0	0	0	0	0	0	0	0	0	0	0	0	0	0	0	0	0	0	0	0	0	0	0	0	0	0	0	0	0	0	0	0	0	0	0	0	0	0	0	0	0	0	0	0	0	0	0	0	0	0	0	0	0	0	0	0
0	2	65	1	0	0	2	0	0	360	72	0	3	28	354	0	0	15	0	16	1	0	0	2	0	2	545	0	0	0	2	0	0	0	0	134	0	0	0	0	437	0	0	3	0	0	0	535	0	0	0	0	0	0	0	0	134	1	0	0	0	13	0	0	0	0	0	0	7	0	0	5	1	0
119	7	0	0	0	0	0	0	5	0	0	0	2	7	1	0	256	3	3	32	5	363	0	2	0	141	0	0	0	0	243	0	2	0	367	0	0	0	0	0	0	32	0	0	131	0	0	0	0	0	54	305	0	0	12	0	18	693	1220	370	0	1	0	0	0	0	0	0	0	2	5	7	3	0
562	10	0	3	0	0	0	1	2	29	0	0	3	0	51	0	150	1	32	121	141	356	0	1102	150	152	0	0	0	0	35	0	40	0	410	0	0	0	0	0	12	0	0	0	26	0	0	2	0	0	0	51	0	0	489	13	12	279	4	222	0	20	0	5	0	0	0	0	0	0	0	0	4	0
0	16	10	0	14	0	2	0	0	8	69	0	0	2	100	17	2	62	0	0	0	0	0	0	0	0	0	0	0	0	11	0	4	0	0	31	0	0	0	0	0	21	0	2	0	2	0	0	0	0	0	0	0	0	0	0	11	14	60	0	0	66	0	40	0	7	0	0	0	6	0	2	34	0
14	49	3	0	0	0	0	65	21	601	4	0	52	39	241	1	21	25	20	546	6	17	0	48	0	38	4	0	0	0	302	0	15	1	1	2	0	0	0	0	0	21	0	0	21	0	0	672	0	0	98	22	7	0	0	95	462	96	948	274	0	45	0	0	0	0	2	0	6	0	4	18	4	0
3	318	0	3	0	0	0	716	14	3	0	0	314	18	2	0	171	0	5	341	382	78	0	38	2	231	0	0	0	0	1	0	100	0	213	0	0	0	0	5	0	65	0	6	27	0	0	1	0	0	1	49	1	0	1	9	14	316	633	498	0	3	0	3	0	0	5	0	0	4	0	18	1	0
5	41	26	0	23	3	7	127	9	22	140	0	37	159	25	16	23	84	3	12	8	5	0	0	0	13	29	0	0	0	13	0	26	7	13	41	0	0	0	24	32	16	0	21	21	4	21	2	0	0	0	9	2	0	2	3	47	45	165	115	11	325	0	40	0	5	7	0	2	18	18	0	84	2
0	703	58	1	432	0	1	1	0	37	415	0	34	100	13	119	15	26	0	1	0	1	19	0	0	11	10	0	0	0	12	0	6	249	0	74	0	0	0	7	11	190	0	44	5	232	35	2	0	0	0	1	4	0	19	2	75	37	4	0	81	336	0	386	0	1	3	4	34	4	1	84	0	6
6	2	0	0	0	0	0	0	11	0	2	0	8	0	1	0	22	10	30	49	9	71	0	2	0	2	0	0	0	0	257	0	8	0	0	0	0	0	0	0	16	0	0	0	15	0	0	0	0	0	59	5	0	0	0	0	119	203	2	0	0	20	0	1	0	0	0	0	0	0	0	2	6	0
