0	6	0	0	0	166	23	0	0	0	0	0	2	1	0	2	109	0	51	3	1	503	2	250	158	12	0	0	0	0	12	0	55	15	252	0	0	0	0	48	1	0	0	0	36	5	0	4	0	4	1	33	23	0	395	3	0	214	2	4	0	0	0	0	0	0	99	433	0	13	2	5	0	6
6	40	27	0	294	3	2	187	6	6	77	0	897	35	7	219	23	2	80	101	4	2	25	0	0	4	8	0	0	0	4	0	94	265	16	14	0	0	0	451	4	37	0	8	1	258	14	0	0	0	0	0	1	0	4	5	126	153	60	832	18	34	0	356	0	0	5	8	0	24	175	33	422	0
0	27	0	0	0	0	0	6	0	344	32	0	2	267	223	0	4	14	0	14	6	0	0	0	0	0	423	0	0	0	61	0	7	1	1	25	0	0	0	0	91	22	0	46	7	0	0	496	0	0	0	2	0	0	0	4	262	7	150	29	0	160	0	50	0	127	0	0	5	1	0	21	57	0
0	0	0	0	0	0	0	0	3	16	0	0	0	0	0	0	5	1	0	0	0	0	0	0	0	1	167	0	0	0	0	0	0	0	19	136	0	0	0	0	0	0	0	0	0	0	0	84	0	0	0	0	0	0	0	0	0	0	0	1	8	0	0	0	0	134	0	3	0	0	3	0	0	0
0	294	0	0	0	0	0	31	1	2	718	0	144	87	1	0	7	6	0	3	1	0	0	2	0	4	12	0	0	0	11	0	1	19	1	14	0	0	0	0	9	51	0	0	0	0	0	25	0	0	0	0	0	0	2	0	1	27	0	11	0	680	0	530	0	0	0	0	29	0	0	27	327	0
166	3	0	0	0	0	0	0	0	91	0	0	1	0	0	0	508	0	6	17	322	26	0	14	0	332	0	0	0	0	99	0	35	0	19	0	0	0	0	0	2	0	0	0	119	0	0	78	0	0	3	119	0	0	21	1	84	37	0	3	0	0	0	0	0	0	0	0	0	0	0	3	0	0
23	2	0	0	0	0	0	0	0	1	0	0	1	0	89	0	31	7	0	1	0	1	0	0	0	15	0	0	0	0	0	0	1	0	6	41	0	0	0	0	294	1	0	350	0	0	0	1	0	0	0	0	0	0	1	0	2	0	0	0	0	0	0	0	0	2	0	0	2	0	2	2	2	0
0	187	6	0	31	0	0	0	7	1	1	0	616	10	0	0	558	0	68	197	651	0	1	0	0	23	31	0	0	0	0	0	787	4	63	0	0	0	6	833	0	0	2	0	23	7	0	0	0	0	0	5	0	0	1	113	24	118	413	1114	0	0	0	10	0	0	0	0	0	70	606	131	1	0
0	6	0	3	1	0	0	7	0	0	0	0	15	11	0	7	0	2	6	0	4	2	0	0	0	2	0	0	0	0	1	0	6	4	5	0	0	0	0	8	0	0	0	1	3	3	0	0	0	3	0	2	0	0	2	0	1	2	6	20	3	0	0	0	0	0	1	0	0	6	10	0	0	0
0	6	344	16	2	91	1	1	0	0	77	0	7	17	430	37	2	54	207	235	0	0	0	0	0	0	15	0	0	0	172	0	13	0	0	347	0	0	0	2	116	316	0	590	0	2	11	917	0	0	21	1	309	0	0	0	619	4	4	0	3	37	0	0	0	371	0	5	1	338	1	18	16	0
0	77	32	0	718	0	0	1	0	77	0	0	3	569	75	228	0	52	0	75	2	0	28	0	2	2	7	0	0	0	2	0	13	169	0	65	0	0	0	2	0	375	29	106	0	52	30	0	0	2	0	0	0	0	0	0	62	2	18	3	396	748	0	167	0	74	0	0	102	10	2	103	313	2
0	0	0	0	0	0	0	0	0	0	0	0	0	0	0	0	0	0	0	0	0	0	0	0	0	0	0	0	0	0	0	0	0	0	0	0	0	0	0	0	0	0	0	0	0	0	0	0	0	0	0	0	0	0	0	0	0	0	0	0	0	0	0	0	0	0	0	0	0	0	0	0	0	0
2	897	2	0	144	1	1	616	15	7	3	0	0	4	4	79	202	0	144	37	41	2	2	0	0	1	7	0	0	0	1	0	223	297	61	1	0	0	0	427	8	4	2	0	5	207	3	2	0	0	0	1	1	0	16	14	48	76	52	370	2	10	0	17	0	2	3	3	0	71	281	20	21	14
1	35	267	0	87	0	0	10	11	17	569	0	4	0	59	12	9	4	6	3	4	0	1	0	0	1	35	0	0	0	44	0	16	2	0	56	0	0	0	14	8	310	0	22	13	11	193	1	0	0	0	5	3	0	2	25	23	5	57	1	413	1410	0	160	0	27	8	0	9	34	11	114	97	0
0	7	223	0	1	0	89	0	0	430	75	0	4	59	0	9	1	55	69	0	0	1	0	0	0	1	81	0	0	0	5	0	4	1	1	352	0	0	0	1	253	498	0	677	0	0	19	710	0	0	0	1	8	0	0	0	228	6	11	3	0	189	0	2	0	347	2	10	6	112	2	18	5	2
2	219	0	0	0	0	0	0	7	37	228	0	79	12	9	0	1	13	0	1	0	1	0	0	0	0	0	0	0	0	27	0	1	6	0	7	0	0	0	0	0	4	0	0	0	0	0	10	0	0	11	0	0	0	1	0	6	10	0	0	0	149	0	158	0	0	0	0	7	0	0	14	59	0
109	23	4	5	7	508	31	558	0	2	0	0	202	9	1	1	0	0	49	17	545	70	3	26	9	414	0	0	0	0	16	0	467	193	61	1	0	0	5	665	2	31	0	4	354	41	2	2	0	0	7	323	207	0	107	12	15	152	16	60	13	70	0	0	0	0	234	101	2	15	83	19	14	7
0	2	14	1	6	0	7	0	2	54	52	0	0	4	55	13	0	0	3	1	0	0	8	0	0	0	0	0	0	0	8	0	1	12	0	17	0	0	0	0	12	42	0	108	0	0	1	20	0	780	4	0	59	0	0	0	29	17	1	0	2	36	0	2	0	14	1	0	15	2	0	25	21	3
51	80	0	0	0	6	0	68	6	207	0	0	144	6	69	0	49	3	0	394	89	38	0	6	0	30	17	0	0	0	134	0	61	13	115	0	0	0	0	8	5	31	5	40	29	0	0	331	0	0	29	55	10	0	26	172	550	314	354	377	0	1	0	0	0	0	7	6	0	28	4	3	2	6
3	101	14	0	3	17	1	197	0	235	75	0	37	3	0	1	17	1	394	0	179	17	141	186	52	14	1	0	0	0	119	0	156	41	37	0	0	0	0	240	2	9	0	0	161	60	1	211	0	0	185	9	236	0	300	402	673	111	151	236	7	31	0	0	0	14	19	24	0	383	101	5	4	41
1	4	6	0	1	322	0	651	4	0	2	0	41	4	0	0	545	0	89	179	0	7	0	17	3	733	24	0	0	0	3	0	605	168	134	2	0	0	24	417	1	0	1	0	268	52	1	0	0	0	1	260	146	0	129	40	13	43	1	23	1	0	0	0	0	1	8	192	0	19	260	4	0	2
503	2	0	0	0	26	1	0	2	0	0	0	2	0	1	1	70	0	38	17	7	0	7	490	186	38	2	0	0	0	186	0	31	28	272	1	0	0	0	9	1	0	0	1	98	18	1	2	0	0	64	74	64	0	743	8	0	425	68	69	0	0	0	0	0	0	267	296	0	15	9	5	0	20
2	25	0	0	0	0	0	1	0	0	28	0	2	1	0	0	3	8	0	141	0	7	0	384	31	2	0	0	0	0	1	0	7	0	1	0	0	0	0	0	3	10	0	0	6	0	0	0	0	0	0	0	0	0	218	134	17	10	20	121	0	15	0	0	0	0	0	0	0	0	0	0	19	0
250	0	0	0	2	14	0	0	0	0	0	0	0	0	0	0	26	0	6	186	17	490	384	0	1297	3	0	0	0	0	76	0	10	16	68	2	0	0	0	2	0	0	0	0	20	0	0	0	0	0	0	0	144	0	532	532	89	44	0	2	0	0	0	0	0	2	0	600	0	2	0	0	0	0
158	0	0	0	0	0	0	0	0	0	2	0	0	0	0	0	9	0	0	52	3	186	31	1297	0	6	3	0	0	0	15	0	2	0	18	0	0	0	0	0	0	0	0	0	4	0	0	0	0	0	7	0	4	0	134	168	8	4	0	2	0	0	0	0	0	0	0	71	0	0	0	0	0	0
12	4	0	1	4	332	15	23	2	0	2	0	1	1	1	0	414	0	30	14	733	38	2	3	6	0	18	0	0	0	38	0	588	52	48	4	0	0	19	476	3	2	1	1	177	16	0	8	0	0	3	460	277	0	149	28	12	50	9	29	0	23	0	0	0	2	91	174	0	27	130	8	11	2
0	8	423	167	12	0	0	31	0	15	7	0	7	35	81	0	0	0	17	1	24	2	0	0	3	18	0	0	0	0	2	0	6	3	18	610	0	0	0	8	360	15	0	16	0	2	10	322	0	0	0	20	0	0	11	0	1	2	7	8	7	35	0	4	0	659	2	15	0	11	7	34	8	0
0	0	0	0	0	0	0	0	0	0	0	0	0	0	0	0	0	0	0	0	0	0	0	0	0	0	0	0	0	0	0	0	0	0	0	0	0	0	0	0	0	0	0	0	0	0	0	0	0	0	0	0	0	0	0	0	0	0	0	0	0	0	0	0	0	0	0	0	0	0	0	0	0	0
0	0	0	0	0	0	0	0	0	0	0	0	0	0	0	0	0	0	0	0	0	0	0	0	0	0	0	0	0	0	0	0	0	0	0	0	0	0	0	0	0	0	0	0	0	0	0	0	0	0	0	0	0	0	0	0	0	0	0	0	0	0	0	0	0	0	0	0	0	0	0	0	0	0
0	0	0	0	0	0	0	0	0	0	0	0	0	0	0	0	0	0	0	0	0	0	0	0	0	0	0	0	0	0	0	0	0	0	0	0	0	0	0	0	0	0	0	0	0	0	0	0	0	0	0	0	0	0	0	0	0	0	0	0	0	0	0	0	0	0	0	0	0	0	0	0	0	0
12	4	61	0	11	99	0	0	1	172	2	0	1	44	5	27	16	8	134	119	3	186	1	76	15	38	2	0	0	0	0	0	6	8	9	11	0	0	0	4	0	101	0	174	171	14	129	31	0	0	419	8	417	0	295	0	603	231	59	2	0	23	0	76	0	2	195	45	11	129	4	9	9	166
0	0	0	0	0	0	0	0	0	0	0	0	0	0	0	0	0	0	0	0	0	0	0	0	0	0	0	0	0	0	0	0	0	0	0	0	0	0	0	0	0	0	0	0	0	0	0	0	0	0	0	0	0	0	0	0	0	0	0	0	0	0	0	0	0	0	0	0	0	0	0	0	0	0
55	94	7	0	1	35	1	787	6	13	13	0	223	16	4	1	467	1	61	156	605	31	7	10	2	588	6	0	0	0	6	0	0	11	322	1	0	0	0	184	5	3	3	9	92	10	0	1	0	0	2	177	12	0	21	48	24	161	35	337	3	61	0	0	0	0	1	49	0	20	104	16	8	0
15	265	1	0	19	0	0	4	4	0	169	0	297	2	1	6	193	12	13	41	168	28	0	16	0	52	3	0	0	0	8	0	11	0	16	1	0	0	0	21	0	0	0	0	55	10	0	0	0	0	1	76	1	0	32	2	21	237	86	378	0	11	0	89	0	0	4	3	0	4	25	11	113	0
252	16	1	19	1	19	6	63	5	0	0	0	61	0	1	0	61	0	115	37	134	272	1	68	18	48	18	0	0	0	9	0	322	16	0	2	0	0	14	369	1	3	6	0	112	13	0	0	0	0	2	194	7	0	8	29	39	606	555	344	0	0	0	0	0	0	274	347	0	33	110	7	0	0
0	14	25	136	14	0	41	0	0	347	65	0	1	56	352	7	1	17	0	0	2	1	0	2	0	4	610	0	0	0	11	0	1	1	2	0	0	0	0	0	286	77	0	181	2	0	3	475	0	0	0	1	0	0	0	0	20	0	3	1	16	49	0	2	0	345	0	0	27	3	0	23	41	0
0	0	0	0	0	0	0	0	0	0	0	0	0	0	0	0	0	0	0	0	0	0	0	0	0	0	0	0	0	0	0	0	0	0	0	0	0	0	0	0	0	0	0	0	0	0	0	0	0	0	0	0	0	0	0	0	0	0	0	0	0	0	0	0	0	0	0	0	0	0	0	0	0	0
0	0	0	0	0	0	0	0	0	0	0	0	0	0	0	0	0	0	0	0	0	0	0	0	0	0	0	0	0	0	0	0	0	0	0	0	0	0	0	0	0	0	0	0	0	0	0	0	0	0	0	0	0	0	0	0	0	0	0	0	0	0	0	0	0	0	0	0	0	0	0	0	0	0
0	0	0	0	0	0	0	6	0	0	0	0	0	0	0	0	5	0	0	0	24	0	0	0	0	19	0	0	0	0	0	0	0	0	14	0	0	0	0	0	0	0	0	0	22	0	0	0	0	0	0	23	0	0	0	0	0	0	0	2	0	0	0	0	0	0	0	0	0	0	0	0	0	0
48	451	0	0	0	0	0	833	8	2	2	0	427	14	1	0	665	0	8	240	417	9	0	2	0	476	8	0	0	0	4	0	184	21	369	0	0	0	0	0	1	0	3	0	10	0	0	0	0	0	0	181	0	0	9	8	10	166	42	859	0	0	0	1	0	0	0	0	0	4	5	18	5	0
1	4	91	0	9	2	294	0	0	116	0	0	8	8	253	0	2	12	5	2	1	1	3	0	0	3	360	0	0	0	0	0	5	0	1	286	0	0	0	1	0	0	0	406	0	1	6	277	0	0	0	0	3	0	2	0	6	2	0	1	7	136	0	0	0	339	0	12	0	0	0	23	7	12
0	37	22	0	51	0	1	0	0	316	375	0	4	310	498	4	31	42	31	9	0	0	10	0	0	2	15	0	0	0	101	0	3	0	3	77	0	0	0	0	0	0	7	592	0	0	157	440	0	0	0	0	0	0	1	0	54	421	880	40	0	489	0	11	0	0	8	0	37	24	75	41	123	0
0	0	0	0	0	0	0	2	0	0	29	0	2	0	0	0	0	0	5	0	1	0	0	0	0	1	0	0	0	0	0	0	3	0	6	0	0	0	0	3	0	7	0	0	0	0	0	0	0	0	0	0	2	0	0	0	3	6	11	6	0	0	0	0	0	0	6	0	100	0	6	0	0	0
0	8	46	0	0	0	350	0	1	590	106	0	0	22	677	0	4	108	40	0	0	1	0	0	0	1	16	0	0	0	174	0	9	0	0	181	0	0	0	0	406	592	0	0	0	0	0	1062	0	0	95	0	50	0	3	0	170	233	0	0	0	62	0	0	0	15	0	0	0	0	0	16	37	0
36	1	7	0	0	119	0	23	3	0	0	0	5	13	0	0	354	0	29	161	268	98	6	20	4	177	0	0	0	0	171	0	92	55	112	2	0	0	22	10	0	0	0	0	0	13	0	0	0	0	98	200	94	0	180	70	55	26	3	13	0	0	0	0	0	0	91	17	0	14	9	8	3	1
5	258	0	0	0	0	0	7	3	2	52	0	207	11	0	0	41	0	0	60	52	18	0	0	0	16	2	0	0	0	14	0	10	10	13	0	0	0	0	0	1	0	0	0	13	0	0	0	0	0	0	8	0	0	4	2	8	113	126	253	0	13	0	1	0	0	0	0	0	0	0	3	94	0
0	14	0	0	0	0	0	0	0	11	30	0	3	193	19	0	2	1	0	1	1	1	0	0	0	0	10	0	0	0	129	0	0	0	0	3	0	0	0	0	6	157	0	0	0	0	0	3	0	0	0	0	0	0	1	0	2	6	404	1	0	28	0	50	0	0	0	0	5	0	0	14	16	0
4	0	496	84	25	78	1	0	0	917	0	0	2	1	710	10	2	20	331	211	0	2	0	0	0	8	322	0	0	0	31	0	1	0	0	475	0	0	0	0	277	440	0	1062	0	0	3	0	0	0	16	2	321	0	9	0	1044	9	1	0	2	12	0	0	0	547	0	2	0	509	0	3	0	0
0	0	0	0	0	0	0	0	0	0	0	0	0	0	0	0	0	0	0	0	0	0	0	0	0	0	0	0	0	0	0	0	0	0	0	0	0	0	0	0	0	0	0	0	0	0	0	0	0	0	0	0	0	0	0	0	0	0	0	0	0	0	0	0	0	0	0	0	0	0	0	0	0	0
4	0	0	0	0	0	0	0	3	0	2	0	0	0	0	0	0	780	0	0	0	0	0	0	0	0	0	0	0	0	0	0	0	0	0	0	0	0	0	0	0	0	0	0	0	0	0	0	0	0	0	0	0	0	0	0	0	1	0	0	0	0	0	0	0	0	0	0	0	0	0	0	0	0
1	0	0	0	0	3	0	0	0	21	0	0	0	0	0	11	7	4	29	185	1	64	0	0	7	3	0	0	0	0	419	0	2	1	2	0	0	0	0	0	0	0	0	95	98	0	0	16	0	0	0	0	77	0	131	0	172	37	0	2	0	0	0	0	0	0	54	0	0	98	1	0	0	59
33	0	2	0	0	119	0	5	2	1	0	0	1	5	1	0	323	0	55	9	260	74	0	0	0	460	20	0	0	0	8	0	177	76	194	1	0	0	23	181	0	0	0	0	200	8	0	2	0	0	0	0	221	0	95	38	9	108	4	3	1	0	0	0	0	0	171	71	0	17	103	4	0	2
23	1	0	0	0	0	0	0	0	309	0	0	1	3	8	0	207	59	10	236	146	64	0	144	4	277	0	0	0	0	417	0	12	1	7	0	0	0	0	0	3	0	2	50	94	0	0	321	0	0	77	221	0	0	87	1	258	102	0	21	0	2	0	0	0	0	0	0	0	6	1	1	2	0
0	0	0	0	0	0	0	0	0	0	0	0	0	0	0	0	0	0	0	0	0	0	0	0	0	0	0	0	0	0	0	0	0	0	0	0	0	0	0	0	0	0	0	0	0	0	0	0	0	0	0	0	0	0	0	0	0	0	0	0	0	0	0	0	0	0	0	0	0	0	0	0	0	0
395	4	0	0	2	21	1	1	2	0	0	0	16	2	0	1	107	0	26	300	129	743	218	532	134	149	11	0	0	0	295	0	21	32	8	0	0	0	0	9	2	1	0	3	180	4	1	9	0	0	131	95	87	0	0	487	15	60	3	21	0	14	0	1	0	0	26	493	1	12	12	2	19	0
3	5	4	0	0	1	0	113	0	0	0	0	14	25	0	0	12	0	172	402	40	8	134	532	168	28	0	0	0	0	0	0	48	2	29	0	0	0	0	8	0	0	0	0	70	2	0	0	0	0	0	38	1	0	487	0	458	10	68	123	1	0	0	2	0	0	0	42	0	166	8	3	1	0
0	126	262	0	1	84	2	24	1	619	62	0	48	23	228	6	15	29	550	673	13	0	17	89	8	12	1	0	0	0	603	0	24	21	39	20	0	0	0	10	6	54	3	170	55	8	2	1044	0	0	172	9	258	0	15	458	0	317	503	247	0	95	0	7	0	118	21	12	7	370	46	25	62	97
214	153	7	0	27	37	0	118	2	4	2	0	76	5	6	10	152	17	314	111	43	425	10	44	4	50	2	0	0	0	231	0	161	237	606	0	0	0	0	166	2	421	6	233	26	113	6	9	0	1	37	108	102	0	60	10	317	0	1141	823	5	89	0	1	0	1	602	251	2	139	390	26	37	173
2	60	150	0	0	0	0	413	6	4	18	0	52	57	11	0	16	1	354	151	1	68	20	0	0	9	7	0	0	0	59	0	35	86	555	3	0	0	0	42	0	880	11	0	3	126	404	1	0	0	0	4	0	0	3	68	503	1141	0	1750	4	52	0	30	0	0	978	0	52	795	584	166	7	0
4	832	29	1	11	3	0	1114	20	0	3	0	370	1	3	0	60	0	377	236	23	69	121	2	2	29	8	0	0	0	2	0	337	378	344	1	0	0	2	859	1	40	6	0	13	253	1	0	0	0	2	3	21	0	21	123	247	823	1750	0	0	0	0	189	0	0	295	145	0	288	592	97	0	18
0	18	0	8	0	0	0	0	3	3	396	0	2	413	0	0	13	2	0	7	1	0	0	0	0	0	7	0	0	0	0	0	3	0	0	16	0	0	0	0	7	0	0	0	0	0	0	2	0	0	0	1	0	0	0	1	0	5	4	0	0	338	0	3	0	0	0	0	0	0	0	18	81	0
0	34	160	0	680	0	0	0	0	37	748	0	10	1410	189	149	70	36	1	31	0	0	15	0	0	23	35	0	0	0	23	0	61	11	0	49	0	0	0	0	136	489	0	62	0	13	28	12	0	0	0	0	2	0	14	0	95	89	52	0	338	0	0	26	0	14	1	20	24	34	1	233	280	18
0	0	0	0	0	0	0	0	0	0	0	0	0	0	0	0	0	0	0	0	0	0	0	0	0	0	0	0	0	0	0	0	0	0	0	0	0	0	0	0	0	0	0	0	0	0	0	0	0	0	0	0	0	0	0	0	0	0	0	0	0	0	0	0	0	0	0	0	0	0	0	0	0	0
0	356	50	0	530	0	0	10	0	0	167	0	17	160	2	158	0	2	0	0	0	0	0	0	0	0	4	0	0	0	76	0	0	89	0	2	0	0	0	1	0	11	0	0	0	1	50	0	0	0	0	0	0	0	1	2	7	1	30	189	3	26	0	0	0	0	0	4	40	2	0	51	334	0
0	0	0	0	0	0	0	0	0	0	0	0	0	0	0	0	0	0	0	0	0	0	0	0	0	0	0	0	0	0	0	0	0	0	0	0	0	0	0	0	0	0	0	0	0	0	0	0	0	0	0	0	0	0	0	0	0	0	0	0	0	0	0	0	0	0	0	0	0	0	0	0	0	0
0	0	127	134	0	0	2	0	0	371	74	0	2	27	347	0	0	14	0	14	1	0	0	2	0	2	659	0	0	0	2	0	0	0	0	345	0	0	0	0	339	0	0	15	0	0	0	547	0	0	0	0	0	0	0	0	118	1	0	0	0	14	0	0	0	0	0	0	7	0	0	3	0	0
99	5	0	0	0	0	0	0	1	0	0	0	3	8	2	0	234	1	7	19	8	267	0	0	0	91	2	0	0	0	195	0	1	4	274	0	0	0	0	0	0	8	6	0	91	0	0	0	0	0	54	171	0	0	26	0	21	602	978	295	0	1	0	0	0	0	0	0	0	0	5	5	2	0
433	8	0	3	0	0	0	0	0	5	0	0	3	0	10	0	101	0	6	24	192	296	0	600	71	174	15	0	0	0	45	0	49	3	347	0	0	0	0	0	12	0	0	0	17	0	0	2	0	0	0	71	0	0	493	42	12	251	0	145	0	20	0	4	0	0	0	0	0	0	0	1	4	0
0	0	5	0	29	0	2	0	0	1	102	0	0	9	6	7	2	15	0	0	0	0	0	0	0	0	0	0	0	0	11	0	0	0	0	27	0	0	0	0	0	37	100	0	0	0	5	0	0	0	0	0	0	0	1	0	7	2	52	0	0	24	0	40	0	7	0	0	0	3	0	0	5	0
13	24	1	0	0	0	0	70	6	338	10	0	71	34	112	0	15	2	28	383	19	15	0	2	0	27	11	0	0	0	129	0	20	4	33	3	0	0	0	4	0	24	0	0	14	0	0	509	0	0	98	17	6	0	12	166	370	139	795	288	0	34	0	2	0	0	0	0	3	0	14	2	11	0
2	175	0	3	0	0	2	606	10	1	2	0	281	11	2	0	83	0	4	101	260	9	0	0	0	130	7	0	0	0	4	0	104	25	110	0	0	0	0	5	0	75	6	0	9	0	0	0	0	0	1	103	1	0	12	8	46	390	584	592	0	1	0	0	0	0	5	0	0	14	0	16	2	0
5	33	21	0	27	3	2	131	0	18	103	0	20	114	18	14	19	25	3	5	4	5	0	0	0	8	34	0	0	0	9	0	16	11	7	23	0	0	0	18	23	41	0	16	8	3	14	3	0	0	0	4	1	0	2	3	25	26	166	97	18	233	0	51	0	3	5	1	0	2	16	0	70	0
0	422	57	0	327	0	2	1	0	16	313	0	21	97	5	59	14	21	2	4	0	0	19	0	0	11	8	0	0	0	9	0	8	113	0	41	0	0	0	5	7	123	0	37	3	94	16	0	0	0	0	0	2	0	19	1	62	37	7	0	81	280	0	334	0	0	2	4	5	11	2	70	0	5
6	0	0	0	0	0	0	0	0	0	2	0	14	0	2	0	7	3	6	41	2	20	0	0	0	2	0	0	0	0	166	0	0	0	0	0	0	0	0	0	12	0	0	0	1	0	0	0	0	0	59	2	0	0	0	0	97	173	0	18	0	18	0	0	0	0	0	0	0	0	0	0	5	0
