0	0	0	0	0	0	40	1	1	0	0	0	0	0	16	0	104	28	2	0	110	347	0	128	9	38	0	0	41	0	19	0	194	1	204	0	0	0	0	119	23	4	0	32	10	21	0	0	0	0	4	288	21	0	180	31	9	11	11	0	8	18	0	7	0	0	149	0	0	0	42	13	0	3
0	0	5	0	66	0	0	65	0	1	0	0	52	9	0	4	0	4	0	0	2	0	0	0	0	0	0	0	2	0	1	0	1	55	3	0	0	0	0	17	2	2	0	0	6	2	0	1	0	0	0	1	0	0	0	0	3	1	50	3	1	9	0	66	0	0	0	0	0	1	31	0	2	1
0	5	0	0	28	0	0	0	0	197	24	0	5	176	19	4	0	32	0	3	13	0	0	0	0	3	190	0	3	0	49	0	1	0	4	0	0	0	0	0	105	11	15	0	0	0	16	10	0	0	0	13	0	0	6	6	205	3	3	12	0	242	0	16	0	47	0	0	0	1	0	6	26	0
0	0	0	0	0	0	0	47	0	10	0	0	37	0	1	0	6	0	2	42	0	0	0	12	0	0	0	0	26	0	0	0	0	17	45	0	0	0	0	82	4	0	0	0	0	0	0	0	0	0	0	0	0	0	0	21	22	0	70	26	0	0	0	0	0	1	3	0	0	4	53	2	0	0
0	66	28	0	0	0	0	1	4	5	571	0	506	49	0	57	3	6	1	0	3	1	0	0	0	0	0	0	3	0	1	0	2	325	1	0	0	0	0	11	1	158	0	0	0	193	1	2	0	0	0	1	0	0	12	2	2	4	1	1	18	1010	0	352	0	8	1	0	0	0	1	197	967	0
0	0	0	0	0	0	0	0	0	0	0	0	0	0	0	0	0	0	0	0	0	0	0	0	0	0	0	0	0	0	0	0	0	0	0	0	0	0	0	0	0	0	0	0	0	0	0	0	0	0	0	0	0	0	0	0	0	0	0	0	0	0	0	0	0	0	0	0	0	0	0	0	0	0
40	0	0	0	0	0	0	0	0	7	0	0	0	0	0	0	58	13	0	0	6	4	0	2	0	1	0	0	0	0	0	0	0	0	0	0	0	0	0	0	169	0	2	0	0	0	0	0	0	0	1	9	0	0	8	1	0	18	0	0	0	7	0	0	0	17	0	0	0	0	0	0	1	0
1	65	0	47	1	0	0	0	0	0	0	0	418	0	0	0	1	1	0	9	125	1	0	30	1	53	0	0	6	0	0	0	2	56	3	0	0	0	0	58	0	0	0	0	0	0	0	0	0	0	0	82	0	0	0	3	2	10	0	301	0	0	0	0	0	0	0	0	0	0	0	0	0	0
1	0	0	0	4	0	0	0	0	0	9	0	19	1	0	0	0	11	0	0	0	0	0	0	0	0	0	0	1	0	1	0	0	0	0	0	0	0	0	0	0	0	0	0	0	0	0	0	0	0	1	0	0	0	4	0	0	27	0	21	0	6	0	0	0	0	0	0	0	2	0	0	11	0
0	1	197	10	5	0	7	0	0	0	34	0	1	66	299	3	16	107	296	10	0	1	0	0	0	2	14	0	0	0	267	0	4	0	0	0	0	0	0	2	115	344	7	368	16	0	18	321	0	0	133	0	349	0	1	6	535	47	13	1	47	134	0	0	0	304	1	0	0	346	2	22	36	0
0	0	24	0	571	0	0	0	9	34	0	0	3	413	0	84	12	32	1	13	20	0	0	0	0	17	1	0	0	0	9	0	5	52	0	0	0	0	0	2	5	134	0	0	2	1	0	0	0	0	0	0	0	0	0	0	42	20	2	2	174	714	0	86	0	1	0	0	0	0	23	114	460	0
0	0	0	0	0	0	0	0	0	0	0	0	0	0	0	0	0	0	0	0	0	0	0	0	0	0	0	0	0	0	0	0	0	0	0	0	0	0	0	0	0	0	0	0	0	0	0	0	0	0	0	0	0	0	0	0	0	0	0	0	0	0	0	0	0	0	0	0	0	0	0	0	0	0
0	52	5	37	506	0	0	418	19	1	3	0	0	5	0	87	6	0	107	16	347	9	0	47	7	20	0	0	197	0	1	0	967	397	276	0	0	0	0	987	9	7	1	2	2	382	0	2	0	0	0	21	0	0	12	18	57	188	151	1519	0	6	0	113	0	2	3	0	0	22	319	143	3	1
0	9	176	0	49	0	0	0	1	66	413	0	5	0	10	1	2	14	0	0	9	1	0	0	0	0	2	0	1	0	84	0	2	8	0	0	0	0	0	0	5	5	0	2	0	0	9	2	0	0	0	2	0	0	11	0	10	4	8	0	200	1499	0	2	0	13	0	0	0	1	1	100	34	0
16	0	19	1	0	0	0	0	0	299	0	0	0	10	0	26	1	29	141	0	1	0	0	0	0	0	0	0	0	0	5	0	2	0	0	0	0	0	0	0	15	169	0	181	0	6	0	171	0	0	0	1	17	0	0	0	130	8	2	0	0	1	0	0	0	25	0	0	0	90	5	1	0	2
0	4	4	0	57	0	0	0	0	3	84	0	87	1	26	0	0	4	0	1	1	0	0	0	0	4	0	0	6	0	15	0	0	9	0	0	0	0	0	1	0	0	0	0	0	0	0	0	0	0	16	7	0	0	0	1	0	5	0	3	0	92	0	0	0	0	0	0	0	0	0	0	59	0
104	0	0	6	3	0	58	1	0	16	12	0	6	2	1	0	0	71	33	10	64	149	0	6	1	36	0	0	120	0	2	0	119	30	73	0	0	0	0	109	34	19	0	54	48	1	0	0	0	0	1	268	0	0	104	2	4	7	2	0	43	80	0	1	0	1	16	0	0	1	35	12	3	1
28	4	32	0	6	0	13	1	11	107	32	0	0	14	29	4	71	0	5	1	7	18	0	0	0	0	1	0	0	0	40	0	30	1	0	0	3	0	0	3	51	58	10	83	1	0	3	33	0	598	24	39	28	0	19	8	21	24	3	1	36	176	0	0	0	3	0	0	0	8	0	47	11	6
2	0	0	2	1	0	0	0	0	296	1	0	107	0	141	0	33	5	0	66	124	2	0	6	2	42	0	0	104	0	94	0	11	1	4	0	0	0	0	105	0	0	3	0	26	0	0	0	0	0	81	129	33	0	3	4	299	456	50	123	0	0	0	0	0	0	0	0	0	21	0	0	1	0
0	0	3	42	0	0	0	9	0	10	13	0	16	0	0	1	10	1	66	0	30	0	0	4	0	10	0	0	16	0	1	0	72	1	18	0	0	0	0	153	4	0	0	0	5	0	0	17	0	7	5	1	46	0	12	90	173	0	27	8	0	1	0	0	0	2	0	0	0	67	195	10	17	0
110	2	13	0	3	0	6	125	0	0	20	0	347	9	1	1	64	7	124	30	0	37	0	16	13	1080	0	0	243	0	5	0	846	188	291	0	0	0	0	850	72	5	0	1	30	27	5	0	0	0	3	1086	167	0	97	40	25	318	4	17	10	20	0	4	0	2	9	0	0	0	45	11	28	8
347	0	0	0	1	0	4	1	0	1	0	0	9	1	0	0	149	18	2	0	37	0	0	843	56	191	0	0	146	0	160	0	6	13	173	0	0	0	0	42	3	9	1	8	95	0	0	0	0	0	19	727	14	0	301	8	2	461	6	344	0	3	0	0	0	0	87	0	0	2	6	2	0	14
0	0	0	0	0	0	0	0	0	0	0	0	0	0	0	0	0	0	0	0	0	0	0	0	0	0	0	0	0	0	0	0	0	0	0	0	0	0	0	0	0	0	0	0	0	0	0	0	0	0	0	0	0	0	0	0	0	0	0	0	0	0	0	0	0	0	0	0	0	0	0	0	0	0
128	0	0	12	0	0	2	30	0	0	0	0	47	0	0	0	6	0	6	4	16	843	0	0	1739	12	0	0	123	0	145	0	23	68	143	0	0	0	0	100	1	2	0	0	196	0	0	0	0	0	6	393	226	0	655	377	75	158	6	19	0	4	0	0	0	0	4	0	0	34	18	6	0	2
9	0	0	0	0	0	0	1	0	0	0	0	7	0	0	0	1	0	2	0	13	56	0	1739	0	9	0	0	42	0	68	0	6	0	4	0	0	0	0	16	0	0	0	0	21	0	0	0	0	0	1	29	6	0	51	68	35	31	0	13	0	1	0	0	0	0	0	0	0	0	0	0	0	0
38	0	3	0	0	0	1	53	0	2	17	0	20	0	0	4	36	0	42	10	1080	191	0	12	9	0	0	0	149	0	4	0	654	29	246	0	0	0	0	617	11	6	0	0	1	24	0	0	0	0	5	819	262	0	161	16	24	256	17	102	0	77	0	0	0	1	261	0	0	3	134	13	1	4
0	0	190	0	0	0	0	0	0	14	1	0	0	2	0	0	0	1	0	0	0	0	0	0	0	0	0	0	0	0	0	0	0	0	0	0	0	0	0	0	306	2	0	3	0	0	0	117	0	0	0	0	0	0	1	0	0	0	2	0	1	5	0	0	0	387	0	0	0	1	0	2	1	0
0	0	0	0	0	0	0	0	0	0	0	0	0	0	0	0	0	0	0	0	0	0	0	0	0	0	0	0	0	0	0	0	0	0	0	0	0	0	0	0	0	0	0	0	0	0	0	0	0	0	0	0	0	0	0	0	0	0	0	0	0	0	0	0	0	0	0	0	0	0	0	0	0	0
41	2	3	26	3	0	0	6	1	0	0	0	197	1	0	6	120	0	104	16	243	146	0	123	42	149	0	0	0	0	2	0	281	12	407	0	0	0	0	456	16	1	2	0	11	5	0	0	0	0	0	754	10	0	47	31	17	819	324	581	0	2	0	0	0	0	295	0	0	4	41	1	2	2
0	0	0	0	0	0	0	0	0	0	0	0	0	0	0	0	0	0	0	0	0	0	0	0	0	0	0	0	0	0	0	0	0	0	0	0	0	0	0	0	0	0	0	0	0	0	0	0	0	0	0	0	0	0	0	0	0	0	0	0	0	0	0	0	0	0	0	0	0	0	0	0	0	0
19	1	49	0	1	0	0	0	1	267	9	0	1	84	5	15	2	40	94	1	5	160	0	145	68	4	0	0	2	0	0	0	3	1	9	0	0	0	0	3	1	1	2	139	80	0	79	22	0	0	441	18	538	0	248	5	397	51	0	0	17	73	0	2	0	0	200	0	0	137	2	12	0	382
0	0	0	0	0	0	0	0	0	0	0	0	0	0	0	0	0	0	0	0	0	0	0	0	0	0	0	0	0	0	0	0	0	0	0	0	0	0	0	0	0	0	0	0	0	0	0	0	0	0	0	0	0	0	0	0	0	0	0	0	0	0	0	0	0	0	0	0	0	0	0	0	0	0
194	1	1	0	2	0	0	2	0	4	5	0	967	2	2	0	119	30	11	72	846	6	0	23	6	654	0	0	281	0	3	0	0	10	225	0	0	0	0	353	10	11	0	1	7	6	0	0	0	0	0	598	23	0	17	3	8	210	22	425	4	153	0	0	0	1	13	0	0	3	5	2	11	8
1	55	0	17	325	0	0	56	0	0	52	0	397	8	0	9	30	1	1	1	188	13	0	68	0	29	0	0	12	0	1	0	10	0	8	0	0	0	0	152	13	0	1	1	12	0	0	0	0	0	0	27	3	0	4	2	16	127	69	98	0	19	0	3	0	0	19	0	0	1	50	54	367	0
204	3	4	45	1	0	0	3	0	0	0	0	276	0	0	0	73	0	4	18	291	173	0	143	4	246	0	0	407	0	9	0	225	8	0	0	0	0	0	358	12	6	1	0	5	5	0	0	0	0	2	656	24	0	21	8	13	857	125	588	0	3	0	0	0	2	67	0	0	4	6	1	1	0
0	0	0	0	0	0	0	0	0	0	0	0	0	0	0	0	0	0	0	0	0	0	0	0	0	0	0	0	0	0	0	0	0	0	0	0	0	0	0	0	0	0	0	0	0	0	0	0	0	0	0	0	0	0	0	0	0	0	0	0	0	0	0	0	0	0	0	0	0	0	0	0	0	0
0	0	0	0	0	0	0	0	0	0	0	0	0	0	0	0	0	3	0	0	0	0	0	0	0	0	0	0	0	0	0	0	0	0	0	0	0	0	0	0	0	0	0	0	0	0	0	0	0	0	0	0	0	0	0	0	0	0	0	0	0	0	0	0	0	0	0	0	0	0	0	3	0	0
0	0	0	0	0	0	0	0	0	0	0	0	0	0	0	0	0	0	0	0	0	0	0	0	0	0	0	0	0	0	0	0	0	0	0	0	0	0	0	0	0	0	0	0	0	0	0	0	0	0	0	0	0	0	0	0	0	0	0	0	0	0	0	0	0	0	0	0	0	0	0	0	0	0
0	0	0	0	0	0	0	0	0	0	0	0	0	0	0	0	0	0	0	0	0	0	0	0	0	0	0	0	0	0	0	0	0	0	0	0	0	0	0	0	0	0	0	0	0	0	0	0	0	0	0	0	0	0	0	0	0	0	0	0	0	0	0	0	0	0	0	0	0	0	0	0	0	0
119	17	0	82	11	0	0	58	0	2	2	0	987	0	0	1	109	3	105	153	850	42	0	100	16	617	0	0	456	0	3	0	353	152	358	0	0	0	0	0	15	2	0	0	15	3	0	0	0	0	0	661	8	0	37	12	30	321	40	755	1	3	0	0	0	1	0	0	0	5	61	14	1	0
23	2	105	4	1	0	169	0	0	115	5	0	9	5	15	0	34	51	0	4	72	3	0	1	0	11	306	0	16	0	1	0	10	13	12	0	0	0	0	15	0	7	0	235	5	0	0	235	0	0	0	24	7	0	6	12	6	1	9	1	1	79	0	1	0	354	1	0	0	0	0	3	31	2
4	2	11	0	158	0	0	0	0	344	134	0	7	5	169	0	19	58	0	0	5	9	0	2	0	6	2	0	1	0	1	0	11	0	6	0	0	0	0	2	7	0	3	0	0	0	0	0	0	0	0	2	0	0	1	0	26	654	138	89	0	558	0	0	0	12	0	0	2	0	0	0	38	0
0	0	15	0	0	0	2	0	0	7	0	0	1	0	0	0	0	10	3	0	0	1	0	0	0	0	0	0	2	0	2	0	0	1	1	0	0	0	0	0	0	3	0	0	0	0	0	7	0	0	0	0	0	0	4	11	1	8	5	0	0	6	0	0	0	0	1	0	0	0	0	12	0	1
32	0	0	0	0	0	0	0	0	368	0	0	2	2	181	0	54	83	0	0	1	8	0	0	0	0	3	0	0	0	139	0	1	1	0	0	0	0	0	0	235	0	0	0	0	0	0	0	0	0	79	12	34	0	4	0	100	179	0	0	0	1	0	0	0	18	0	0	0	0	0	0	2	0
10	6	0	0	0	0	0	0	0	16	2	0	2	0	0	0	48	1	26	5	30	95	0	196	21	1	0	0	11	0	80	0	7	12	5	0	0	0	0	15	5	0	0	0	0	2	0	0	0	0	4	37	118	0	36	13	9	65	0	0	21	0	0	0	0	0	36	0	0	69	21	0	0	20
21	2	0	0	193	0	0	0	0	0	1	0	382	0	6	0	1	0	0	0	27	0	0	0	0	24	0	0	5	0	0	0	6	0	5	0	0	0	0	3	0	0	0	0	2	0	0	0	0	0	0	49	0	0	3	0	0	145	0	196	0	1	0	0	0	0	0	0	0	0	0	0	188	0
0	0	16	0	1	0	0	0	0	18	0	0	0	9	0	0	0	3	0	0	5	0	0	0	0	0	0	0	0	0	79	0	0	0	0	0	0	0	0	0	0	0	0	0	0	0	0	0	0	0	0	0	0	0	0	0	0	0	4	0	0	3	0	0	0	0	0	0	0	0	0	0	0	0
0	1	10	0	2	0	0	0	0	321	0	0	2	2	171	0	0	33	0	17	0	0	0	0	0	0	117	0	0	0	22	0	0	0	0	0	0	0	0	0	235	0	7	0	0	0	0	0	0	0	15	0	20	0	0	5	302	0	0	0	0	18	0	0	0	103	0	0	0	11	0	0	0	0
0	0	0	0	0	0	0	0	0	0	0	0	0	0	0	0	0	0	0	0	0	0	0	0	0	0	0	0	0	0	0	0	0	0	0	0	0	0	0	0	0	0	0	0	0	0	0	0	0	0	0	0	0	0	0	0	0	0	0	0	0	0	0	0	0	0	0	0	0	0	0	0	0	0
0	0	0	0	0	0	0	0	0	0	0	0	0	0	0	0	0	598	0	7	0	0	0	0	0	0	0	0	0	0	0	0	0	0	0	0	0	0	0	0	0	0	0	0	0	0	0	0	0	0	0	0	0	0	0	0	0	0	0	0	0	0	0	0	0	0	0	0	0	0	0	0	16	0
4	0	0	0	0	0	1	0	1	133	0	0	0	0	0	16	1	24	81	5	3	19	0	6	1	5	0	0	0	0	441	0	0	0	2	0	0	0	0	0	0	0	0	79	4	0	0	15	0	0	0	9	114	0	17	0	106	46	0	0	0	0	0	0	0	1	64	0	0	96	12	0	0	66
288	1	13	0	1	0	9	82	0	0	0	0	21	2	1	7	268	39	129	1	1086	727	0	393	29	819	0	0	754	0	18	0	598	27	656	0	0	0	0	661	24	2	0	12	37	49	0	0	0	0	9	0	230	0	436	48	43	364	1	9	1	18	0	0	0	0	164	0	0	9	40	31	0	15
21	0	0	0	0	0	0	0	0	349	0	0	0	0	17	0	0	28	33	46	167	14	0	226	6	262	0	0	10	0	538	0	23	3	24	0	0	0	0	8	7	0	0	34	118	0	0	20	0	0	114	230	0	0	22	4	286	311	1	4	0	1	0	0	0	0	2	0	0	44	0	1	0	33
0	0	0	0	0	0	0	0	0	0	0	0	0	0	0	0	0	0	0	0	0	0	0	0	0	0	0	0	0	0	0	0	0	0	0	0	0	0	0	0	0	0	0	0	0	0	0	0	0	0	0	0	0	0	0	0	0	0	0	0	0	0	0	0	0	0	0	0	0	0	0	0	0	0
180	0	6	0	12	0	8	0	4	1	0	0	12	11	0	0	104	19	3	12	97	301	0	655	51	161	1	0	47	0	248	0	17	4	21	0	0	0	0	37	6	1	4	4	36	3	0	0	0	0	17	436	22	0	0	163	2	76	5	43	2	27	0	0	0	0	29	0	0	2	0	3	4	8
31	0	6	21	2	0	1	3	0	6	0	0	18	0	0	1	2	8	4	90	40	8	0	377	68	16	0	0	31	0	5	0	3	2	8	0	0	0	0	12	12	0	11	0	13	0	0	5	0	0	0	48	4	0	163	0	165	6	0	44	1	3	0	0	0	0	1	0	0	164	2	5	0	1
9	3	205	22	2	0	0	2	0	535	42	0	57	10	130	0	4	21	299	173	25	2	0	75	35	24	0	0	17	0	397	0	8	16	13	0	0	0	0	30	6	26	1	100	9	0	0	302	0	0	106	43	286	0	2	165	0	103	90	59	0	56	0	0	0	30	7	0	0	298	6	9	14	104
11	1	3	0	4	0	18	10	27	47	20	0	188	4	8	5	7	24	456	0	318	461	0	158	31	256	0	0	819	0	51	0	210	127	857	0	0	0	0	321	1	654	8	179	65	145	0	0	0	0	46	364	311	0	76	6	103	0	699	1379	0	51	0	0	0	7	882	0	0	12	224	20	12	580
11	50	3	70	1	0	0	0	0	13	2	0	151	8	2	0	2	3	50	27	4	6	0	6	0	17	2	0	324	0	0	0	22	69	125	0	0	0	0	40	9	138	5	0	0	0	4	0	0	0	0	1	1	0	5	0	90	699	0	1304	0	2	0	0	0	0	232	0	0	84	6	4	27	0
0	3	12	26	1	0	0	301	21	1	2	0	1519	0	0	3	0	1	123	8	17	344	0	19	13	102	0	0	581	0	0	0	425	98	588	0	0	0	0	755	1	89	0	0	0	196	0	0	0	0	0	9	4	0	43	44	59	1379	1304	0	0	1	0	101	0	0	299	0	0	28	308	95	0	1
8	1	0	0	18	0	0	0	0	47	174	0	0	200	0	0	43	36	0	0	10	0	0	0	0	0	1	0	0	0	17	0	4	0	0	0	0	0	0	1	1	0	0	0	21	0	0	0	0	0	0	1	0	0	2	1	0	0	0	0	0	140	0	0	0	0	0	0	0	0	0	0	33	0
18	9	242	0	1010	0	7	0	6	134	714	0	6	1499	1	92	80	176	0	1	20	3	0	4	1	77	5	0	2	0	73	0	153	19	3	0	0	0	0	3	79	558	6	1	0	1	3	18	0	0	0	18	1	0	27	3	56	51	2	1	140	0	0	5	0	18	1	0	0	0	0	191	468	36
0	0	0	0	0	0	0	0	0	0	0	0	0	0	0	0	0	0	0	0	0	0	0	0	0	0	0	0	0	0	0	0	0	0	0	0	0	0	0	0	0	0	0	0	0	0	0	0	0	0	0	0	0	0	0	0	0	0	0	0	0	0	0	0	0	0	0	0	0	0	0	0	0	0
7	66	16	0	352	0	0	0	0	0	86	0	113	2	0	0	1	0	0	0	4	0	0	0	0	0	0	0	0	0	2	0	0	3	0	0	0	0	0	0	1	0	0	0	0	0	0	0	0	0	0	0	0	0	0	0	0	0	0	101	0	5	0	0	0	0	0	0	0	0	0	0	254	0
0	0	0	0	0	0	0	0	0	0	0	0	0	0	0	0	0	0	0	0	0	0	0	0	0	0	0	0	0	0	0	0	0	0	0	0	0	0	0	0	0	0	0	0	0	0	0	0	0	0	0	0	0	0	0	0	0	0	0	0	0	0	0	0	0	0	0	0	0	0	0	0	0	0
0	0	47	1	8	0	17	0	0	304	1	0	2	13	25	0	1	3	0	2	2	0	0	0	0	1	387	0	0	0	0	0	1	0	2	0	0	0	0	1	354	12	0	18	0	0	0	103	0	0	1	0	0	0	0	0	30	7	0	0	0	18	0	0	0	0	0	0	0	0	0	4	3	0
149	0	0	3	1	0	0	0	0	1	0	0	3	0	0	0	16	0	0	0	9	87	0	4	0	261	0	0	295	0	200	0	13	19	67	0	0	0	0	0	1	0	1	0	36	0	0	0	0	0	64	164	2	0	29	1	7	882	232	299	0	1	0	0	0	0	0	0	0	0	0	0	0	0
0	0	0	0	0	0	0	0	0	0	0	0	0	0	0	0	0	0	0	0	0	0	0	0	0	0	0	0	0	0	0	0	0	0	0	0	0	0	0	0	0	0	0	0	0	0	0	0	0	0	0	0	0	0	0	0	0	0	0	0	0	0	0	0	0	0	0	0	0	0	0	0	0	0
0	0	0	0	0	0	0	0	0	0	0	0	0	0	0	0	0	0	0	0	0	0	0	0	0	0	0	0	0	0	0	0	0	0	0	0	0	0	0	0	0	2	0	0	0	0	0	0	0	0	0	0	0	0	0	0	0	0	0	0	0	0	0	0	0	0	0	0	0	0	0	0	0	0
0	1	1	4	0	0	0	0	2	346	0	0	22	1	90	0	1	8	21	67	0	2	0	34	0	3	1	0	4	0	137	0	3	1	4	0	0	0	0	5	0	0	0	0	69	0	0	11	0	0	96	9	44	0	2	164	298	12	84	28	0	0	0	0	0	0	0	0	0	0	3	0	1	2
42	31	0	53	1	0	0	0	0	2	23	0	319	1	5	0	35	0	0	195	45	6	0	18	0	134	0	0	41	0	2	0	5	50	6	0	0	0	0	61	0	0	0	0	21	0	0	0	0	0	12	40	0	0	0	2	6	224	6	308	0	0	0	0	0	0	0	0	0	3	0	0	8	0
13	0	6	2	197	0	0	0	0	22	114	0	143	100	1	0	12	47	0	10	11	2	0	6	0	13	2	0	1	0	12	0	2	54	1	0	3	0	0	14	3	0	12	0	0	0	0	0	0	0	0	31	1	0	3	5	9	20	4	95	0	191	0	0	0	4	0	0	0	0	0	0	126	0
0	2	26	0	967	0	1	0	11	36	460	0	3	34	0	59	3	11	1	17	28	0	0	0	0	1	1	0	2	0	0	0	11	367	1	0	0	0	0	1	31	38	0	2	0	188	0	0	0	16	0	0	0	0	4	0	14	12	27	0	33	468	0	254	0	3	0	0	0	1	8	126	0	1
3	1	0	0	0	0	0	0	0	0	0	0	1	0	2	0	1	6	0	0	8	14	0	2	0	4	0	0	2	0	382	0	8	0	0	0	0	0	0	0	2	0	1	0	20	0	0	0	0	0	66	15	33	0	8	1	104	580	0	1	0	36	0	0	0	0	0	0	0	2	0	0	1	0
