0	0	0	0	0	0	38	2	0	0	0	0	108	0	56	0	110	23	8	3	2	200	0	196	122	1	0	0	121	0	7	0	54	68	146	0	0	0	0	45	24	4	0	32	63	0	0	0	0	0	1	300	0	0	377	19	1	5	0	0	8	18	0	7	0	0	176	0	0	1	80	10	0	0
0	0	14	3	160	0	2	159	0	2	1	0	140	17	3	34	3	3	3	3	2	0	0	0	0	0	1	0	5	0	1	0	14	129	6	1	0	0	0	53	4	6	0	3	8	6	14	4	0	0	0	2	1	0	4	0	17	12	114	0	23	28	0	150	0	1	2	0	1	3	101	0	3	0
0	14	0	8	194	0	2	1	0	396	78	0	9	521	207	66	1	44	3	7	15	0	0	0	0	0	576	0	1	0	58	0	145	1	0	118	0	0	0	1	283	80	15	244	8	4	177	201	0	0	0	0	2	0	0	7	440	3	15	0	176	272	0	54	0	265	0	1	7	226	1	131	25	10
0	3	8	0	9	0	0	12	0	10	0	0	9	0	2	0	1	2	2	13	0	0	0	0	0	0	162	0	10	0	0	0	1	1	12	0	0	0	0	33	37	0	0	0	0	0	0	0	0	0	0	0	0	0	0	9	13	5	15	26	0	8	0	0	0	2	1	0	0	0	35	0	4	0
0	160	194	9	0	0	3	2	0	11	678	0	548	186	21	271	9	49	2	2	7	0	0	0	0	1	15	0	0	0	6	0	42	858	3	14	0	0	0	187	69	380	0	1	0	12	9	6	0	0	0	2	0	0	11	1	50	95	5	0	157	1236	0	485	0	1	1	2	73	26	49	365	1212	6
0	0	0	0	0	0	0	0	0	0	0	0	0	0	0	0	0	0	0	0	0	0	0	0	0	0	0	0	0	0	0	0	0	0	0	0	0	0	0	0	0	0	0	0	0	0	0	0	0	0	0	0	0	0	0	0	0	0	0	0	0	0	0	0	0	0	0	0	0	0	0	0	0	0
38	2	2	0	3	0	0	0	0	0	35	0	0	0	1	0	56	31	0	1	15	4	0	6	0	6	0	0	0	0	0	0	1	1	1	0	0	0	0	1	261	0	2	0	17	0	0	0	0	0	1	9	0	0	10	2	0	35	0	0	0	4	0	0	0	0	0	0	0	0	0	0	16	0
2	159	1	12	2	0	0	0	0	0	2	0	630	0	0	0	18	1	0	141	68	1	0	2	1	90	0	0	71	0	0	0	21	142	36	0	0	0	0	255	0	0	0	0	0	0	0	0	0	0	0	79	0	0	1	0	5	68	22	0	0	0	0	0	0	0	0	0	0	4	2	0	1	0
0	0	0	0	0	0	0	0	0	0	0	0	0	0	0	0	0	1	0	0	0	0	0	0	0	0	0	0	0	0	0	0	0	0	0	0	0	0	0	0	0	0	0	0	0	0	0	0	0	0	0	0	0	0	0	0	0	0	0	0	0	0	0	0	0	0	0	0	0	0	0	0	0	0
0	2	396	10	11	0	0	0	0	0	4	0	6	41	413	2	7	66	153	5	13	1	0	0	0	0	26	0	20	0	290	0	22	0	0	110	0	0	0	4	103	284	7	379	5	10	18	392	0	0	65	0	255	0	1	6	560	55	6	0	24	115	0	0	0	263	0	0	0	147	0	15	1	0
0	1	78	0	678	0	35	2	0	4	0	0	10	322	3	103	9	25	3	11	18	4	0	0	0	20	1	0	3	0	34	0	3	44	23	0	0	0	0	27	20	139	0	6	2	1	9	0	0	0	0	56	0	0	1	0	11	78	0	0	193	473	0	58	0	0	25	4	67	0	27	22	464	0
0	0	0	0	0	0	0	0	0	0	0	0	0	0	0	0	0	0	0	0	0	0	0	0	0	0	0	0	0	0	0	0	0	0	0	0	0	0	0	0	0	0	0	0	0	0	0	0	0	0	0	0	0	0	0	0	0	0	0	0	0	0	0	0	0	0	0	0	0	0	0	0	0	0
108	140	9	9	548	0	0	630	0	6	10	0	0	9	0	96	145	7	289	28	295	9	6	6	1	6	0	0	136	0	1	0	448	1154	196	1	0	0	0	1066	39	6	1	3	4	57	3	1	0	0	0	15	0	0	17	7	106	135	89	16	3	12	0	43	0	0	4	4	0	8	649	251	17	19
0	17	521	0	186	0	0	0	0	41	322	0	9	0	12	13	1	7	0	4	6	0	0	0	0	1	22	0	0	0	110	0	84	2	1	4	0	0	0	0	24	76	0	12	0	0	196	63	0	0	0	0	0	0	1	25	29	21	7	0	762	1602	0	131	0	12	1	0	0	2	1	247	58	0
56	3	207	2	21	0	1	0	0	413	3	0	0	12	0	36	2	30	37	3	0	0	0	0	0	0	0	0	0	0	6	0	7	0	0	237	0	0	0	2	62	156	0	263	0	11	2	233	0	0	0	0	33	0	0	0	192	24	3	0	6	21	0	1	0	125	1	0	2	71	0	16	2	0
0	34	66	0	271	0	0	0	0	2	103	0	96	13	36	0	2	5	0	3	6	0	0	0	1	5	1	0	0	0	28	0	4	133	1	0	0	0	0	20	2	0	0	0	31	0	0	0	0	0	0	8	0	0	11	0	7	14	2	0	1	297	0	0	0	0	0	0	0	0	0	0	170	0
110	3	1	1	9	0	56	18	0	7	9	0	145	1	2	2	0	33	298	91	654	295	0	5	2	388	0	0	365	0	5	0	313	245	256	1	0	0	0	717	44	19	0	52	228	37	0	0	0	0	2	726	3	0	313	7	37	67	12	0	3	22	0	0	0	1	375	39	0	33	269	21	1	69
23	3	44	2	49	0	31	1	1	66	25	0	7	7	30	5	33	0	2	4	6	16	0	0	1	2	1	0	0	0	44	0	63	9	1	8	3	0	0	0	25	43	10	95	28	6	11	87	0	772	19	26	36	0	23	8	73	21	1	1	52	143	0	0	0	2	2	8	0	11	5	42	51	5
8	3	3	2	2	0	0	0	0	153	3	0	289	0	37	0	298	2	0	134	218	6	0	14	1	345	0	0	405	0	27	0	15	30	70	0	0	0	0	231	2	14	3	0	39	0	0	0	0	0	53	256	49	0	11	40	224	144	182	12	0	1	0	0	0	0	0	0	0	46	3	0	1	0
3	3	7	13	2	0	1	141	0	5	11	0	28	4	3	3	91	4	134	0	56	2	0	0	0	17	0	0	101	0	0	0	171	34	119	4	0	0	0	328	9	2	0	0	4	2	1	1	0	0	0	72	2	0	30	0	104	16	34	0	9	38	0	0	0	2	0	0	0	4	161	88	1	17
2	2	15	0	7	0	15	68	0	13	18	0	295	6	0	6	654	6	218	56	0	20	0	13	4	743	0	0	124	0	1	0	306	387	142	1	0	0	0	773	38	2	0	1	172	1	6	0	0	1	1	437	1	0	100	38	10	24	1	0	17	33	0	4	0	1	1	31	0	4	91	11	3	15
200	0	0	0	0	0	4	1	0	1	4	0	9	0	0	0	295	16	6	2	20	0	5	344	28	96	0	0	109	0	86	0	1	29	50	0	0	0	0	10	3	9	1	8	95	0	0	0	0	0	30	246	0	0	293	8	1	48	8	0	0	2	0	0	0	0	43	8	0	0	2	3	1	5
0	0	0	0	0	0	0	0	0	0	0	0	6	0	0	0	0	0	0	0	0	5	0	30	16	0	0	0	0	0	0	0	0	2	0	0	0	0	0	0	0	0	0	0	0	0	0	0	0	0	0	0	0	0	1	8	1	4	0	0	0	0	0	0	0	0	0	0	0	1	0	0	1	0
196	0	0	0	0	0	6	2	0	0	0	0	6	0	0	0	5	0	14	0	13	344	30	0	1845	14	0	0	60	0	73	0	16	32	110	0	0	0	0	13	3	0	0	0	375	0	0	2	0	0	57	73	574	0	778	1011	70	36	0	0	0	4	0	0	0	0	14	20	0	4	10	2	0	2
122	0	0	0	0	0	0	1	0	0	0	0	1	0	0	1	2	1	1	0	4	28	16	1845	0	4	0	0	4	0	4	0	0	1	13	0	0	0	0	3	1	0	0	0	119	0	0	0	0	0	9	22	38	0	140	197	4	1	0	0	0	2	0	0	0	0	1	10	0	2	1	0	0	0
1	0	0	0	1	0	6	90	0	0	20	0	6	1	0	5	388	2	345	17	743	96	0	14	4	0	0	0	161	0	7	0	442	93	258	0	0	0	0	746	9	0	0	1	110	14	0	0	0	0	0	828	3	0	207	26	25	45	5	2	0	22	0	0	0	1	164	31	0	4	67	46	2	6
0	1	576	162	15	0	0	0	0	26	1	0	0	22	0	1	0	1	0	0	0	0	0	0	0	0	0	0	0	0	2	0	9	1	0	360	0	0	0	0	777	2	0	10	0	2	3	266	0	0	0	0	0	0	0	0	2	2	1	0	18	22	0	2	0	446	0	0	1	3	0	11	1	0
0	0	0	0	0	0	0	0	0	0	0	0	0	0	0	0	0	0	0	0	0	0	0	0	0	0	0	0	0	0	0	0	0	0	0	0	0	0	0	0	0	0	0	0	0	0	0	0	0	0	0	0	0	0	0	0	0	0	0	0	0	0	0	0	0	0	0	0	0	0	0	0	0	0
121	5	1	10	0	0	0	71	0	20	3	0	136	0	0	0	365	0	405	101	124	109	0	60	4	161	0	0	0	0	2	0	176	78	612	0	0	0	0	660	16	11	2	0	106	33	0	0	0	0	0	491	3	0	60	44	40	524	469	28	0	0	0	0	0	0	281	8	0	17	218	37	0	12
0	0	0	0	0	0	0	0	0	0	0	0	0	0	0	0	0	0	0	0	0	0	0	0	0	0	0	0	0	0	0	0	0	0	0	0	0	0	0	0	0	0	0	0	0	0	0	0	0	0	0	0	0	0	0	0	0	0	0	0	0	0	0	0	0	0	0	0	0	0	0	0	0	0
7	1	58	0	6	0	0	0	0	290	34	0	1	110	6	28	5	44	27	0	1	86	0	73	4	7	2	0	2	0	0	0	3	11	3	3	0	0	0	1	1	26	2	263	26	0	158	44	0	0	912	10	422	0	262	6	391	41	22	0	30	92	0	29	0	0	271	0	10	76	1	12	4	180
0	0	0	0	0	0	0	0	0	0	0	0	0	0	0	0	0	0	0	0	0	0	0	0	0	0	0	0	0	0	0	0	0	0	0	0	0	0	0	0	0	0	0	0	0	0	0	0	0	0	0	0	0	0	0	0	0	0	0	0	0	0	0	0	0	0	0	0	0	0	0	0	0	0
54	14	145	1	42	0	1	21	0	22	3	0	448	84	7	4	313	63	15	171	306	1	0	16	0	442	9	0	176	0	3	0	0	37	69	1	0	0	0	274	17	1	0	1	42	4	1	0	0	0	0	275	0	0	11	6	14	70	14	0	1	321	0	0	0	0	1	0	0	7	18	4	73	3
68	129	1	1	858	0	1	142	0	0	44	0	1154	2	0	133	245	9	30	34	387	29	2	32	1	93	1	0	78	0	11	0	37	0	35	0	0	0	0	557	15	1	1	18	23	92	0	0	0	0	10	126	15	0	50	0	52	383	73	0	0	16	0	9	0	0	72	0	0	14	332	204	1077	7
146	6	0	12	3	0	1	36	0	0	23	0	196	1	0	1	256	1	70	119	142	50	0	110	13	258	0	0	612	0	3	0	69	35	0	0	0	0	0	265	12	6	1	1	85	1	0	0	0	0	0	365	0	0	39	27	33	327	234	5	1	18	0	1	0	0	78	2	0	13	72	2	2	6
0	1	118	0	14	0	0	0	0	110	0	0	1	4	237	0	1	8	0	4	1	0	0	0	0	0	360	0	0	0	3	0	1	0	0	0	0	0	0	0	81	10	0	0	1	0	0	0	0	0	0	1	0	0	0	0	39	20	0	0	0	3	0	0	0	0	0	0	0	0	0	0	28	0
0	0	0	0	0	0	0	0	0	0	0	0	0	0	0	0	0	3	0	0	0	0	0	0	0	0	0	0	0	0	0	0	0	0	0	0	0	0	0	0	0	0	0	0	0	0	0	0	0	0	0	0	0	0	0	0	0	0	0	0	0	0	0	0	0	0	0	0	0	0	0	3	0	0
0	0	0	0	0	0	0	0	0	0	0	0	0	0	0	0	0	0	0	0	0	0	0	0	0	0	0	0	0	0	0	0	0	0	0	0	0	0	0	0	0	0	0	0	0	0	0	0	0	0	0	0	0	0	0	0	0	0	0	0	0	0	0	0	0	0	0	0	0	0	0	0	0	0
0	0	0	0	0	0	0	0	0	0	0	0	0	0	0	0	0	0	0	0	0	0	0	0	0	0	0	0	0	0	0	0	0	0	0	0	0	0	0	0	0	0	0	0	0	0	0	0	0	0	0	0	0	0	0	0	0	0	0	0	0	0	0	0	0	0	0	0	0	0	0	0	0	0
45	53	1	33	187	0	1	255	0	4	27	0	1066	0	2	20	717	0	231	328	773	10	0	13	3	746	0	0	660	0	1	0	274	557	265	0	0	0	0	0	11	5	0	0	80	32	0	0	0	0	0	535	1	0	40	2	81	196	65	0	0	1	0	0	0	0	0	0	0	23	312	59	4	2
24	4	283	37	69	0	261	0	0	103	20	0	39	24	62	2	44	25	2	9	38	3	0	3	1	9	777	0	16	0	1	0	17	15	12	81	0	0	0	11	0	13	0	286	9	0	5	273	0	0	3	14	7	0	8	12	3	41	8	0	4	59	0	0	0	211	1	0	0	0	2	1	39	2
4	6	80	0	380	0	0	0	0	284	139	0	6	76	156	0	19	43	14	2	2	9	0	0	0	0	2	0	11	0	26	0	1	1	6	10	0	0	0	5	13	0	3	81	0	25	1	12	0	0	0	1	0	0	0	0	67	167	482	1	0	193	0	0	0	4	1	0	0	1	6	4	49	0
0	0	15	0	0	0	2	0	0	7	0	0	1	0	0	0	0	10	3	0	0	1	0	0	0	0	0	0	2	0	2	0	0	1	1	0	0	0	0	0	0	3	0	0	0	0	0	7	0	0	0	0	0	0	4	11	1	13	5	0	0	6	0	0	0	0	1	0	0	0	0	12	0	1
32	3	244	0	1	0	0	0	0	379	6	0	3	12	263	0	52	95	0	0	1	8	0	0	0	1	10	0	0	0	263	0	1	18	1	0	0	0	0	0	286	81	0	0	7	0	0	0	0	0	84	12	70	0	1	0	209	303	78	0	0	32	0	0	0	5	0	0	2	17	0	0	31	0
63	8	8	0	0	0	17	0	0	5	2	0	4	0	0	31	228	28	39	4	172	95	0	375	119	110	0	0	106	0	26	0	42	23	85	1	0	0	0	80	9	0	0	7	0	2	0	17	0	0	22	57	209	0	367	18	257	78	0	0	61	49	0	0	0	0	98	0	0	18	18	3	2	30
0	6	4	0	12	0	0	0	0	10	1	0	57	0	11	0	37	6	0	2	1	0	0	0	0	14	2	0	33	0	0	0	4	92	1	0	0	0	0	32	0	25	0	0	2	0	0	0	0	0	0	2	0	0	4	0	4	111	12	2	0	7	0	0	0	0	0	0	0	8	1	0	6	0
0	14	177	0	9	0	0	0	0	18	9	0	3	196	2	0	0	11	0	1	6	0	0	0	0	0	3	0	0	0	158	0	1	0	0	0	0	0	0	0	5	1	0	0	0	0	0	0	0	0	0	0	0	0	0	0	2	3	142	0	0	19	0	0	0	0	0	0	0	0	0	0	11	0
0	4	201	0	6	0	0	0	0	392	0	0	1	63	233	0	0	87	0	1	0	0	0	2	0	0	266	0	0	0	44	0	0	0	0	0	0	0	0	0	273	12	7	0	17	0	0	0	0	0	5	0	28	0	11	5	446	12	0	0	0	107	0	0	0	56	0	0	0	35	0	0	6	0
0	0	0	0	0	0	0	0	0	0	0	0	0	0	0	0	0	0	0	0	0	0	0	0	0	0	0	0	0	0	0	0	0	0	0	0	0	0	0	0	0	0	0	0	0	0	0	0	0	0	0	0	0	0	0	0	0	0	0	0	0	0	0	0	0	0	0	0	0	0	0	0	0	0
0	0	0	0	0	0	0	0	0	0	0	0	0	0	0	0	0	772	0	0	1	0	0	0	0	0	0	0	0	0	0	0	0	0	0	0	0	0	0	0	0	0	0	0	0	0	0	0	0	0	0	0	0	0	0	0	0	0	0	0	0	0	0	0	0	0	0	0	0	0	0	0	0	0
1	0	0	0	0	0	1	0	0	65	0	0	0	0	0	0	2	19	53	0	1	30	0	57	9	0	0	0	0	0	912	0	0	10	0	0	0	0	0	0	3	0	0	84	22	0	0	5	0	0	0	5	106	0	16	0	114	26	0	0	3	0	0	0	0	1	66	0	0	110	12	0	0	64
300	2	0	0	2	0	9	79	0	0	56	0	15	0	0	8	726	26	256	72	437	246	0	73	22	828	0	0	491	0	10	0	275	126	365	1	0	0	0	535	14	1	0	12	57	2	0	0	0	0	5	0	4	0	415	197	64	242	0	0	2	16	0	0	0	0	421	29	0	4	354	57	1	1
0	1	2	0	0	0	0	0	0	255	0	0	0	0	33	0	3	36	49	2	1	0	0	574	38	3	0	0	3	0	422	0	0	15	0	0	0	0	0	1	7	0	0	70	209	0	0	28	0	0	106	4	0	0	194	3	342	93	1	0	0	0	0	0	0	0	9	0	0	179	0	0	0	63
0	0	0	0	0	0	0	0	0	0	0	0	0	0	0	0	0	0	0	0	0	0	0	0	0	0	0	0	0	0	0	0	0	0	0	0	0	0	0	0	0	0	0	0	0	0	0	0	0	0	0	0	0	0	0	0	0	0	0	0	0	0	0	0	0	0	0	0	0	0	0	0	0	0
377	4	0	0	11	0	10	1	0	1	1	0	17	1	0	11	313	23	11	30	100	293	1	778	140	207	0	0	60	0	262	0	11	50	39	0	0	0	0	40	8	0	4	1	367	4	0	11	0	0	16	415	194	0	0	577	24	34	6	0	2	16	0	0	0	0	99	2	0	8	7	2	6	1
19	0	7	9	1	0	2	0	0	6	0	0	7	25	0	0	7	8	40	0	38	8	8	1011	197	26	0	0	44	0	6	0	6	0	27	0	0	0	0	2	12	0	11	0	18	0	0	5	0	0	0	197	3	0	577	0	507	0	0	0	0	20	0	0	0	0	1	4	0	333	1	4	1	1
1	17	440	13	50	0	0	5	0	560	11	0	106	29	192	7	37	73	224	104	10	1	1	70	4	25	2	0	40	0	391	0	14	52	33	39	0	0	0	81	3	67	1	209	257	4	2	446	0	0	114	64	342	0	24	507	0	171	176	0	5	100	0	1	0	29	15	0	6	388	26	7	17	136
5	12	3	5	95	0	35	68	0	55	78	0	135	21	24	14	67	21	144	16	24	48	4	36	1	45	2	0	524	0	41	0	70	383	327	20	0	0	0	196	41	167	13	303	78	111	3	12	0	0	26	242	93	0	34	0	171	0	419	9	56	124	0	15	0	2	485	11	42	19	437	53	29	302
0	114	15	15	5	0	0	22	0	6	0	0	89	7	3	2	12	1	182	34	1	8	0	0	0	5	1	0	469	0	22	0	14	73	234	0	0	0	0	65	8	482	5	78	0	12	142	0	0	0	0	0	1	0	6	0	176	419	0	98	0	3	0	0	0	0	558	0	0	324	50	12	1	0
0	0	0	26	0	0	0	0	0	0	0	0	16	0	0	0	0	1	12	0	0	0	0	0	0	2	0	0	28	0	0	0	0	0	5	0	0	0	0	0	0	1	0	0	0	2	0	0	0	0	0	0	0	0	0	0	0	9	98	0	0	1	0	0	0	0	10	0	0	0	0	0	0	0
8	23	176	0	157	0	0	0	0	24	193	0	3	762	6	1	3	52	0	9	17	0	0	0	0	0	18	0	0	0	30	0	1	0	1	0	0	0	0	0	4	0	0	0	61	0	0	0	0	0	3	2	0	0	2	0	5	56	0	0	0	562	0	0	0	0	0	0	0	0	0	0	13	0
18	28	272	8	1236	0	4	0	0	115	473	0	12	1602	21	297	22	143	1	38	33	2	0	4	2	22	22	0	0	0	92	0	321	16	18	3	0	0	0	1	59	193	6	32	49	7	19	107	0	0	0	16	0	0	16	20	100	124	3	1	562	0	0	37	0	2	0	0	6	23	16	104	335	13
0	0	0	0	0	0	0	0	0	0	0	0	0	0	0	0	0	0	0	0	0	0	0	0	0	0	0	0	0	0	0	0	0	0	0	0	0	0	0	0	0	0	0	0	0	0	0	0	0	0	0	0	0	0	0	0	0	0	0	0	0	0	0	0	0	0	0	0	0	0	0	0	0	0
7	150	54	0	485	0	0	0	0	0	58	0	43	131	1	0	0	0	0	0	4	0	0	0	0	0	2	0	0	0	29	0	0	9	1	0	0	0	0	0	0	0	0	0	0	0	0	0	0	0	0	0	0	0	0	0	1	15	0	0	0	37	0	0	0	0	0	0	0	0	0	0	270	0
0	0	0	0	0	0	0	0	0	0	0	0	0	0	0	0	0	0	0	0	0	0	0	0	0	0	0	0	0	0	0	0	0	0	0	0	0	0	0	0	0	0	0	0	0	0	0	0	0	0	0	0	0	0	0	0	0	0	0	0	0	0	0	0	0	0	0	0	0	0	0	0	0	0
0	1	265	2	1	0	0	0	0	263	0	0	0	12	125	0	1	2	0	2	1	0	0	0	0	1	446	0	0	0	0	0	0	0	0	0	0	0	0	0	211	4	0	5	0	0	0	56	0	0	1	0	0	0	0	0	29	2	0	0	0	2	0	0	0	0	0	0	0	0	0	2	3	0
176	2	0	1	1	0	0	0	0	0	25	0	4	1	1	0	375	2	0	0	1	43	0	14	1	164	0	0	281	0	271	0	1	72	78	0	0	0	0	0	1	1	1	0	98	0	0	0	0	0	66	421	9	0	99	1	15	485	558	10	0	0	0	0	0	0	0	0	0	7	1	0	1	0
0	0	1	0	2	0	0	0	0	0	4	0	4	0	0	0	39	8	0	0	31	8	0	20	10	31	0	0	8	0	0	0	0	0	2	0	0	0	0	0	0	0	0	0	0	0	0	0	0	0	0	29	0	0	2	4	0	11	0	0	0	0	0	0	0	0	0	0	0	0	0	0	1	0
0	1	7	0	73	0	0	0	0	0	67	0	0	0	2	0	0	0	0	0	0	0	0	0	0	0	1	0	0	0	10	0	0	0	0	0	0	0	0	0	0	0	0	2	0	0	0	0	0	0	0	0	0	0	0	0	6	42	0	0	0	6	0	0	0	0	0	0	0	0	1	4	62	0
1	3	226	0	26	0	0	4	0	147	0	0	8	2	71	0	33	11	46	4	4	0	1	4	2	4	3	0	17	0	76	0	7	14	13	0	0	0	0	23	0	1	0	17	18	8	0	35	0	0	110	4	179	0	8	333	388	19	324	0	0	23	0	0	0	0	7	0	0	0	15	4	2	5
80	101	1	35	49	0	0	2	0	0	27	0	649	1	0	0	269	5	3	161	91	2	0	10	1	67	0	0	218	0	1	0	18	332	72	0	0	0	0	312	2	6	0	0	18	1	0	0	0	0	12	354	0	0	7	1	26	437	50	0	0	16	0	0	0	0	1	0	1	15	0	0	0	0
10	0	131	0	365	0	0	0	0	15	22	0	251	247	16	0	21	42	0	88	11	3	0	2	0	46	11	0	37	0	12	0	4	204	2	0	3	0	0	59	1	4	12	0	3	0	0	0	0	0	0	57	0	0	2	4	7	53	12	0	0	104	0	0	0	2	0	0	4	4	0	0	65	0
0	3	25	4	1212	0	16	1	0	1	464	0	17	58	2	170	1	51	1	1	3	1	1	0	0	2	1	0	0	0	4	0	73	1077	2	28	0	0	0	4	39	49	0	31	2	6	11	6	0	0	0	1	0	0	6	1	17	29	1	0	13	335	0	270	0	3	1	1	62	2	0	65	0	0
0	0	10	0	6	0	0	0	0	0	0	0	19	0	0	0	69	5	0	17	15	5	0	2	0	6	0	0	12	0	180	0	3	7	6	0	0	0	0	2	2	0	1	0	30	0	0	0	0	0	64	1	63	0	1	1	136	302	0	0	0	13	0	0	0	0	0	0	0	5	0	0	0	0
