0	0	0	0	0	23	0	1	4	0	0	0	0	0	0	0	38	0	11	0	28	54	0	35	20	6	0	0	3	0	15	0	7	19	10	0	0	0	2	9	0	0	0	0	6	0	0	0	0	0	0	17	16	0	30	0	0	5	0	0	1	0	0	0	0	0	13	62	0	0	0	0	0	2
0	52	43	4	79	3	0	47	3	18	0	0	464	24	3	0	25	16	7	79	2	4	0	0	0	0	0	0	3	0	14	1889	13	228	30	3	0	14	1	72	0	34	0	110	11	45	16	4	0	0	0	7	0	0	3	4	18	18	20	0	74	85	0	6	0	3	3	2	0	21	20	26	25	2
0	43	0	0	0	0	0	0	0	471	0	0	2	294	91	0	8	56	2	9	11	0	0	0	0	0	0	0	0	0	0	52	0	5	0	0	0	0	0	0	0	0	0	0	2	0	0	13	0	0	0	0	0	0	0	0	205	0	2	0	0	106	0	0	0	43	0	0	0	12	0	43	41	6
0	4	0	0	0	0	0	0	0	1	0	0	0	0	0	0	2	0	0	0	1	0	0	0	0	1	7	0	0	0	0	6	0	0	0	0	0	0	0	0	0	0	0	0	0	0	0	0	0	0	0	0	0	0	0	0	0	0	0	0	0	1	0	0	0	39	0	0	0	0	0	4	17	1
0	79	0	0	0	1	0	0	0	0	0	0	206	87	0	0	7	1	2	5	1	0	0	0	0	1	0	0	0	0	0	2865	1	1018	0	0	0	0	0	0	0	0	0	0	0	0	0	12	0	0	0	1	0	0	0	0	0	0	0	0	0	355	0	0	0	0	0	0	3	1	0	72	81	0
23	3	0	0	1	0	0	0	0	203	0	0	0	0	0	0	629	47	150	182	364	73	0	82	61	371	0	0	43	0	210	0	246	369	138	0	0	0	175	129	0	0	7	28	338	5	0	3	0	0	254	660	668	0	138	30	369	86	0	0	1	5	0	0	0	6	128	70	0	122	43	6	10	492
0	0	0	0	0	0	0	0	0	0	0	0	0	0	0	0	0	0	0	0	0	0	0	0	0	0	0	0	0	0	0	0	0	0	0	0	0	0	0	0	0	0	0	0	0	0	0	0	0	0	0	0	0	0	0	0	0	0	0	0	0	0	0	0	0	0	0	0	0	0	0	0	0	0
1	47	0	0	0	0	0	0	1	23	0	0	413	0	0	0	129	0	20	5	120	0	0	0	0	9	0	0	0	0	2	2357	34	856	0	0	0	0	0	0	0	0	0	0	0	0	0	2	0	0	0	0	0	0	0	0	1	0	150	0	0	0	0	0	0	0	0	0	0	0	2	43	0	0
4	3	0	0	0	0	0	1	0	3	0	0	5	8	0	0	2	0	1	0	0	0	0	0	0	0	0	0	0	0	0	7	2	1	0	0	0	0	0	4	0	0	0	0	0	0	1	0	0	2	0	0	0	0	0	0	3	0	0	0	4	10	0	1	0	0	0	1	0	0	0	7	0	0
0	18	471	1	0	203	0	23	3	0	0	0	19	6	79	0	11	69	236	288	9	6	0	0	0	9	0	0	0	0	32	1	81	23	70	201	0	0	0	86	0	132	0	187	0	23	10	1	0	10	12	89	503	0	21	0	605	39	1	0	57	89	0	0	0	331	1	1	0	448	56	41	0	1
0	0	0	0	0	0	0	0	0	0	0	0	0	0	0	0	0	0	0	10	0	0	0	0	0	0	0	0	0	0	0	0	0	0	0	0	0	0	0	0	0	2	0	6	0	0	0	0	0	0	0	0	0	0	0	0	0	0	0	0	0	16	0	0	0	0	0	0	0	0	0	0	0	0
0	0	0	0	0	0	0	0	0	0	0	0	0	0	0	0	0	0	0	0	0	0	0	0	0	0	0	0	0	0	0	0	0	0	0	0	0	0	0	0	0	0	0	0	0	0	0	0	0	0	0	0	0	0	0	0	0	0	0	0	0	0	0	0	0	0	0	0	0	0	0	0	0	0
0	464	2	0	206	0	0	413	5	19	0	0	0	0	2	1	141	0	118	289	120	0	0	0	1	11	0	0	0	0	8	2966	500	3005	56	1	0	1	45	1166	0	1	0	1	6	537	1	2	0	0	0	3	3	0	11	11	133	32	19	0	1	2	0	0	0	7	5	0	0	53	303	116	0	34
0	24	294	0	87	0	0	0	8	6	0	0	0	0	1	0	0	6	0	5	16	0	0	0	0	0	1	0	1	0	72	2308	1	5	0	3	0	75	0	2	0	11	1	510	2	3	110	8	0	9	0	0	0	0	0	46	45	4	12	0	532	1211	0	118	0	18	1	0	1	9	1	66	48	1
0	3	91	0	0	0	0	0	0	79	0	0	2	1	0	0	1	0	166	0	19	0	0	15	16	0	0	0	0	0	0	1	0	0	0	33	0	0	0	0	0	0	0	113	0	0	0	68	0	0	0	0	4	0	0	0	45	0	2	0	0	2	0	0	0	80	0	36	0	2	0	3	0	0
0	0	0	0	0	0	0	0	0	0	0	0	1	0	0	0	0	0	0	0	0	0	0	0	0	0	0	0	0	0	0	10	0	0	0	0	0	0	0	0	0	0	0	0	0	0	0	0	0	0	0	0	0	0	0	0	0	0	0	0	0	0	0	0	0	0	0	0	0	0	0	0	0	0
38	25	8	2	7	629	0	129	2	11	0	0	141	0	1	0	0	4	418	59	1359	101	0	34	1	757	0	0	30	0	23	0	461	356	112	0	0	12	168	870	0	0	0	54	39	41	3	0	0	0	28	814	198	0	197	16	44	110	3	0	28	92	0	0	5	1	189	139	0	2	39	53	3	79
0	16	56	0	1	47	0	0	0	69	0	0	0	6	0	0	4	0	0	7	0	0	0	0	0	0	0	0	0	0	5	0	3	0	2	10	0	13	0	0	0	0	0	106	2	34	12	0	0	278	1	0	27	0	0	0	28	42	0	0	42	27	0	0	0	0	0	0	1	1	1	51	32	7
11	7	2	0	2	150	0	20	1	236	0	0	118	0	166	0	418	0	0	487	431	84	0	10	2	308	0	0	21	0	25	3	118	156	32	0	0	4	2	40	0	0	0	154	6	0	0	0	0	0	5	216	194	0	0	4	169	146	158	0	0	1	0	0	0	1	14	192	0	17	20	7	1	301
0	79	9	0	5	182	0	5	0	288	10	0	289	5	0	0	59	7	487	0	16	65	0	303	278	10	0	0	22	0	49	14	77	377	104	1	0	0	1	213	0	2	0	37	131	45	2	2	0	0	7	2	382	0	333	471	684	173	151	0	4	22	0	0	0	35	128	148	1	323	189	43	2	15
28	2	11	1	1	364	0	120	0	9	0	0	120	16	19	0	1359	0	431	16	0	64	0	10	2	868	0	0	44	1	6	0	837	1049	147	0	0	1	139	1050	0	0	0	10	51	18	9	0	0	0	0	364	99	0	83	37	21	78	1	0	8	3	0	2	0	0	10	94	0	7	327	9	0	79
54	4	0	0	0	73	0	0	0	6	0	0	0	0	0	0	101	0	84	65	64	0	0	280	103	130	0	0	5	0	14	0	4	307	0	0	0	0	0	0	0	0	6	0	156	0	0	0	0	0	3	203	0	0	0	0	0	0	6	0	0	0	0	0	0	0	0	0	0	0	0	4	0	96
0	0	0	0	0	0	0	0	0	0	0	0	0	0	0	0	0	0	0	0	0	0	0	0	0	0	0	0	0	0	0	0	0	0	0	0	0	0	0	0	0	0	0	0	0	0	0	0	0	0	0	0	0	0	0	1	0	0	0	0	0	0	0	0	0	0	0	0	0	0	0	0	0	0
35	0	0	0	0	82	0	0	0	0	0	0	0	0	15	0	34	0	10	303	10	280	0	0	1196	3	0	0	0	0	0	0	17	7	62	2	0	0	4	2	0	0	0	0	150	2	0	0	0	0	0	109	0	0	511	558	15	12	2	0	0	0	0	0	0	0	0	569	0	0	0	2	0	4
20	0	0	0	0	61	0	0	0	0	0	0	1	0	16	0	1	0	2	278	2	103	0	1196	0	0	0	0	0	0	1	0	2	7	2	0	0	0	0	0	0	0	0	2	55	0	0	0	0	0	0	1	42	0	117	170	4	0	0	0	0	0	0	0	0	0	0	151	0	1	0	0	1	0
6	0	0	1	1	371	0	9	0	9	0	0	11	0	0	0	757	0	308	10	868	130	0	3	0	0	0	0	49	0	16	0	544	107	85	0	0	1	82	398	0	0	0	0	23	10	1	0	0	0	6	450	153	0	187	17	20	80	3	0	0	0	0	0	0	0	181	64	0	2	197	4	0	9
0	0	0	7	0	0	0	0	0	0	0	0	0	1	0	0	0	0	0	0	0	0	0	0	0	0	0	0	0	0	0	0	0	0	0	6	0	0	0	0	0	0	0	0	0	0	0	0	0	0	0	0	0	0	0	0	0	0	0	0	0	0	0	0	0	4	0	0	0	0	0	0	0	0
0	0	0	0	0	0	0	0	0	0	0	0	0	0	0	0	0	0	0	0	0	0	0	0	0	0	0	0	0	0	0	0	0	0	0	0	0	0	0	0	0	0	0	0	0	0	0	0	0	0	0	0	0	0	0	0	0	0	0	0	0	0	0	0	0	0	0	0	0	0	0	0	0	0
3	3	0	0	0	43	0	0	0	0	0	0	0	1	0	0	30	0	21	22	44	5	0	0	0	49	0	0	0	0	0	0	26	185	13	0	0	1	0	9	0	0	0	0	9	0	0	0	0	0	0	99	0	0	1	1	18	7	226	0	0	0	0	0	0	0	11	8	0	1	1	3	0	0
0	0	0	0	0	0	0	0	0	0	0	0	0	0	0	0	0	0	0	0	1	0	0	0	0	0	0	0	0	0	0	6	0	0	0	0	0	0	0	0	0	0	0	0	0	0	0	0	0	0	0	0	0	0	0	0	0	0	0	0	0	0	0	0	0	193	0	0	0	0	0	0	3	0
15	14	0	0	0	210	0	2	0	32	0	0	8	72	0	0	23	5	25	49	6	14	0	0	1	16	0	0	0	0	0	80	1	79	1	0	0	0	0	2	0	0	0	3	50	2	0	0	0	0	214	17	52	0	20	0	81	20	2	0	0	4	0	0	0	0	10	0	0	1	0	14	0	144
0	1889	52	6	2865	0	0	2357	7	1	0	0	2966	2308	1	10	0	0	3	14	0	0	0	0	0	0	0	0	0	6	80	0	16	945	0	0	0	0	0	2845	0	0	1	668	1	1700	135	0	0	0	0	0	0	0	0	2	100	56	2	0	9	865	0	3225	0	1	0	0	714	11	2	407	18	1
7	13	0	0	1	246	0	34	2	81	0	0	500	1	0	0	461	3	118	77	837	4	0	17	2	544	0	0	26	0	1	16	0	234	38	0	0	5	20	118	0	0	12	4	3	7	0	1	0	0	2	220	0	0	2	6	12	17	12	1	1	17	0	0	0	1	1	17	3	1	43	8	0	76
19	228	5	0	1018	369	0	856	1	23	0	0	3005	5	0	0	356	0	156	377	1049	307	0	7	7	107	0	0	185	0	79	945	234	0	166	0	0	0	37	2530	0	0	4	13	13	2085	0	2	0	0	0	590	83	0	276	16	310	1751	107	0	2	3	0	0	0	42	1164	123	3	383	967	164	5	162
10	30	0	0	0	138	0	0	0	70	0	0	56	0	0	0	112	2	32	104	147	0	0	62	2	85	0	0	13	0	1	0	38	166	0	0	0	0	10	0	0	0	0	0	2	0	0	0	0	0	2	252	0	0	0	0	14	0	300	1	0	23	0	0	0	0	0	0	0	0	0	30	1	47
0	3	0	0	0	0	0	0	0	201	0	0	1	3	33	0	0	10	0	1	0	0	0	2	0	0	6	0	0	0	0	0	0	0	0	0	0	0	0	0	0	0	0	0	0	0	0	28	0	0	1	0	0	0	0	0	3	0	0	0	0	18	0	0	0	193	0	0	0	0	0	3	35	18
0	0	0	0	0	0	0	0	0	0	0	0	0	0	0	0	0	0	0	0	0	0	0	0	0	0	0	0	0	0	0	0	0	0	0	0	0	0	0	0	0	0	0	0	0	0	0	0	0	0	0	0	0	0	0	0	0	0	0	0	0	0	0	0	0	0	0	0	0	0	0	0	0	0
0	14	0	0	0	0	0	0	0	0	0	0	1	75	0	0	12	13	4	0	1	0	0	0	0	1	0	0	1	0	0	0	5	0	0	0	0	0	0	0	0	0	0	0	2	0	0	0	0	0	0	0	0	0	0	0	3	0	70	0	0	2	0	0	0	0	0	0	0	0	0	13	0	0
2	1	0	0	0	175	0	0	0	0	0	0	45	0	0	0	168	0	2	1	139	0	0	4	0	82	0	0	0	0	0	0	20	37	10	0	0	0	0	15	0	0	0	0	4	0	1	0	0	0	0	85	0	0	0	0	0	0	0	0	0	0	0	0	0	0	0	0	0	0	0	1	0	0
9	72	0	0	0	129	0	0	4	86	0	0	1166	2	0	0	870	0	40	213	1050	0	0	2	0	398	0	0	9	0	2	2845	118	2530	0	0	0	0	15	0	0	0	12	0	6	0	0	3	0	0	2	250	0	0	0	0	8	0	56	2	0	0	0	0	0	1	0	0	0	4	2	56	1	66
0	0	0	0	0	0	0	0	0	0	0	0	0	0	0	0	0	0	0	0	0	0	0	0	0	0	0	0	0	0	0	0	0	0	0	0	0	0	0	0	0	0	0	0	0	0	0	0	0	0	0	0	0	0	0	0	0	0	0	0	0	0	0	0	0	0	0	0	0	0	0	0	0	0
0	34	0	0	0	0	0	0	0	132	2	0	1	11	0	0	0	0	0	2	0	0	0	0	0	0	0	0	0	0	0	0	0	0	0	0	0	0	0	0	0	0	0	0	0	0	0	0	0	0	0	0	0	0	0	0	12	0	146	0	0	1	0	0	0	0	0	0	0	0	0	34	0	0
0	0	0	0	0	7	0	0	0	0	0	0	0	1	0	0	0	0	0	0	0	6	0	0	0	0	0	0	0	0	0	1	12	4	0	0	0	0	0	12	0	0	0	1	0	0	0	0	0	0	0	12	0	0	0	0	1	0	0	0	0	1	0	0	0	0	1	0	0	0	0	4	0	0
0	110	0	0	0	28	0	0	0	187	6	0	1	510	113	0	54	106	154	37	10	0	0	0	2	0	0	0	0	0	3	668	4	13	0	0	0	0	0	0	0	0	1	0	0	0	0	5	0	0	0	0	0	0	0	0	7	0	0	0	0	614	0	0	0	2	0	0	3	4	0	110	50	98
6	11	2	0	0	338	0	0	0	0	0	0	6	2	0	0	39	2	6	131	51	156	0	150	55	23	0	0	9	0	50	1	3	13	2	0	0	2	4	6	0	0	0	0	428	3	0	0	0	0	170	92	206	0	181	9	108	1	0	0	0	3	0	0	0	0	14	14	0	2	4	11	3	49
0	45	0	0	0	5	0	0	0	23	0	0	537	3	0	0	41	34	0	45	18	0	0	2	0	10	0	0	0	0	2	1700	7	2085	0	0	0	0	0	0	0	0	0	0	3	0	0	0	0	0	0	24	0	0	0	0	4	0	0	0	0	40	0	0	0	0	0	0	0	2	2	38	27	3
0	16	0	0	0	0	0	0	1	10	0	0	1	110	0	0	3	12	0	2	9	0	0	0	0	1	0	0	0	0	0	135	0	0	0	0	0	0	1	0	0	0	0	0	0	0	0	0	0	0	0	0	0	0	0	0	0	0	102	0	0	11	0	0	0	0	0	0	0	0	0	16	15	1
0	4	13	0	12	3	0	2	0	1	0	0	2	8	68	0	0	0	0	2	0	0	0	0	0	0	0	0	0	0	0	0	1	2	0	28	0	0	0	3	0	0	0	5	0	0	0	0	0	0	0	0	0	0	0	0	15	0	0	0	2	5	0	0	0	13	0	0	1	0	0	4	0	0
0	0	0	0	0	0	0	0	0	0	0	0	0	0	0	0	0	0	0	0	0	0	0	0	0	0	0	0	0	0	0	0	0	0	0	0	0	0	0	0	0	0	0	0	0	0	0	0	0	0	0	0	0	0	0	0	0	0	0	0	0	0	0	0	0	0	0	0	0	0	0	0	0	0
0	0	0	0	0	0	0	0	2	10	0	0	0	9	0	0	0	278	0	0	0	0	0	0	0	0	0	0	0	0	0	0	0	0	0	0	0	0	0	0	0	0	0	0	0	0	0	0	0	0	0	0	0	0	0	0	0	0	0	0	0	0	0	0	0	0	0	0	0	0	0	0	0	0
0	0	0	0	0	254	0	0	0	12	0	0	0	0	0	0	28	1	5	7	0	3	0	0	0	6	0	0	0	0	214	0	2	0	2	1	0	0	0	2	0	0	0	0	170	0	0	0	0	0	0	31	97	0	11	0	29	0	0	0	0	0	0	0	0	0	0	0	0	22	0	0	0	132
17	7	0	0	1	660	0	0	0	89	0	0	3	0	0	0	814	0	216	2	364	203	0	109	1	450	0	0	99	0	17	0	220	590	252	0	0	0	85	250	0	0	12	0	92	24	0	0	0	0	31	0	34	0	204	5	11	43	1	0	0	0	0	0	0	0	146	58	0	0	10	7	0	4
16	0	0	0	0	668	0	0	0	503	0	0	3	0	4	0	198	27	194	382	99	0	0	0	42	153	0	0	0	0	52	0	0	83	0	0	0	0	0	0	0	0	0	0	206	0	0	0	0	0	97	34	0	0	0	0	344	0	2	0	0	0	0	0	0	0	0	0	0	13	0	0	0	573
0	0	0	0	0	0	0	0	0	0	0	0	0	0	0	0	0	0	0	0	0	0	0	0	0	0	0	0	0	0	0	0	0	0	0	0	0	0	0	0	0	0	0	0	0	0	0	0	0	0	0	0	0	0	0	0	0	0	0	0	0	0	0	0	0	0	0	0	0	0	0	0	0	0
30	3	0	0	0	138	0	0	0	21	0	0	11	0	0	0	197	0	0	333	83	0	0	511	117	187	0	0	1	0	20	0	2	276	0	0	0	0	0	0	0	0	0	0	181	0	0	0	0	0	11	204	0	0	0	24	1	0	6	0	0	0	0	0	0	0	0	0	0	0	0	3	5	2
0	4	0	0	0	30	0	0	0	0	0	0	11	46	0	0	16	0	4	471	37	0	1	558	170	17	0	0	1	0	0	2	6	16	0	0	0	0	0	0	0	0	0	0	9	0	0	0	0	0	0	5	0	0	24	0	85	0	2	0	0	1	0	0	0	0	0	1	0	19	2	4	0	11
0	18	205	0	0	369	0	1	3	605	0	0	133	45	45	0	44	28	169	684	21	0	0	15	4	20	0	0	18	0	81	100	12	310	14	3	0	3	0	8	0	12	1	7	108	4	0	15	0	0	29	11	344	0	1	85	0	18	90	0	1	82	0	0	0	18	7	1	4	280	11	20	21	209
5	18	0	0	0	86	0	0	0	39	0	0	32	4	0	0	110	42	146	173	78	0	0	12	0	80	0	0	7	0	20	56	17	1751	0	0	0	0	0	0	0	0	0	0	1	0	0	0	0	0	0	43	0	0	0	0	18	0	484	0	0	42	0	0	0	3	0	0	0	3	0	18	14	395
0	20	2	0	0	0	0	150	0	1	0	0	19	12	2	0	3	0	158	151	1	6	0	2	0	3	0	0	226	0	2	2	12	107	300	0	0	70	0	56	0	146	0	0	0	0	102	0	0	0	0	1	2	0	6	2	90	484	0	0	22	2	0	0	0	0	584	52	0	168	36	44	7	3
0	0	0	0	0	0	0	0	0	0	0	0	0	0	0	0	0	0	0	0	0	0	0	0	0	0	0	0	0	0	0	0	1	0	1	0	0	0	0	2	0	0	0	0	0	0	0	0	0	0	0	0	0	0	0	0	0	0	0	0	0	0	0	0	0	0	0	0	0	0	0	0	0	0
1	74	0	0	0	1	0	0	4	57	0	0	1	532	0	0	28	42	0	4	8	0	0	0	0	0	0	0	0	0	0	9	1	2	0	0	0	0	0	0	0	0	0	0	0	0	0	2	0	0	0	0	0	0	0	0	1	0	22	0	0	310	0	0	0	6	0	0	0	1	1	74	31	1
0	85	106	1	355	5	0	0	10	89	16	0	2	1211	2	0	92	27	1	22	3	0	0	0	0	0	0	0	0	0	4	865	17	3	23	18	0	2	0	0	0	1	1	614	3	40	11	5	0	0	0	0	0	0	0	1	82	42	2	0	310	0	0	21	0	3	0	34	94	27	1	150	63	19
0	0	0	0	0	0	0	0	0	0	0	0	0	0	0	0	0	0	0	0	0	0	0	0	0	0	0	0	0	0	0	0	0	0	0	0	0	0	0	0	0	0	0	0	0	0	0	0	0	0	0	0	0	0	0	0	0	0	0	0	0	0	0	0	0	0	0	0	0	0	0	0	0	0
0	6	0	0	0	0	0	0	1	0	0	0	0	118	0	0	0	0	0	0	2	0	0	0	0	0	0	0	0	0	0	3225	0	0	0	0	0	0	0	0	0	0	0	0	0	0	0	0	0	0	0	0	0	0	0	0	0	0	0	0	0	21	0	0	0	0	0	0	0	0	0	4	7	0
0	0	0	0	0	0	0	0	0	0	0	0	0	0	0	0	5	0	0	0	0	0	0	0	0	0	0	0	0	0	0	0	0	0	0	0	0	0	0	0	0	0	0	0	0	0	0	0	0	0	0	0	0	0	0	0	0	0	0	0	0	0	0	0	0	0	0	0	0	0	0	0	0	0
0	3	43	39	0	6	0	0	0	331	0	0	7	18	80	0	1	0	1	35	0	0	0	0	0	0	4	0	0	193	0	1	1	42	0	193	0	0	0	1	0	0	0	2	0	0	0	13	0	0	0	0	0	0	0	0	18	3	0	0	6	3	0	0	0	0	0	0	0	0	1	3	1	1
13	3	0	0	0	128	0	0	0	1	0	0	5	1	0	0	189	0	14	128	10	0	0	0	0	181	0	0	11	0	10	0	1	1164	0	0	0	0	0	0	0	0	1	0	14	0	0	0	0	0	0	146	0	0	0	0	7	0	584	0	0	0	0	0	0	0	0	0	0	0	0	3	0	56
62	2	0	0	0	70	0	0	1	1	0	0	0	0	36	0	139	0	192	148	94	0	0	569	151	64	0	0	8	0	0	0	17	123	0	0	0	0	0	0	0	0	0	0	14	0	0	0	0	0	0	58	0	0	0	1	1	0	52	0	0	34	0	0	0	0	0	0	0	0	0	2	1	345
0	0	0	0	3	0	0	0	0	0	0	0	0	1	0	0	0	1	0	1	0	0	0	0	0	0	0	0	0	0	0	714	3	3	0	0	0	0	0	0	0	0	0	3	0	0	0	1	0	0	0	0	0	0	0	0	4	0	0	0	0	94	0	0	0	0	0	0	0	1	0	3	17	0
0	21	12	0	1	122	0	0	0	448	0	0	53	9	2	0	2	1	17	323	7	0	0	0	1	2	0	0	1	0	1	11	1	383	0	0	0	0	0	4	0	0	0	4	2	2	0	0	0	0	22	0	13	0	0	19	280	3	168	0	1	27	0	0	0	0	0	0	1	0	7	20	2	9
0	20	0	0	0	43	0	2	0	56	0	0	303	1	0	0	39	1	20	189	327	0	0	0	0	197	0	0	1	0	0	2	43	967	0	0	0	0	0	2	0	0	0	0	4	2	0	0	0	0	0	10	0	0	0	2	11	0	36	0	1	1	0	0	0	1	0	0	0	7	0	19	1	0
0	26	43	4	72	6	0	43	7	41	0	0	116	66	3	0	53	51	7	43	9	4	0	2	0	4	0	0	3	0	14	407	8	164	30	3	0	13	1	56	0	34	4	110	11	38	16	4	0	0	0	7	0	0	3	4	20	18	44	0	74	150	0	4	0	3	3	2	3	20	19	0	93	13
0	25	41	17	81	10	0	0	0	0	0	0	0	48	0	0	3	32	1	2	0	0	0	0	1	0	0	0	0	3	0	18	0	5	1	35	0	0	0	1	0	0	0	50	3	27	15	0	0	0	0	0	0	0	5	0	21	14	7	0	31	63	0	7	0	1	0	1	17	2	1	93	0	1
2	2	6	1	0	492	0	0	0	1	0	0	34	1	0	0	79	7	301	15	79	96	0	4	0	9	0	0	0	0	144	1	76	162	47	18	0	0	0	66	0	0	0	98	49	3	1	0	0	0	132	4	573	0	2	11	209	395	3	0	1	19	0	0	0	1	56	345	0	9	0	13	1	0
