0	6	0	0	0	81	0	0	0	0	0	0	2	0	0	0	56	0	10	1	0	253	2	150	51	1	0	0	0	0	4	0	39	15	113	0	0	0	0	33	0	0	0	0	21	4	0	4	0	4	0	36	0	0	276	2	0	66	0	3	0	0	0	0	0	0	58	311	0	12	0	1	0	0
6	48	4	6	25	1	0	100	6	7	76	0	556	21	0	5	9	3	28	18	3	0	0	0	1	2	3	0	0	0	4	2	12	81	8	13	0	0	0	23	0	30	0	5	0	4	7	7	0	0	0	0	1	0	4	3	22	84	12	363	35	15	0	368	0	2	5	1	14	12	22	24	76	1
0	4	0	0	0	0	0	1	0	397	24	0	0	274	110	0	0	33	0	1	0	0	0	0	0	2	242	0	0	0	61	0	1	1	2	25	0	0	0	0	0	6	0	46	0	0	0	344	0	0	0	2	0	0	0	4	304	2	132	9	0	126	0	44	0	146	0	0	5	0	0	4	29	0
0	6	0	0	0	0	0	0	3	20	0	0	0	0	0	0	0	1	0	0	0	0	0	0	1	1	289	0	0	0	0	0	0	0	0	143	0	0	0	0	0	0	0	0	0	0	0	88	0	0	0	0	0	0	0	0	0	0	0	1	0	0	0	0	0	378	0	0	0	0	0	6	1	0
0	25	0	0	0	0	0	31	1	11	556	0	128	81	0	0	6	27	0	2	1	0	0	2	1	2	4	0	0	0	12	4	2	23	3	18	0	0	0	0	0	15	0	0	0	0	0	22	0	0	0	7	0	0	0	0	1	24	0	16	0	686	0	502	0	1	2	0	30	0	0	25	125	0
81	1	0	0	0	0	0	0	0	422	0	0	0	0	14	0	168	13	0	5	74	2	0	2	124	158	0	0	0	0	100	0	11	0	0	0	0	0	0	0	0	0	0	6	0	0	0	92	0	0	2	107	0	0	19	0	255	30	0	3	0	0	0	0	0	0	0	0	0	0	0	1	0	191
0	0	0	0	0	0	0	0	0	1	0	0	0	0	29	0	0	5	0	0	0	0	0	0	0	14	0	0	0	0	0	0	0	0	0	41	0	0	0	0	0	0	0	344	0	0	0	0	0	0	0	0	0	0	1	0	1	0	0	0	0	0	0	0	0	0	0	0	2	0	2	0	1	0
0	100	1	0	31	0	0	0	7	1	1	0	478	10	0	0	221	0	0	96	420	0	0	0	0	13	22	0	0	0	0	0	504	1	41	0	0	0	0	499	0	0	2	0	0	6	0	0	0	0	0	3	0	0	0	17	20	93	353	562	0	0	0	80	0	0	0	0	0	48	226	121	1	0
0	6	0	3	1	0	0	7	0	0	0	0	15	31	0	7	0	2	6	0	4	2	0	0	0	2	0	0	0	0	1	0	6	4	5	0	0	0	0	8	0	0	0	1	3	3	0	0	0	1	0	2	0	0	2	0	2	2	6	20	3	0	0	0	0	0	1	0	1	6	10	0	0	0
0	7	397	20	11	422	1	1	0	0	36	0	5	7	469	12	2	82	152	154	1	0	0	0	0	0	105	0	0	0	118	0	9	1	0	476	0	0	0	2	0	398	0	812	0	0	11	942	0	0	56	1	563	0	0	0	717	16	5	0	3	35	0	0	0	554	3	19	1	217	14	17	15	0
0	76	24	0	556	0	0	1	0	36	0	0	3	432	2	196	0	11	0	0	2	0	0	0	0	2	7	0	0	0	2	0	9	111	0	61	0	0	0	2	0	228	29	78	0	0	0	0	0	0	0	0	0	0	0	0	23	2	4	3	400	477	0	88	0	26	0	0	102	18	116	130	160	0
0	0	0	0	0	0	0	0	0	0	0	0	0	0	0	0	0	0	0	0	0	0	0	0	0	0	0	0	0	0	0	0	0	0	0	0	0	0	0	0	0	0	0	0	0	0	0	0	0	0	0	0	0	0	0	0	0	0	0	0	0	0	0	0	0	0	0	0	0	0	0	0	0	0
2	556	0	0	128	0	0	478	15	5	3	0	0	1	4	87	6	5	213	4	77	4	0	0	0	2	7	0	0	0	0	0	211	418	71	5	0	0	0	518	0	9	2	0	0	172	2	1	0	0	0	3	1	0	19	16	23	59	37	338	2	7	0	21	0	0	12	3	2	82	402	28	0	10
0	21	274	0	81	0	0	10	31	7	432	0	1	0	28	11	9	7	6	2	18	0	0	0	0	0	32	0	0	0	44	5	16	2	1	76	0	0	0	14	0	287	0	22	0	1	210	41	0	0	0	1	3	0	1	14	20	4	16	0	552	1155	0	198	0	25	7	1	75	34	10	89	73	0
0	0	110	0	0	14	29	0	0	469	2	0	4	28	0	1	1	12	20	0	0	0	0	0	0	1	0	0	0	0	3	0	0	1	1	271	0	0	0	1	0	301	0	351	0	0	4	364	0	0	0	1	41	0	0	0	78	28	11	2	0	35	0	2	0	145	2	2	6	43	2	2	4	3
0	5	0	0	0	0	0	0	7	12	196	0	87	11	1	0	0	18	0	0	0	1	0	0	0	0	0	0	0	0	26	0	1	10	2	11	0	0	0	0	0	0	0	0	0	0	0	10	0	0	0	1	0	0	1	0	6	10	0	0	0	73	0	126	0	0	5	0	7	0	0	5	23	1
56	9	0	0	6	168	0	221	0	2	0	0	6	9	1	0	0	0	4	10	109	21	1	2	0	181	0	0	0	0	13	0	231	89	6	0	0	0	0	324	0	2	0	4	10	16	1	1	0	0	6	220	51	0	34	1	10	114	6	41	2	1	0	0	0	0	122	34	2	7	30	10	3	2
0	3	33	1	27	13	5	0	2	82	11	0	5	7	12	18	0	0	0	0	0	4	0	0	0	0	0	0	0	0	0	0	13	14	3	13	0	0	0	0	0	21	0	82	0	0	5	38	0	754	0	0	31	0	0	0	22	36	2	3	4	73	0	0	0	21	15	0	18	2	0	31	26	0
10	28	0	0	0	0	0	0	6	152	0	0	213	6	20	0	4	0	0	262	88	25	0	0	5	65	13	0	0	0	94	0	33	39	81	0	0	0	0	14	0	22	5	36	0	0	0	318	0	0	21	131	4	0	24	168	551	267	526	273	0	0	0	0	0	0	14	10	0	19	15	10	2	88
1	18	1	0	2	5	0	96	0	154	0	0	4	2	0	0	10	0	262	0	182	0	84	1	0	64	0	0	0	0	98	0	62	26	19	0	0	0	0	140	0	3	0	0	161	35	0	86	0	0	169	15	124	0	265	220	533	66	110	107	7	1	0	0	0	4	10	3	0	294	202	9	3	8
0	3	0	0	1	74	0	420	4	1	2	0	77	18	0	0	109	0	88	182	0	17	0	1	3	922	24	0	0	0	3	0	658	192	168	17	0	0	0	699	0	1	1	0	24	53	1	0	0	0	3	648	133	0	156	57	13	44	9	29	2	24	0	0	0	0	4	147	0	19	144	1	2	55
253	0	0	0	0	2	0	0	2	0	0	0	4	0	0	1	21	4	25	0	17	0	0	44	101	46	2	0	0	0	86	0	11	14	79	2	0	0	0	1	0	1	0	0	6	9	0	2	0	0	50	237	1	0	377	6	0	148	29	30	0	0	0	0	0	0	40	87	0	5	1	0	0	88
2	0	0	0	0	0	0	0	0	0	0	0	0	0	0	0	1	0	0	84	0	0	0	36	0	0	0	0	0	0	0	0	0	0	0	0	0	0	0	0	0	0	0	0	0	0	0	0	0	0	0	0	0	0	44	23	6	0	14	28	0	0	0	0	0	0	0	0	0	0	0	0	0	0
150	0	0	0	2	2	0	0	0	0	0	0	0	0	0	0	2	0	0	1	1	44	36	0	834	1	0	0	0	0	0	0	6	2	6	0	0	0	0	2	0	0	0	0	0	0	0	0	0	0	0	9	0	0	34	80	43	3	0	0	0	1	0	0	0	0	0	28	0	0	0	0	0	1
51	1	0	1	1	124	0	0	0	0	0	0	0	0	0	0	0	0	5	0	3	101	0	834	0	1	3	0	0	0	0	0	1	1	14	0	0	0	0	0	0	0	0	0	0	0	0	0	0	0	3	4	110	0	159	113	56	9	0	0	0	0	0	0	0	0	0	166	0	0	0	1	0	4
1	2	2	1	2	158	14	13	2	0	2	0	2	0	1	0	181	0	65	64	922	46	0	1	1	0	19	0	0	0	38	0	626	76	57	2	0	0	0	570	0	1	1	1	30	10	0	7	0	0	3	683	254	0	130	24	15	60	7	34	1	21	0	0	0	2	111	139	0	25	149	4	11	18
0	3	242	289	4	0	0	22	0	105	7	0	7	32	0	0	0	0	13	0	24	2	0	0	3	19	0	0	0	0	1	0	1	2	13	470	0	0	0	4	0	11	0	10	0	1	15	160	0	0	0	20	0	0	11	0	1	0	7	0	16	14	0	1	0	653	2	15	7	7	7	9	0	0
0	0	0	0	0	0	0	0	0	0	0	0	0	0	0	0	0	0	0	0	0	0	0	0	0	0	0	0	0	0	0	0	0	0	0	0	0	0	0	0	0	0	0	0	0	0	0	0	0	0	0	0	0	0	0	0	0	0	0	0	0	0	0	0	0	0	0	0	0	0	0	0	0	0
0	0	0	0	0	0	0	0	0	0	0	0	0	0	0	0	0	0	0	0	0	0	0	0	0	0	0	0	0	0	0	0	0	0	0	0	0	0	0	0	0	0	0	0	0	0	0	0	0	0	0	0	0	0	0	0	0	0	0	0	0	0	0	0	0	0	0	0	0	0	0	0	0	0
0	0	0	0	0	0	0	0	0	0	0	0	0	0	0	0	0	0	0	0	0	0	0	0	0	0	0	0	0	0	0	0	0	0	0	0	0	0	0	0	0	0	0	0	0	0	0	0	0	0	0	0	0	0	0	0	0	0	0	0	0	0	0	0	0	0	0	0	0	0	0	0	0	0
4	4	61	0	12	100	0	0	1	118	2	0	0	44	3	26	13	0	94	98	3	86	0	0	0	38	1	0	0	0	0	0	6	8	9	10	0	0	0	4	0	99	0	120	170	14	104	28	0	0	400	8	232	0	159	0	462	231	58	2	0	21	0	74	0	2	134	40	11	70	4	6	9	44
0	2	0	0	4	0	0	0	0	0	0	0	0	5	0	0	0	0	0	0	0	0	0	0	0	0	0	0	0	0	0	0	0	0	0	0	0	0	0	0	0	0	0	0	0	0	0	0	0	0	0	0	0	0	0	0	0	0	0	0	0	0	0	0	0	0	0	0	0	0	0	0	0	0
39	12	1	0	2	11	0	504	6	9	9	0	211	16	0	1	231	13	33	62	658	11	0	6	1	626	1	0	0	0	6	0	0	11	144	7	0	0	0	155	0	3	3	0	9	6	0	1	0	0	2	400	13	0	26	7	15	142	29	210	3	61	0	0	0	0	8	24	0	13	21	8	9	26
15	81	1	0	23	0	0	1	4	1	111	0	418	2	1	10	89	14	39	26	192	14	0	2	1	76	2	0	0	0	8	0	11	0	30	2	0	0	0	48	0	2	0	0	7	12	0	1	0	0	1	188	15	0	40	1	18	229	92	261	0	17	0	98	0	0	22	11	0	4	39	19	89	7
113	8	2	0	3	0	0	41	5	0	0	0	71	1	1	2	6	3	81	19	168	79	0	6	14	57	13	0	0	0	9	0	144	30	0	0	0	0	0	189	0	5	6	0	1	6	1	0	0	0	2	525	16	0	13	16	37	371	447	212	3	3	0	0	0	0	133	197	0	32	69	9	0	23
0	13	25	143	18	0	41	0	0	476	61	0	5	76	271	11	0	13	0	0	17	2	0	0	0	2	470	0	0	0	10	0	7	2	0	0	0	0	0	0	0	74	0	206	0	0	4	313	0	0	1	1	0	0	0	0	12	0	3	0	16	70	0	1	0	468	4	0	29	3	0	23	34	0
0	0	0	0	0	0	0	0	0	0	0	0	0	0	0	0	0	0	0	0	0	0	0	0	0	0	0	0	0	0	0	0	0	0	0	0	0	0	0	0	0	0	0	0	0	0	0	0	0	0	0	0	0	0	0	0	0	0	0	0	0	0	0	0	0	0	0	0	0	0	0	0	0	0
0	0	0	0	0	0	0	0	0	0	0	0	0	0	0	0	0	0	0	0	0	0	0	0	0	0	0	0	0	0	0	0	0	0	0	0	0	0	0	0	0	0	0	0	0	0	0	0	0	0	0	0	0	0	0	0	0	0	0	0	0	0	0	0	0	0	0	0	0	0	0	0	0	0
0	0	0	0	0	0	0	0	0	0	0	0	0	0	0	0	0	0	0	0	0	0	0	0	0	0	0	0	0	0	0	0	0	0	0	0	0	0	0	0	0	0	0	0	0	0	0	0	0	0	0	0	0	0	0	0	0	0	0	0	0	0	0	0	0	0	0	0	0	0	0	0	0	0
33	23	0	0	0	0	0	499	8	2	2	0	518	14	1	0	324	0	14	140	699	1	0	2	0	570	4	0	0	0	4	0	155	48	189	0	0	0	0	0	0	0	3	0	0	0	0	0	0	0	0	383	0	0	9	8	34	141	56	589	0	1	0	1	0	0	0	0	0	5	6	23	2	27
0	0	0	0	0	0	0	0	0	0	0	0	0	0	0	0	0	0	0	0	0	0	0	0	0	0	0	0	0	0	0	0	0	0	0	0	0	0	0	0	0	0	0	0	0	0	0	0	0	0	0	0	0	0	0	0	0	0	0	0	5	0	0	0	0	0	0	0	0	0	0	0	0	0
0	30	6	0	15	0	0	0	0	398	228	0	9	287	301	0	2	21	22	3	1	1	0	0	0	1	11	0	0	0	99	0	3	2	5	74	0	0	0	0	0	0	7	443	0	0	94	341	0	0	0	0	0	0	1	0	49	343	818	21	0	400	0	11	0	6	8	0	39	21	75	30	81	0
0	0	0	0	0	0	0	2	0	0	29	0	2	0	0	0	0	0	5	0	1	0	0	0	0	1	0	0	0	0	0	0	3	0	6	0	0	0	0	3	0	7	0	0	0	0	0	0	0	0	0	0	2	0	0	0	3	6	11	6	0	0	0	0	0	0	6	0	100	0	6	0	0	0
0	5	46	0	0	6	344	0	1	812	78	0	0	22	351	0	4	82	36	0	0	0	0	0	0	1	10	0	0	0	120	0	0	0	0	206	0	0	0	0	0	443	0	0	0	0	0	791	0	0	84	0	64	0	3	0	216	166	0	0	0	25	0	0	0	143	1	0	0	0	0	13	31	2
21	0	0	0	0	0	0	0	3	0	0	0	0	0	0	0	10	0	0	161	24	6	0	0	0	30	0	0	0	0	170	0	9	7	1	0	0	0	0	0	0	0	0	0	0	0	0	0	0	0	98	18	0	0	154	0	52	4	2	0	0	0	0	0	0	0	0	0	0	0	0	0	3	5
4	4	0	0	0	0	0	6	3	0	0	0	172	1	0	0	16	0	0	35	53	9	0	0	0	10	1	0	0	0	14	0	6	12	6	0	0	0	0	0	0	0	0	0	0	0	0	0	0	0	1	2	0	0	4	2	6	48	122	111	0	46	0	2	0	0	0	0	0	0	0	4	2	1
0	7	0	0	0	0	0	0	0	11	0	0	2	210	4	0	1	5	0	0	1	0	0	0	0	0	15	0	0	0	104	0	0	0	1	4	0	0	0	0	0	94	0	0	0	0	0	5	0	0	0	0	0	0	1	0	3	6	440	1	0	37	0	45	0	0	0	0	6	0	0	7	2	0
4	7	344	88	22	92	0	0	0	942	0	0	1	41	364	10	1	38	318	86	0	2	0	0	0	7	160	0	0	0	28	0	1	1	0	313	0	0	0	0	0	341	0	791	0	0	5	0	0	0	8	6	140	0	9	0	864	9	1	1	1	109	0	1	0	513	0	1	0	376	0	16	10	0
0	0	0	0	0	0	0	0	0	0	0	0	0	0	0	0	0	0	0	0	0	0	0	0	0	0	0	0	0	0	0	0	0	0	0	0	0	0	0	0	0	0	0	0	0	0	0	0	0	0	0	0	0	0	0	0	0	0	0	0	0	0	0	0	0	0	0	0	0	0	0	0	0	0
4	0	0	0	0	0	0	0	1	0	0	0	0	0	0	0	0	754	0	0	0	0	0	0	0	0	0	0	0	0	0	0	0	0	0	0	0	0	0	0	0	0	0	0	0	0	0	0	0	0	0	0	0	0	0	0	0	0	0	0	0	0	0	1	0	0	0	0	0	0	0	0	1	0
0	0	0	0	0	2	0	0	0	56	0	0	0	0	0	0	6	0	21	169	3	50	0	0	3	3	0	0	0	0	400	0	2	1	2	1	0	0	0	0	0	0	0	84	98	1	0	8	0	0	0	0	67	0	131	0	226	37	0	0	0	0	0	0	0	0	52	0	0	98	0	0	0	125
36	0	2	0	7	107	0	3	2	1	0	0	3	1	1	1	220	0	131	15	648	237	0	9	4	683	20	0	0	0	8	0	400	188	525	1	0	0	0	383	0	0	0	0	18	2	0	6	0	0	0	0	271	0	167	47	23	145	2	14	4	7	0	0	0	0	298	80	0	26	141	7	0	85
0	1	0	0	0	0	0	0	0	563	0	0	1	3	41	0	51	31	4	124	133	1	0	0	110	254	0	0	0	0	232	0	13	15	16	0	0	0	0	0	0	0	2	64	0	0	0	140	0	0	67	271	0	0	19	1	288	84	0	23	0	1	0	0	0	0	0	0	0	0	1	1	1	265
0	0	0	0	0	0	0	0	0	0	0	0	0	0	0	0	0	0	0	0	0	0	0	0	0	0	0	0	0	0	0	0	0	0	0	0	0	0	0	0	0	0	0	0	0	0	0	0	0	0	0	0	0	0	0	0	0	0	0	0	0	0	0	0	0	0	0	0	0	0	0	0	0	0
276	4	0	0	0	19	1	0	2	0	0	0	19	1	0	1	34	0	24	265	156	377	44	34	159	130	11	0	0	0	159	0	26	40	13	0	0	0	0	9	0	1	0	3	154	4	1	9	0	0	131	167	19	0	0	330	19	61	3	23	0	2	0	1	0	0	27	296	1	12	13	2	2	3
2	3	4	0	0	0	0	17	0	0	0	0	16	14	0	0	1	0	168	220	57	6	23	80	113	24	0	0	0	0	0	0	7	1	16	0	0	0	0	8	0	0	0	0	0	2	0	0	0	0	0	47	1	0	330	0	307	5	46	16	1	0	0	1	0	0	0	38	0	105	5	2	0	0
0	22	304	0	1	255	1	20	2	717	23	0	23	20	78	6	10	22	551	533	13	0	6	43	56	15	1	0	0	0	462	0	15	18	37	12	0	0	0	34	0	49	3	216	52	6	3	864	0	0	226	23	288	0	19	307	0	240	486	131	2	49	0	6	0	110	19	5	7	333	47	11	33	246
66	84	2	0	24	30	0	93	2	16	2	0	59	4	28	10	114	36	267	66	44	148	0	3	9	60	0	0	0	0	231	0	142	229	371	0	0	0	0	141	0	343	6	166	4	48	6	9	0	0	37	145	84	0	61	5	240	0	1072	493	0	63	0	3	0	1	424	187	3	92	383	34	33	172
0	12	132	0	0	0	0	353	6	5	4	0	37	16	11	0	6	2	526	110	9	29	14	0	0	7	7	0	0	0	58	0	29	92	447	3	0	0	0	56	0	818	11	0	2	122	440	1	0	0	0	2	0	0	3	46	486	1072	0	1481	2	16	0	30	0	0	1106	10	52	721	649	174	9	0
3	363	9	1	16	3	0	562	20	0	3	0	338	0	2	0	41	3	273	107	29	30	28	0	0	34	0	0	0	0	2	0	210	261	212	0	0	0	0	589	0	21	6	0	0	111	1	1	0	0	0	14	23	0	23	16	131	493	1481	0	0	0	0	158	0	0	120	106	1	198	436	86	0	20
0	35	0	0	0	0	0	0	3	3	400	0	2	552	0	0	2	4	0	7	2	0	0	0	0	1	16	0	0	0	0	0	3	0	3	16	0	0	0	0	5	0	0	0	0	0	0	1	0	0	0	4	0	0	0	1	2	0	2	0	0	403	0	3	0	0	1	0	0	0	0	35	42	0
0	15	126	0	686	0	0	0	0	35	477	0	7	1155	35	73	1	73	0	1	24	0	0	1	0	21	14	0	0	0	21	0	61	17	3	70	0	0	0	1	0	400	0	25	0	46	37	109	0	0	0	7	1	0	2	0	49	63	16	0	403	0	0	17	0	15	2	7	145	17	1	129	66	26
0	0	0	0	0	0	0	0	0	0	0	0	0	0	0	0	0	0	0	0	0	0	0	0	0	0	0	0	0	0	0	0	0	0	0	0	0	0	0	0	0	0	0	0	0	0	0	0	0	0	0	0	0	0	0	0	0	0	0	0	0	0	0	0	0	0	0	0	0	0	0	0	0	0
0	368	44	0	502	0	0	80	0	0	88	0	21	198	2	126	0	0	0	0	0	0	0	0	0	0	1	0	0	0	74	0	0	98	0	1	0	0	0	1	0	11	0	0	0	2	45	1	0	1	0	0	0	0	1	1	6	3	30	158	3	17	0	0	0	0	0	0	88	2	18	48	158	0
0	0	0	0	0	0	0	0	0	0	0	0	0	0	0	0	0	0	0	0	0	0	0	0	0	0	0	0	0	0	0	0	0	0	0	0	0	0	0	0	0	0	0	0	0	0	0	0	0	0	0	0	0	0	0	0	0	0	0	0	0	0	0	0	0	0	0	0	0	0	0	0	0	0
0	2	146	378	1	0	0	0	0	554	26	0	0	25	145	0	0	21	0	4	0	0	0	0	0	2	653	0	0	0	2	0	0	0	0	468	0	0	0	0	0	6	0	143	0	0	0	513	0	0	0	0	0	0	0	0	110	1	0	0	0	15	0	0	0	0	0	0	7	0	0	2	0	0
58	5	0	0	2	0	0	0	1	3	0	0	12	7	2	5	122	15	14	10	4	40	0	0	0	111	2	0	0	0	134	0	8	22	133	4	0	0	0	0	0	8	6	1	0	0	0	0	0	0	52	298	0	0	27	0	19	424	1106	120	1	2	0	0	0	0	0	0	1	0	4	5	2	121
311	1	0	0	0	0	0	0	0	19	0	0	3	1	2	0	34	0	10	3	147	87	0	28	166	139	15	0	0	0	40	0	24	11	197	0	0	0	0	0	0	0	0	0	0	0	0	1	0	0	0	80	0	0	296	38	5	187	10	106	0	7	0	0	0	0	0	0	0	0	0	1	0	212
0	14	5	0	30	0	2	0	1	1	102	0	2	75	6	7	2	18	0	0	0	0	0	0	0	0	7	0	0	0	11	0	0	0	0	29	0	0	0	0	0	39	100	0	0	0	6	0	0	0	0	0	0	0	1	0	7	3	52	1	0	145	0	88	0	7	1	0	0	3	0	14	5	0
12	12	0	0	0	0	0	48	6	217	18	0	82	34	43	0	7	2	19	294	19	5	0	0	0	25	7	0	0	0	70	0	13	4	32	3	0	0	0	5	0	21	0	0	0	0	0	376	0	0	98	26	0	0	12	105	333	92	721	198	0	17	0	2	0	0	0	0	3	0	10	8	10	8
0	22	0	0	0	0	2	226	10	14	116	0	402	10	2	0	30	0	15	202	144	1	0	0	0	149	7	0	0	0	4	0	21	39	69	0	0	0	0	6	0	75	6	0	0	0	0	0	0	0	0	141	1	0	13	5	47	383	649	436	0	1	0	18	0	0	4	0	0	10	0	19	2	3
1	24	4	6	25	1	0	121	0	17	130	0	28	89	2	5	10	31	10	9	1	0	0	0	1	4	9	0	0	0	6	0	8	19	9	23	0	0	0	23	0	30	0	13	0	4	7	16	0	0	0	7	1	0	2	2	11	34	174	86	35	129	0	48	0	2	5	1	14	8	19	0	24	0
0	76	29	1	125	0	1	1	0	15	160	0	0	73	4	23	3	26	2	3	2	0	0	0	0	11	0	0	0	0	9	0	9	89	0	34	0	0	0	2	0	81	0	31	3	2	2	10	0	1	0	0	1	0	2	0	33	33	9	0	42	66	0	158	0	0	2	0	5	10	2	24	0	5
0	1	0	0	0	191	0	0	0	0	0	0	10	0	3	1	2	0	88	8	55	88	0	1	4	18	0	0	0	0	44	0	26	7	23	0	0	0	0	27	0	0	0	2	5	1	0	0	0	0	125	85	265	0	3	0	246	172	0	20	0	26	0	0	0	0	121	212	0	8	3	0	5	0
