0	0	0	0	0	0	0	0	0	12	0	0	0	0	0	0	21	0	7	3	2	235	0	365	73	109	0	0	27	0	51	0	3	0	54	0	0	0	17	2	0	0	2	0	80	0	0	0	0	0	0	3	2	0	136	1	0	45	8	0	1	0	0	0	0	0	8	95	0	3	0	0	0	0
0	0	1	0	13	0	0	2	1	0	0	0	10	0	0	0	0	2	4	3	0	2	2	0	0	0	0	18	16	0	0	0	5	4	17	1	0	0	0	7	6	1	3	8	1	2	0	0	3	3	0	0	0	0	3	1	1	14	16	0	1	8	0	0	0	0	10	0	0	0	2	0	0	0
0	1	0	0	0	0	0	0	16	406	0	0	0	5	35	0	0	2	0	30	0	0	0	0	0	2	0	0	0	19	0	0	0	9	0	0	5	0	0	0	31	0	0	0	1	14	0	24	0	0	0	0	0	0	0	1	179	0	0	0	0	19	0	0	0	100	0	0	1	7	0	1	4	6
0	0	0	0	0	0	0	0	1	21	0	0	0	0	0	0	0	0	0	1	0	0	0	0	0	1	0	0	0	952	0	0	0	0	0	0	0	0	0	0	265	0	0	8	0	0	0	5	0	0	0	0	0	0	0	0	0	0	0	0	0	0	0	0	0	226	1	0	0	1	0	0	0	1
0	13	0	0	0	0	0	0	18	0	2	0	313	0	0	0	0	0	0	36	0	0	0	0	0	8	0	0	0	0	0	0	51	515	0	0	0	0	5	0	1	0	0	0	0	101	0	3	0	0	9	0	0	0	0	0	0	17	0	0	0	176	0	0	0	0	0	0	7	5	0	8	0	7
0	0	0	0	0	0	0	0	7	520	0	0	0	0	0	0	0	1	2	70	0	0	0	0	0	0	0	0	0	0	313	0	0	12	0	0	0	0	0	0	0	0	1	2	0	26	0	3	0	3	100	0	3	0	0	0	3	82	0	0	0	0	0	0	0	0	0	0	0	7	0	3	0	241
0	0	0	0	0	0	0	0	0	0	0	0	0	0	0	0	0	0	0	0	0	0	0	0	0	0	0	0	0	1	0	0	0	0	0	0	0	0	0	0	0	0	0	0	0	0	0	0	0	0	0	0	0	0	0	0	0	0	0	0	0	0	0	0	0	0	0	0	0	0	0	0	0	0
0	2	0	0	0	0	0	0	31	0	0	0	435	0	0	0	0	0	0	13	0	0	0	0	0	38	0	0	0	0	0	0	19	202	2	0	0	0	0	0	0	0	1	0	0	5	0	0	0	0	0	0	0	0	0	3	0	26	12	1	0	0	0	0	0	0	0	0	0	0	2	0	0	1
0	1	16	1	18	7	0	31	0	10	0	0	37	1	0	0	8	2	33	96	18	7	15	0	0	13	0	67	14	3	0	0	50	53	32	0	0	0	5	3	7	31	43	6	9	1	0	0	0	15	0	0	0	0	6	48	23	81	136	0	6	23	0	7	0	0	6	8	47	7	43	16	4	1
12	0	406	21	0	520	0	0	10	0	0	0	2	0	131	0	0	21	221	149	0	0	0	0	0	0	0	0	0	0	15	0	6	7	1	290	0	0	0	3	139	337	38	471	13	1	0	29	37	23	25	0	708	0	0	0	544	53	1	0	28	21	0	0	0	525	10	23	4	331	0	12	0	0
0	0	0	0	2	0	0	0	0	0	0	0	0	1	0	0	0	0	0	0	0	0	0	0	0	0	0	0	0	0	0	0	0	0	0	0	0	0	0	0	0	0	0	0	0	0	0	0	0	0	0	0	0	0	0	0	0	0	0	0	0	2	0	0	0	0	0	0	4	0	0	0	0	0
0	0	0	0	0	0	0	0	0	0	0	0	0	0	0	0	0	0	0	0	0	0	0	0	0	0	0	0	0	0	0	0	0	0	0	0	0	0	0	0	0	0	0	0	0	0	0	0	0	0	0	0	0	0	0	0	0	0	0	0	0	0	0	0	0	0	0	0	0	0	0	0	0	0
0	10	0	0	313	0	0	435	37	2	0	0	0	0	14	1	68	0	120	40	53	2	34	0	0	5	0	434	33	0	0	0	559	1080	33	0	0	0	126	246	3	0	331	0	6	283	0	2	0	0	0	0	0	0	6	5	61	121	42	1	0	7	0	0	0	0	1	1	0	0	217	9	0	5
0	0	5	0	0	0	0	0	1	0	1	0	0	0	0	0	0	0	0	0	0	0	0	0	0	0	0	70	0	0	0	0	0	0	1	0	0	0	0	0	1	0	0	119	0	2	0	0	0	0	0	0	0	0	0	0	0	5	0	0	120	145	0	0	0	0	0	0	0	0	1	0	0	0
0	0	35	0	0	0	0	0	0	131	0	0	14	0	0	0	0	1	19	2	0	0	0	0	0	0	0	1	0	0	0	0	12	0	13	64	0	0	8	21	0	92	19	92	0	0	0	0	31	0	0	0	33	0	0	0	129	15	20	0	0	0	0	0	0	13	0	1	0	0	0	0	0	2
0	0	0	0	0	0	0	0	0	0	0	0	1	0	0	0	0	0	0	0	0	0	0	0	0	0	0	0	0	0	0	0	0	1	0	0	0	0	0	0	0	0	0	0	0	1	0	0	0	0	0	0	0	0	0	0	0	0	0	0	0	0	0	0	0	0	0	0	0	0	0	0	0	0
21	0	0	0	0	0	0	0	8	0	0	0	68	0	0	0	0	0	12	13	0	0	0	14	0	490	0	0	0	0	58	0	345	23	1	0	0	0	284	0	0	0	0	0	7	18	0	0	0	0	0	48	0	0	0	0	1	69	2	0	0	0	0	0	0	2	3	0	0	2	0	0	0	33
0	2	2	0	0	1	0	0	2	21	0	0	0	0	1	0	0	0	0	0	0	0	0	0	0	0	0	2	0	0	54	0	0	8	1	3	0	2	0	0	10	14	0	11	0	1	0	0	0	39	0	0	1	0	0	0	6	1	0	0	2	27	0	0	0	3	1	0	10	0	0	2	3	0
7	4	0	0	0	2	0	0	33	221	0	0	120	0	19	0	12	0	0	245	16	8	2	0	2	66	0	22	126	0	50	0	400	101	52	0	0	6	96	10	2	2	12	4	46	40	2	0	2	0	0	40	6	0	6	160	43	192	68	2	0	2	0	0	0	0	2	10	0	11	16	4	0	231
3	3	30	1	36	70	0	13	96	149	0	0	40	0	2	0	13	0	245	0	106	6	39	89	43	33	0	84	118	0	170	0	245	66	125	0	0	0	181	133	14	38	48	11	289	17	0	20	40	14	60	0	201	0	86	337	627	67	44	0	9	23	0	0	0	11	7	77	29	282	258	14	4	14
2	0	0	0	0	0	0	0	18	0	0	0	53	0	0	0	0	0	16	106	0	0	0	0	0	557	0	0	0	0	4	0	1285	45	0	0	0	0	408	0	0	0	1	0	4	43	0	0	0	0	8	32	0	0	0	3	0	20	0	0	0	3	0	0	0	0	0	0	0	0	0	0	0	7
235	2	0	0	0	0	0	0	7	0	0	0	2	0	0	0	0	0	8	6	0	0	0	271	0	189	0	0	31	0	350	0	19	1	3	0	0	0	27	0	0	0	0	0	137	1	0	0	0	0	42	12	0	0	0	7	0	39	0	0	0	0	0	0	0	0	2	0	0	0	0	0	1	86
0	2	0	0	0	0	0	0	15	0	0	0	34	0	0	0	0	0	2	39	0	0	0	139	0	15	0	0	1	0	0	0	16	2	2	0	0	0	16	0	0	0	2	0	0	0	0	0	0	0	0	0	0	0	0	0	0	13	64	0	0	0	0	0	0	0	0	0	0	0	0	2	0	6
365	0	0	0	0	0	0	0	0	0	0	0	0	0	0	0	14	0	0	89	0	271	139	0	145	8	0	0	69	0	0	0	0	2	0	0	0	0	2	0	2	0	0	0	270	0	0	0	0	0	0	3	89	0	223	233	20	6	0	0	2	4	0	2	0	0	0	293	0	2	0	0	0	0
73	0	0	0	0	0	0	0	0	0	0	0	0	0	0	0	0	0	2	43	0	0	0	145	0	2	0	0	4	0	14	0	0	0	0	0	0	0	0	0	0	0	0	0	85	0	0	0	0	0	19	2	0	0	0	145	94	0	0	0	0	0	0	0	0	0	0	0	0	0	0	0	0	0
109	0	2	1	8	0	0	38	13	0	0	0	5	0	0	0	490	0	66	33	557	189	15	8	2	0	0	39	48	1	45	0	318	28	89	1	0	0	357	206	34	0	34	2	108	9	0	0	2	2	4	0	102	0	238	21	29	51	6	0	1	1	0	0	0	2	72	49	0	3	45	2	3	0
0	0	0	0	0	0	0	0	0	0	0	0	0	0	0	0	0	0	0	0	0	0	0	0	0	0	0	0	0	0	0	0	0	0	0	0	0	0	0	0	0	0	0	0	0	0	0	0	0	0	0	0	0	0	0	0	0	0	0	0	0	0	0	0	0	0	0	0	0	0	0	0	0	0
0	18	0	0	0	0	0	0	67	0	0	0	434	70	1	0	0	2	22	84	0	0	0	0	0	39	0	0	1	1	2	0	27	321	4	0	0	0	0	0	0	0	1	4	0	114	0	4	0	0	0	0	0	0	0	3	2	38	62	3	0	0	0	0	0	3	2	0	0	9	0	17	0	21
27	16	0	0	0	0	0	0	14	0	0	0	33	0	0	0	0	0	126	118	0	31	1	69	4	48	0	1	0	1	12	0	871	42	307	0	0	114	24	16	0	2	8	0	2	18	0	0	1	0	0	6	0	0	4	7	3	296	112	0	0	0	0	0	0	0	61	139	0	0	13	10	0	15
0	0	19	952	0	0	1	0	3	0	0	0	0	0	0	0	0	0	0	0	0	0	0	0	0	1	0	1	1	0	22	0	0	1	0	805	0	0	0	0	987	0	0	0	5	6	0	1	129	3	0	0	0	0	18	0	1	0	0	0	0	0	0	0	0	1536	1	0	0	0	0	0	12	0
51	0	0	0	0	313	0	0	0	15	0	0	0	0	0	0	58	54	50	170	4	350	0	0	14	45	0	2	12	22	0	0	24	4	4	0	0	0	2	2	8	0	24	338	734	0	0	0	0	0	246	0	1198	0	296	0	409	65	0	0	2	2	0	0	0	14	240	24	0	260	33	0	0	453
0	0	0	0	0	0	0	0	0	0	0	0	0	0	0	0	0	0	0	0	0	0	0	0	0	0	0	0	0	0	0	0	0	0	0	0	0	0	0	0	0	0	0	0	0	0	0	0	0	0	0	0	0	0	0	0	0	0	0	0	0	1	0	1	0	0	0	0	1	0	0	2	0	0
3	5	0	0	51	0	0	19	50	6	0	0	559	0	12	0	345	0	400	245	1285	19	16	0	0	318	0	27	871	0	24	0	0	174	228	2	0	0	1350	1010	14	1	12	7	2	30	0	0	83	47	0	7	24	0	203	35	34	169	17	1	0	17	0	0	0	0	1	57	2	0	1115	0	0	49
0	4	9	0	515	12	0	202	53	7	0	0	1080	0	0	1	23	8	101	66	45	1	2	2	0	28	0	321	42	1	4	0	174	0	3	0	2	0	32	38	16	3	64	8	35	548	0	0	0	0	40	0	2	0	157	2	41	441	2	0	1	10	0	0	0	1	9	33	1	1	451	2	0	7
54	17	0	0	0	0	0	2	32	1	0	0	33	1	13	0	1	1	52	125	0	3	2	0	0	89	0	4	307	0	4	0	228	3	0	0	0	0	43	20	0	1	8	0	0	1	0	0	0	0	0	14	0	0	2	5	11	327	79	2	0	1	0	0	0	0	11	0	0	2	3	13	0	13
0	1	0	0	0	0	0	0	0	290	0	0	0	0	64	0	0	3	0	0	0	0	0	0	0	1	0	0	0	805	0	0	2	0	0	0	1	0	0	0	208	0	0	16	0	0	0	5	0	0	0	0	0	0	0	0	15	0	0	0	0	0	0	0	0	268	0	0	0	2	0	1	1	1
0	0	5	0	0	0	0	0	0	0	0	0	0	0	0	0	0	0	0	0	0	0	0	0	0	0	0	0	0	0	0	0	0	2	0	1	0	0	0	0	7	1	0	3	0	0	0	0	0	0	0	0	0	0	0	0	1	0	0	0	9	16	0	0	0	0	0	0	0	0	0	5	0	0
0	0	0	0	0	0	0	0	0	0	0	0	0	0	0	0	0	2	6	0	0	0	0	0	0	0	0	0	114	0	0	0	0	0	0	0	0	0	0	0	1	0	0	0	0	0	0	0	0	0	0	0	0	0	0	0	1	83	2	2	0	37	0	0	0	0	0	0	0	0	0	0	1	6
17	0	0	0	5	0	0	0	5	0	0	0	126	0	8	0	284	0	96	181	408	27	16	2	0	357	0	0	24	0	2	0	1350	32	43	0	0	0	0	152	20	0	1	0	22	45	0	0	1	0	0	51	3	0	190	0	0	57	0	0	0	0	0	0	0	2	2	2	0	4	139	0	0	22
2	7	0	0	0	0	0	0	3	3	0	0	246	0	21	0	0	0	10	133	0	0	0	0	0	206	0	0	16	0	2	0	1010	38	20	0	0	0	152	0	0	0	1	0	2	18	0	0	0	0	0	4	0	0	0	2	0	0	0	0	0	0	0	0	0	0	0	0	0	0	0	7	0	7
0	6	31	265	1	0	0	0	7	139	0	0	3	1	0	0	0	10	2	14	0	0	0	2	0	34	0	0	0	987	8	0	14	16	0	208	7	1	20	0	0	2	4	242	7	33	0	40	0	3	0	0	0	0	0	2	8	44	0	0	2	35	0	2	0	423	2	0	10	0	0	9	0	35
0	1	0	0	0	0	0	0	31	337	0	0	0	0	92	0	0	14	2	38	0	0	0	0	0	0	0	0	2	0	0	0	1	3	1	0	1	0	0	0	2	0	4	8	0	5	0	16	0	0	0	0	0	0	0	0	2	277	104	0	0	56	0	0	0	2	0	0	9	9	0	1	4	19
2	3	0	0	0	1	0	1	43	38	0	0	331	0	19	0	0	0	12	48	1	0	2	0	0	34	0	1	8	0	24	0	12	64	8	0	0	0	1	1	4	4	0	3	4	18	0	0	0	3	0	0	0	0	2	1	6	356	172	2	1	0	0	0	0	1	4	0	1	5	6	2	3	47
0	8	0	8	0	2	0	0	6	471	0	0	0	119	92	0	0	11	4	11	0	0	0	0	0	2	0	4	0	0	338	0	7	8	0	16	3	0	0	0	242	8	3	0	9	8	0	41	8	0	6	0	12	0	0	0	80	46	26	0	2	74	0	0	0	10	3	0	4	5	0	8	2	307
80	1	1	0	0	0	0	0	9	13	0	0	6	0	0	0	7	0	46	289	4	137	0	270	85	108	0	0	2	5	734	0	2	35	0	0	0	0	22	2	7	0	4	9	0	10	0	0	1	0	22	3	221	0	126	2	155	25	0	0	0	6	0	0	0	0	23	1	0	82	1	0	2	121
0	2	14	0	101	26	0	5	1	1	0	0	283	2	0	1	18	1	40	17	43	1	0	0	0	9	0	114	18	6	0	0	30	548	1	0	0	0	45	18	33	5	18	8	10	0	0	0	0	0	0	0	18	0	62	0	13	132	0	0	13	6	0	0	0	0	19	3	0	0	90	1	0	0
0	0	0	0	0	0	0	0	0	0	0	0	0	0	0	0	0	0	2	0	0	0	0	0	0	0	0	0	0	0	0	0	0	0	0	0	0	0	0	0	0	0	0	0	0	0	0	0	0	0	0	0	0	0	0	0	0	0	0	0	0	0	0	0	0	0	0	0	0	0	0	0	0	0
0	0	24	5	3	3	0	0	0	29	0	0	2	0	0	0	0	0	0	20	0	0	0	0	0	0	0	4	0	1	0	0	0	0	0	5	0	0	0	0	40	16	0	41	0	0	0	0	0	0	0	0	5	0	0	0	24	1	0	0	0	0	0	0	0	34	0	0	1	49	0	1	0	0
0	3	0	0	0	0	0	0	0	37	0	0	0	0	31	0	0	0	2	40	0	0	0	0	0	2	0	0	1	129	0	0	83	0	0	0	0	0	1	0	0	0	0	8	1	0	0	0	0	0	0	0	0	0	0	0	0	0	0	0	0	0	0	0	0	2	0	0	0	0	0	3	0	0
0	3	0	0	0	3	0	0	15	23	0	0	0	0	0	0	0	39	0	14	0	0	0	0	0	2	0	0	0	3	0	0	47	0	0	0	0	0	0	0	3	0	3	0	0	0	0	0	0	0	0	0	0	0	0	0	0	0	0	0	0	0	0	0	0	0	4	0	0	4	0	3	0	2
0	0	0	0	9	100	0	0	0	25	0	0	0	0	0	0	0	0	0	60	8	42	0	0	19	4	0	0	0	0	246	0	0	40	0	0	0	0	0	0	0	0	0	6	22	0	0	0	0	0	0	0	164	0	71	0	255	9	0	0	0	0	0	0	0	0	10	0	0	44	0	0	0	54
3	0	0	0	0	0	0	0	0	0	0	0	0	0	0	0	48	0	40	0	32	12	0	3	2	0	0	0	6	0	0	0	7	0	14	0	0	0	51	4	0	0	0	0	3	0	0	0	0	0	0	0	0	0	14	0	0	0	1	0	0	0	0	0	0	0	0	2	0	1	0	0	0	0
2	0	0	0	0	3	0	0	0	708	0	0	0	0	33	0	0	1	6	201	0	0	0	89	0	102	0	0	0	0	1198	0	24	2	0	0	0	0	3	0	0	0	0	12	221	18	0	5	0	0	164	0	0	0	0	0	413	53	0	0	0	0	0	0	0	0	0	0	0	7	0	0	0	555
0	0	0	0	0	0	0	0	0	0	0	0	0	0	0	0	0	0	0	0	0	0	0	0	0	0	0	0	0	0	0	0	0	0	0	0	0	0	0	0	0	0	0	0	0	0	0	0	0	0	0	0	0	0	0	0	0	0	0	0	0	0	0	0	0	0	0	0	0	0	0	0	0	0
136	3	0	0	0	0	0	0	6	0	0	0	6	0	0	0	0	0	6	86	0	0	0	223	0	238	0	0	4	18	296	0	203	157	2	0	0	0	190	0	0	0	2	0	126	62	0	0	0	0	71	14	0	0	0	40	0	72	4	0	0	0	0	0	0	0	3	0	0	3	4	1	0	24
1	1	1	0	0	0	0	3	48	0	0	0	5	0	0	0	0	0	160	337	3	7	0	233	145	21	0	3	7	0	0	0	35	2	5	0	0	0	0	2	2	0	1	0	2	0	0	0	0	0	0	0	0	0	40	0	256	5	28	0	2	0	0	0	0	0	0	220	0	151	1	3	4	7
0	1	179	0	0	3	0	0	23	544	0	0	61	0	129	0	1	6	43	627	0	0	0	20	94	29	0	2	3	1	409	0	34	41	11	15	1	1	0	0	8	2	6	80	155	13	0	24	0	0	255	0	413	0	0	256	0	92	39	2	4	114	0	0	0	82	7	0	0	243	0	1	0	152
45	14	0	0	17	82	0	26	81	53	0	0	121	5	15	0	69	1	192	67	20	39	13	6	0	51	0	38	296	0	65	0	169	441	327	0	0	83	57	0	44	277	356	46	25	132	0	1	0	0	9	0	53	0	72	5	92	0	329	2	11	25	0	0	0	12	428	17	32	2	188	14	0	453
8	16	0	0	0	0	0	12	136	1	0	0	42	0	20	0	2	0	68	44	0	0	64	0	0	6	0	62	112	0	0	0	17	2	79	0	0	2	0	0	0	104	172	26	0	0	0	0	0	0	0	1	0	0	4	28	39	329	0	4	0	69	0	0	0	0	82	0	0	56	47	11	0	8
0	0	0	0	0	0	0	1	0	0	0	0	1	0	0	0	0	0	2	0	0	0	0	0	0	0	0	3	0	0	0	0	1	0	2	0	0	2	0	0	0	0	2	0	0	0	0	0	0	0	0	0	0	0	0	0	2	2	4	0	0	0	0	0	0	0	0	0	0	0	3	0	0	0
1	1	0	0	0	0	0	0	6	28	0	0	0	120	0	0	0	2	0	9	0	0	0	2	0	1	0	0	0	0	2	0	0	1	0	0	9	0	0	0	2	0	1	2	0	13	0	0	0	0	0	0	0	0	0	2	4	11	0	0	0	29	0	0	0	0	1	0	1	8	0	1	1	26
0	8	19	0	176	0	0	0	23	21	2	0	7	145	0	0	0	27	2	23	3	0	0	4	0	1	0	0	0	0	2	1	17	10	1	0	16	37	0	0	35	56	0	74	6	6	0	0	0	0	0	0	0	0	0	0	114	25	69	0	29	0	0	0	0	6	4	0	9	12	0	8	4	44
0	0	0	0	0	0	0	0	0	0	0	0	0	0	0	0	0	0	0	0	0	0	0	0	0	0	0	0	0	0	0	0	0	0	0	0	0	0	0	0	0	0	0	0	0	0	0	0	0	0	0	0	0	0	0	0	0	0	0	0	0	0	0	0	0	0	0	0	0	0	0	0	0	0
0	0	0	0	0	0	0	0	7	0	0	0	0	0	0	0	0	0	0	0	0	0	0	2	0	0	0	0	0	0	0	1	0	0	0	0	0	0	0	0	2	0	0	0	0	0	0	0	0	0	0	0	0	0	0	0	0	0	0	0	0	0	0	0	0	0	0	0	2	0	0	0	0	1
0	0	0	0	0	0	0	0	0	0	0	0	0	0	0	0	0	0	0	0	0	0	0	0	0	0	0	0	0	0	0	0	0	0	0	0	0	0	0	0	0	0	0	0	0	0	0	0	0	0	0	0	0	0	0	0	0	0	0	0	0	0	0	0	0	0	0	0	0	0	0	0	0	0
0	0	100	226	0	0	0	0	0	525	0	0	0	0	13	0	2	3	0	11	0	0	0	0	0	2	0	3	0	1536	14	0	0	1	0	268	0	0	2	0	423	2	1	10	0	0	0	34	2	0	0	0	0	0	0	0	82	12	0	0	0	6	0	0	0	0	0	0	0	0	1	0	1	12
8	10	0	1	0	0	0	0	6	10	0	0	1	0	0	0	3	1	2	7	0	2	0	0	0	72	0	2	61	1	240	0	1	9	11	0	0	0	2	0	2	0	4	3	23	19	0	0	0	4	10	0	0	0	3	0	7	428	82	0	1	4	0	0	0	0	0	0	0	8	2	14	1	16
95	0	0	0	0	0	0	0	8	23	0	0	1	0	1	0	0	0	10	77	0	0	0	293	0	49	0	0	139	0	24	0	57	33	0	0	0	0	2	0	0	0	0	0	1	3	0	0	0	0	0	2	0	0	0	220	0	17	0	0	0	0	0	0	0	0	0	0	0	0	0	0	0	81
0	0	1	0	7	0	0	0	47	4	4	0	0	0	0	0	0	10	0	29	0	0	0	0	0	0	0	0	0	0	0	1	2	1	0	0	0	0	0	0	10	9	1	4	0	0	0	1	0	0	0	0	0	0	0	0	0	32	0	0	1	9	0	2	0	0	0	0	0	7	3	0	3	20
3	0	7	1	5	7	0	0	7	331	0	0	0	0	0	0	2	0	11	282	0	0	0	2	0	3	0	9	0	0	260	0	0	1	2	2	0	0	4	0	0	9	5	5	82	0	0	49	0	4	44	1	7	0	3	151	243	2	56	0	8	12	0	0	0	0	8	0	7	0	7	4	4	13
0	2	0	0	0	0	0	2	43	0	0	0	217	1	0	0	0	0	16	258	0	0	0	0	0	45	0	0	13	0	33	0	1115	451	3	0	0	0	139	0	0	0	6	0	1	90	0	0	0	0	0	0	0	0	4	1	0	188	47	3	0	0	0	0	0	1	2	0	3	7	0	2	0	3
0	0	1	0	8	3	0	0	16	12	0	0	9	0	0	0	0	2	4	14	0	0	2	0	0	2	0	17	10	0	0	2	0	2	13	1	5	0	0	7	9	1	2	8	0	1	0	1	3	3	0	0	0	0	1	3	1	14	11	0	1	8	0	0	0	0	14	0	0	4	2	0	0	4
0	0	4	0	0	0	0	0	4	0	0	0	0	0	0	0	0	3	0	4	0	1	0	0	0	3	0	0	0	12	0	0	0	0	0	1	0	1	0	0	0	4	3	2	2	0	0	0	0	0	0	0	0	0	0	4	0	0	0	0	1	4	0	0	0	1	1	0	3	4	0	0	0	0
0	0	6	1	7	241	0	1	1	0	0	0	5	0	2	0	33	0	231	14	7	86	6	0	0	0	0	21	15	0	453	0	49	7	13	1	0	6	22	7	35	19	47	307	121	0	0	0	0	2	54	0	555	0	24	7	152	453	8	0	26	44	0	1	0	12	16	81	20	13	3	4	0	0
