0	0	0	7	1	20	18	0	0	8	0	0	26	0	1	10	51	0	33	4	45	497	0	440	132	14	0	0	43	0	29	0	30	6	230	0	0	0	0	31	23	1	0	0	2	0	0	0	0	5	15	115	81	0	419	53	2	64	2	0	0	0	0	0	0	0	183	593	0	5	9	8	1	77
0	0	4	0	26	0	3	21	5	8	5	0	10	10	0	3	0	3	1	3	1	2	1	0	0	0	0	0	2	0	8	0	14	14	1	1	0	0	0	10	1	10	0	7	2	3	6	5	0	0	0	0	0	0	1	1	9	5	7	13	0	10	0	5	0	5	3	2	6	11	9	0	7	2
0	4	0	0	1	0	0	15	9	402	25	0	16	124	295	0	0	18	0	2	6	0	0	0	0	0	55	0	2	0	73	0	1	0	1	0	0	0	0	1	120	0	0	2	6	0	0	152	0	0	0	10	0	0	1	0	273	0	78	30	0	167	0	0	0	0	0	0	18	5	0	0	37	0
7	0	0	0	0	0	0	0	0	0	0	0	0	0	0	0	0	1	0	0	0	0	0	0	0	1	0	0	0	0	0	0	0	0	10	1	0	0	0	0	0	0	0	0	0	0	0	0	0	0	0	0	0	0	0	0	0	0	0	124	0	1	0	0	0	1	0	0	0	0	23	0	0	1
1	26	1	0	0	0	0	88	9	21	470	0	337	72	10	23	5	18	14	2	18	0	0	0	2	8	10	0	47	0	70	0	34	124	12	0	0	0	0	142	13	80	0	0	19	0	5	8	0	0	0	0	0	0	12	0	17	5	6	33	0	571	0	102	0	0	0	0	39	5	8	45	934	1
20	0	0	0	0	0	0	0	0	0	0	0	1	0	13	0	323	0	0	9	226	52	0	8	0	267	0	0	66	0	3	0	1	0	5	0	0	0	0	7	0	0	0	0	44	0	0	0	0	0	0	413	0	0	3	0	1	0	0	0	0	0	0	0	0	0	0	0	0	0	0	0	1	0
18	3	0	0	0	0	0	38	5	6	1	0	53	2	79	0	23	5	0	0	0	3	0	0	0	15	0	0	0	0	6	0	2	0	1	0	0	0	0	2	164	0	0	118	95	0	0	1	0	0	0	28	0	0	13	0	4	0	0	0	0	0	0	0	0	0	0	0	4	0	0	0	3	0
0	21	15	0	88	0	38	0	16	15	1	0	996	12	4	0	336	43	326	108	499	8	0	0	0	65	0	0	65	0	8	0	267	0	33	3	0	0	0	189	2	23	0	8	20	1	1	0	0	0	1	22	1	0	16	38	44	33	34	939	0	8	0	0	0	0	1	1	31	51	208	33	1	0
0	5	9	0	9	0	5	16	0	0	0	0	10	1	0	4	0	0	2	12	0	0	0	0	0	0	0	0	0	0	11	0	59	16	26	2	0	0	0	0	24	15	0	15	98	0	6	0	0	4	1	0	0	0	2	4	12	0	16	26	0	8	0	11	0	0	0	4	0	18	21	23	17	3
8	8	402	0	21	0	6	15	0	0	9	0	2	22	1177	42	0	107	174	47	1	0	0	0	0	0	78	0	0	0	414	0	29	4	0	187	0	0	0	0	327	260	0	593	6	0	10	1127	0	6	486	0	621	0	0	5	921	17	2	1	0	96	0	0	0	169	4	0	28	90	118	35	48	2
0	5	25	0	470	0	1	1	0	9	0	0	5	480	18	157	0	40	2	29	1	0	2	0	0	1	0	0	0	0	6	0	36	79	0	10	0	0	0	3	41	386	0	24	0	6	18	0	0	0	0	1	0	0	4	0	7	5	8	0	0	1226	0	23	0	0	0	0	5	6	30	110	721	0
0	0	0	0	0	0	0	0	0	0	0	0	0	0	0	0	0	0	0	0	0	0	0	0	0	0	0	0	0	0	0	0	0	0	0	0	0	0	0	0	0	0	0	0	0	0	0	0	0	0	0	0	0	0	0	0	0	0	0	0	0	0	0	0	0	0	0	0	0	0	0	0	0	0
26	10	16	0	337	1	53	996	10	2	5	0	0	7	19	47	511	0	337	60	405	5	5	5	0	12	1	0	168	0	3	0	443	579	113	0	0	0	0	968	42	12	0	1	5	186	1	1	0	0	0	17	2	0	53	21	123	128	85	791	0	13	0	25	0	0	9	15	5	40	419	92	20	18
0	10	124	0	72	0	2	12	1	22	480	0	7	0	89	6	1	50	1	1	2	1	12	0	0	1	13	0	0	0	196	0	10	0	1	7	0	0	0	3	17	143	0	5	10	0	88	2	0	0	0	4	0	0	0	22	13	8	78	16	0	973	0	19	0	1	0	0	46	21	0	58	123	0
1	0	295	0	10	13	79	4	0	1177	18	0	19	89	0	18	18	36	85	5	6	16	0	2	0	14	64	0	25	0	25	0	16	3	19	441	0	0	0	12	241	742	0	917	37	0	7	895	0	0	2	33	16	0	4	0	561	28	26	1	0	20	0	4	0	157	5	0	10	190	55	10	4	24
10	3	0	0	23	0	0	0	4	42	157	0	47	6	18	0	3	1	2	1	2	0	0	0	0	12	0	0	0	0	12	0	1	0	10	0	0	0	0	3	5	0	0	0	3	0	0	0	0	0	0	17	0	0	7	0	0	0	2	16	0	151	0	0	0	0	0	0	0	1	0	1	182	0
51	0	0	0	5	323	23	336	0	0	0	0	511	1	18	3	0	0	328	11	1008	197	1	60	13	823	0	0	118	0	13	0	449	191	120	1	0	0	0	523	9	26	0	8	57	23	1	1	0	0	16	1478	129	0	377	9	15	119	23	73	0	4	0	1	0	1	163	87	1	34	169	14	3	29
0	3	18	1	18	0	5	43	0	107	40	0	0	50	36	1	0	0	1	1	1	0	1	0	0	0	3	0	0	0	105	0	16	7	1	44	0	0	0	0	64	33	0	137	17	5	22	107	0	844	38	0	44	0	0	4	15	3	0	0	0	95	0	0	0	0	0	0	42	23	0	46	41	8
33	1	0	0	14	0	0	326	2	174	2	0	337	1	85	2	328	1	0	112	354	51	0	58	2	326	2	0	188	0	98	0	25	0	193	0	0	0	0	299	4	0	0	0	35	0	0	0	0	0	177	772	4	0	18	6	120	32	14	665	0	4	0	0	0	0	0	0	0	4	6	0	1	0
4	3	2	0	2	9	0	108	12	47	29	0	60	1	5	1	11	1	112	0	309	33	2	286	79	151	0	0	15	0	125	0	192	28	93	0	0	0	0	392	9	8	0	8	25	0	2	63	0	0	91	95	260	0	195	403	528	66	64	203	0	14	0	0	0	5	7	54	9	149	318	20	2	16
45	1	6	0	18	226	0	499	0	1	1	0	405	2	6	2	1008	1	354	309	0	264	1	10	2	1126	0	0	151	0	14	0	671	400	167	2	0	0	0	909	70	0	0	4	51	31	3	0	0	0	0	1320	101	0	128	65	10	157	19	55	0	2	0	0	0	0	29	24	0	10	249	4	3	27
497	2	0	0	0	52	3	8	0	0	0	0	5	1	16	0	197	0	51	33	264	0	0	1109	337	290	0	0	269	0	257	0	37	43	476	0	0	0	0	72	2	0	0	1	114	3	0	0	0	0	304	686	60	0	593	52	16	386	32	227	0	0	0	0	0	0	456	537	36	16	15	2	2	149
0	1	0	0	0	0	0	0	0	0	2	0	5	12	0	0	1	1	0	2	1	0	0	114	0	6	0	0	7	0	0	0	0	0	2	0	0	0	0	10	0	0	0	0	0	0	0	0	0	0	0	9	0	0	1	0	2	5	2	166	0	3	0	0	0	0	0	0	44	0	0	0	6	0
440	0	0	0	0	8	0	0	0	0	0	0	5	0	2	0	60	0	58	286	10	1109	114	0	1615	5	0	0	64	0	161	0	27	24	193	0	0	0	0	11	0	0	0	0	201	0	0	0	0	0	40	34	206	0	991	1195	112	30	0	2	0	0	0	2	0	0	6	1665	0	2	311	0	4	168
132	0	0	0	2	0	0	0	0	0	0	0	0	0	0	0	13	0	2	79	2	337	0	1615	0	3	0	0	4	0	17	0	0	0	6	0	0	0	0	0	0	0	0	1	14	0	0	0	0	0	55	8	5	0	166	212	82	0	0	0	0	0	0	0	0	0	0	148	0	0	6	0	0	4
14	0	0	1	8	267	15	65	0	0	1	0	12	1	14	12	823	0	326	151	1126	290	6	5	3	0	0	0	140	0	13	0	687	84	153	1	0	0	0	742	14	13	0	1	31	0	0	0	0	0	2	1121	169	0	261	33	22	136	6	32	0	20	0	0	0	0	155	68	8	28	155	7	2	26
0	0	55	0	10	0	0	0	0	78	0	0	1	13	64	0	0	3	2	0	0	0	0	0	0	0	0	0	3	0	8	0	1	0	2	89	0	0	0	2	436	2	0	4	2	0	14	118	0	0	0	0	0	0	0	0	0	1	5	0	0	9	0	0	0	181	0	0	0	0	0	2	1	0
0	0	0	0	0	0	0	0	0	0	0	0	0	0	0	0	0	0	0	0	0	0	0	0	0	0	0	0	0	0	0	0	0	0	0	0	0	0	0	0	0	0	0	0	0	0	0	0	0	0	0	0	0	0	0	0	0	0	0	0	0	0	0	0	0	0	0	0	0	0	0	0	0	0
43	2	2	0	47	66	0	65	0	0	0	0	168	0	25	0	118	0	188	15	151	269	7	64	4	140	3	0	0	0	13	0	189	16	522	1	0	0	0	590	9	20	0	0	11	4	1	0	0	0	1	625	2	0	25	62	38	301	257	239	0	3	0	0	0	0	239	203	1	3	32	6	6	0
0	0	0	0	0	0	0	0	0	0	0	0	0	0	0	0	0	0	0	0	0	0	0	0	0	0	0	0	0	0	0	0	0	0	0	0	0	0	0	0	0	0	0	0	0	0	0	0	0	0	0	0	0	0	0	0	0	0	0	0	0	0	0	0	0	0	0	0	0	0	0	0	0	0
29	8	73	0	70	3	6	8	11	414	6	0	3	196	25	12	13	105	98	125	14	257	0	161	17	13	8	0	13	0	0	0	14	10	14	1	0	0	0	8	21	11	0	319	180	0	158	67	0	0	1264	22	800	0	408	1	559	35	1	3	0	170	0	8	0	0	250	99	74	71	22	53	84	167
0	0	0	0	0	0	0	0	0	0	0	0	0	0	0	0	0	0	0	0	0	0	0	0	0	0	0	0	0	0	0	0	0	0	0	0	0	0	0	0	0	0	0	0	0	0	0	0	0	0	0	0	0	0	0	0	0	0	0	0	0	0	0	0	0	0	0	0	0	0	0	0	0	0
30	14	1	0	34	1	2	267	59	29	36	0	443	10	16	1	449	16	25	192	671	37	0	27	0	687	1	0	189	0	14	0	10	3	83	0	0	0	0	205	23	4	0	4	112	1	2	2	0	0	0	580	0	0	4	26	16	75	17	191	0	182	0	2	0	0	3	5	66	14	18	14	31	1
6	14	0	0	124	0	0	0	16	4	79	0	579	0	3	0	191	7	0	28	400	43	0	24	0	84	0	0	16	0	10	0	3	0	11	0	0	0	0	176	1	0	0	0	12	0	0	0	0	0	0	118	0	0	31	2	7	223	4	399	0	14	0	0	0	0	0	0	60	1	0	0	572	0
230	1	1	10	12	5	1	33	26	0	0	0	113	1	19	10	120	1	193	93	167	476	2	193	6	153	2	0	522	0	14	0	83	11	0	0	0	0	0	375	12	3	0	2	64	0	0	0	0	0	1	754	63	0	34	21	38	295	328	622	0	17	0	0	0	0	58	97	39	16	13	3	9	1
0	1	0	1	0	0	0	3	2	187	10	0	0	7	441	0	1	44	0	0	2	0	0	0	0	1	89	0	1	0	1	0	0	0	0	0	0	0	0	0	167	1	0	204	6	0	0	219	0	0	0	1	0	0	0	0	82	4	0	3	0	3	0	0	0	22	0	0	1	0	0	0	18	0
0	0	0	0	0	0	0	0	0	0	0	0	0	0	0	0	0	0	0	0	0	0	0	0	0	0	0	0	0	0	0	0	0	0	0	0	0	0	0	0	0	0	0	0	0	0	0	0	0	0	0	0	0	0	0	0	0	0	0	0	0	0	0	0	0	0	0	0	0	0	0	0	0	0
0	0	0	0	0	0	0	0	0	0	0	0	0	0	0	0	0	0	0	0	0	0	0	0	0	0	0	0	0	0	0	0	0	0	0	0	0	0	0	0	0	0	0	0	0	0	0	0	0	0	0	0	0	0	0	0	0	0	0	0	0	0	0	0	0	0	0	0	0	0	0	0	0	0
0	0	0	0	0	0	0	0	0	0	0	0	0	0	0	0	0	0	0	0	0	0	0	0	0	0	0	0	0	0	0	0	0	0	0	0	0	0	0	0	0	0	0	0	0	0	0	0	0	0	0	0	0	0	0	0	0	0	0	0	0	0	0	0	0	0	0	0	0	0	0	0	0	0
31	10	1	0	142	7	2	189	0	0	3	0	968	3	12	3	523	0	299	392	909	72	10	11	0	742	2	0	590	0	8	0	205	176	375	0	0	0	0	0	11	0	0	0	43	11	0	0	0	0	0	854	19	0	57	8	53	65	9	791	0	32	0	1	0	0	0	0	30	5	92	18	2	4
23	1	120	0	13	0	164	2	24	327	41	0	42	17	241	5	9	64	4	9	70	2	0	0	0	14	436	0	9	0	21	0	23	1	12	167	0	0	0	11	0	3	0	396	89	0	18	498	0	0	12	9	0	0	1	35	19	17	5	2	0	98	0	0	0	107	1	0	6	4	5	28	12	7
1	10	0	0	80	0	0	23	15	260	386	0	12	143	742	0	26	33	0	8	0	0	0	0	0	13	2	0	20	0	11	0	4	0	3	1	0	0	0	0	3	0	0	52	43	0	59	171	0	0	0	6	0	0	0	0	94	181	451	36	0	568	0	0	0	0	7	0	25	1	0	1	91	0
0	0	0	0	0	0	0	0	0	0	0	0	0	0	0	0	0	0	0	0	0	0	0	0	0	0	0	0	0	0	0	0	0	0	0	0	0	0	0	0	0	0	0	0	0	0	0	0	0	0	0	0	0	0	0	0	0	0	0	0	0	0	0	0	0	0	0	0	0	0	0	0	0	0
0	7	2	0	0	0	118	8	15	593	24	0	1	5	917	0	8	137	0	8	4	1	0	0	1	1	4	0	0	0	319	0	4	0	2	204	0	0	0	0	396	52	0	0	101	0	0	533	0	0	148	0	26	0	3	0	177	93	0	3	0	90	0	0	0	3	0	0	17	1	0	12	65	0
2	2	6	0	19	44	95	20	98	6	0	0	5	10	37	3	57	17	35	25	51	114	0	201	14	31	2	0	11	0	180	0	112	12	64	6	0	0	0	43	89	43	0	101	0	13	0	0	0	1	86	116	94	0	75	13	63	44	6	25	0	84	0	3	0	1	75	50	1	5	15	39	5	22
0	3	0	0	0	0	0	1	0	0	6	0	186	0	0	0	23	5	0	0	31	3	0	0	0	0	0	0	4	0	0	0	1	0	0	0	0	0	0	11	0	0	0	0	13	0	0	0	0	0	0	13	0	0	0	0	0	85	18	64	0	4	0	0	0	0	0	0	0	0	0	0	156	0
0	6	0	0	5	0	0	1	6	10	18	0	1	88	7	0	1	22	0	2	3	0	0	0	0	0	14	0	1	0	158	0	2	0	0	0	0	0	0	0	18	59	0	0	0	0	0	2	0	0	0	0	0	0	4	0	4	47	164	0	0	83	0	0	0	0	0	0	16	5	0	4	26	0
0	5	152	0	8	0	1	0	0	1127	0	0	1	2	895	0	1	107	0	63	0	0	0	0	0	0	118	0	0	0	67	0	2	0	0	219	0	0	0	0	498	171	0	533	0	0	2	0	0	0	66	0	137	0	2	0	603	0	0	0	0	9	0	0	0	29	0	0	16	28	9	0	21	0
0	0	0	0	0	0	0	0	0	0	0	0	0	0	0	0	0	0	0	0	0	0	0	0	0	0	0	0	0	0	0	0	0	0	0	0	0	0	0	0	0	0	0	0	0	0	0	0	0	0	0	0	0	0	0	0	0	0	0	0	0	0	0	0	0	0	0	0	0	0	0	0	0	0
5	0	0	0	0	0	0	0	4	6	0	0	0	0	0	0	0	844	0	0	0	0	0	0	0	0	0	0	0	0	0	0	0	0	0	0	0	0	0	0	0	0	0	0	1	0	0	0	0	0	0	0	0	0	0	0	0	0	0	0	0	0	0	0	0	0	0	0	0	0	0	0	0	0
15	0	0	0	0	0	0	1	1	486	0	0	0	0	2	0	16	38	177	91	0	304	0	40	55	2	0	0	1	0	1264	0	0	0	1	0	0	0	0	0	12	0	0	148	86	0	0	66	0	0	0	2	391	0	189	5	384	44	0	0	0	0	0	0	0	0	186	106	0	3	31	3	1	154
115	0	10	0	0	413	28	22	0	0	1	0	17	4	33	17	1478	0	772	95	1320	686	9	34	8	1121	0	0	625	0	22	0	580	118	754	1	0	0	0	854	9	6	0	0	116	13	0	0	0	0	2	0	217	0	440	101	36	214	1	7	0	0	0	0	0	0	445	38	69	53	116	11	1	51
81	0	0	0	0	0	0	1	0	621	0	0	2	0	16	0	129	44	4	260	101	60	0	206	5	169	0	0	2	0	800	0	0	0	63	0	0	0	0	19	0	0	0	26	94	0	0	137	0	0	391	217	0	0	18	0	384	55	0	5	0	0	0	0	0	0	0	0	1	1	0	0	0	0
0	0	0	0	0	0	0	0	0	0	0	0	0	0	0	0	0	0	0	0	0	0	0	0	0	0	0	0	0	0	0	0	0	0	0	0	0	0	0	0	0	0	0	0	0	0	0	0	0	0	0	0	0	0	0	0	0	0	0	0	0	0	0	0	0	0	0	0	0	0	0	0	0	0
419	1	1	0	12	3	13	16	2	0	4	0	53	0	4	7	377	0	18	195	128	593	1	991	166	261	0	0	25	0	408	0	4	31	34	0	0	0	0	57	1	0	0	3	75	0	4	2	0	0	189	440	18	0	0	254	8	33	16	109	0	0	0	0	0	0	40	117	2	30	110	0	5	1
53	1	0	0	0	0	0	38	4	5	0	0	21	22	0	0	9	4	6	403	65	52	0	1195	212	33	0	0	62	0	1	0	26	2	21	0	0	0	0	8	35	0	0	0	13	0	0	0	0	0	5	101	0	0	254	0	232	57	106	220	0	0	0	0	0	0	0	46	37	14	32	0	1	1
2	9	273	0	17	1	4	44	12	921	7	0	123	13	561	0	15	15	120	528	10	16	2	112	82	22	0	0	38	0	559	0	16	7	38	82	0	0	0	53	19	94	0	177	63	0	4	603	0	0	384	36	384	0	8	232	0	104	171	179	0	85	0	0	0	38	17	7	3	180	130	11	15	145
64	5	0	0	5	0	0	33	0	17	5	0	128	8	28	0	119	3	32	66	157	386	5	30	0	136	1	0	301	0	35	0	75	223	295	4	0	0	0	65	17	181	0	93	44	85	47	0	0	0	44	214	55	0	33	57	104	0	493	623	0	92	0	0	0	0	201	27	62	9	221	7	17	116
2	7	78	0	6	0	0	34	16	2	8	0	85	78	26	2	23	0	14	64	19	32	2	0	0	6	5	0	257	0	1	0	17	4	328	0	0	0	0	9	5	451	0	0	6	18	164	0	0	0	0	1	0	0	16	106	171	493	0	1433	0	42	0	0	0	0	506	4	0	187	348	10	83	0
0	13	30	124	33	0	0	939	26	1	0	0	791	16	1	16	73	0	665	203	55	227	166	2	0	32	0	0	239	0	3	0	191	399	622	3	0	0	0	791	2	36	0	3	25	64	0	0	0	0	0	7	5	0	109	220	179	623	1433	0	0	0	0	31	0	0	132	126	128	145	470	117	1	15
0	0	0	0	0	0	0	0	0	0	0	0	0	0	0	0	0	0	0	0	0	0	0	0	0	0	0	0	0	0	0	0	0	0	0	0	0	0	0	0	0	0	0	0	0	0	0	0	0	0	0	0	0	0	0	0	0	0	0	0	0	0	0	0	0	0	0	0	0	0	0	0	0	0
0	10	167	1	571	0	0	8	8	96	1226	0	13	973	20	151	4	95	4	14	2	0	3	0	0	20	9	0	3	0	170	0	182	14	17	3	0	0	0	32	98	568	0	90	84	4	83	9	0	0	0	0	0	0	0	0	85	92	42	0	0	0	0	3	0	2	1	0	53	17	7	169	623	24
0	0	0	0	0	0	0	0	0	0	0	0	0	0	0	0	0	0	0	0	0	0	0	0	0	0	0	0	0	0	0	0	0	0	0	0	0	0	0	0	0	0	0	0	0	0	0	0	0	0	0	0	0	0	0	0	0	0	0	0	0	0	0	0	0	0	0	0	0	0	0	0	0	0
0	5	0	0	102	0	0	0	11	0	23	0	25	19	4	0	1	0	0	0	0	0	0	2	0	0	0	0	0	0	8	0	2	0	0	0	0	0	0	1	0	0	0	0	3	0	0	0	0	0	0	0	0	0	0	0	0	0	0	31	0	3	0	0	0	0	0	0	13	0	0	1	198	0
0	0	0	0	0	0	0	0	0	0	0	0	0	0	0	0	0	0	0	0	0	0	0	0	0	0	0	0	0	0	0	0	0	0	0	0	0	0	0	0	0	0	0	0	0	0	0	0	0	0	0	0	0	0	0	0	0	0	0	0	0	0	0	0	0	0	0	0	0	0	0	0	0	0
0	5	0	1	0	0	0	0	0	169	0	0	0	1	157	0	1	0	0	5	0	0	0	0	0	0	181	0	0	0	0	0	0	0	0	22	0	0	0	0	107	0	0	3	1	0	0	29	0	0	0	0	0	0	0	0	38	0	0	0	0	2	0	0	0	0	0	0	0	0	0	1	1	0
183	3	0	0	0	0	0	1	0	4	0	0	9	0	5	0	163	0	0	7	29	456	0	6	0	155	0	0	239	0	250	0	3	0	58	0	0	0	0	0	1	7	0	0	75	0	0	0	0	0	186	445	0	0	40	0	17	201	506	132	0	1	0	0	0	0	0	0	56	2	0	0	2	0
593	2	0	0	0	0	0	1	4	0	0	0	15	0	0	0	87	0	0	54	24	537	0	1665	148	68	0	0	203	0	99	0	5	0	97	0	0	0	0	0	0	0	0	0	50	0	0	0	0	0	106	38	0	0	117	46	7	27	4	126	0	0	0	0	0	0	0	0	0	0	0	0	0	0
0	6	18	0	39	0	4	31	0	28	5	0	5	46	10	0	1	42	0	9	0	36	44	0	0	8	0	0	1	0	74	0	66	60	39	1	0	0	0	30	6	25	0	17	1	0	16	16	0	0	0	69	1	0	2	37	3	62	0	128	0	53	0	13	0	0	56	0	0	21	0	19	42	0
5	11	5	0	5	0	0	51	18	90	6	0	40	21	190	1	34	23	4	149	10	16	0	2	0	28	0	0	3	0	71	0	14	1	16	0	0	0	0	5	4	1	0	1	5	0	5	28	0	0	3	53	1	0	30	14	180	9	187	145	0	17	0	0	0	0	2	0	21	0	6	8	43	1
9	9	0	23	8	0	0	208	21	118	30	0	419	0	55	0	169	0	6	318	249	15	0	311	6	155	0	0	32	0	22	0	18	0	13	0	0	0	0	92	5	0	0	0	15	0	0	9	0	0	31	116	0	0	110	32	130	221	348	470	0	7	0	0	0	0	0	0	0	6	0	2	3	0
8	0	0	0	45	0	0	33	23	35	110	0	92	58	10	1	14	46	0	20	4	2	0	0	0	7	2	0	6	0	53	0	14	0	3	0	0	0	0	18	28	1	0	12	39	0	4	0	0	0	3	11	0	0	0	0	11	7	10	117	0	169	0	1	0	1	0	0	19	8	2	0	144	0
1	7	37	0	934	1	3	1	17	48	721	0	20	123	4	182	3	41	1	2	3	2	6	4	0	2	1	0	6	0	84	0	31	572	9	18	0	0	0	2	12	91	0	65	5	156	26	21	0	0	1	1	0	0	5	1	15	17	83	1	0	623	0	198	0	1	2	0	42	43	3	144	0	2
77	2	0	1	1	0	0	0	3	2	0	0	18	0	24	0	29	8	0	16	27	149	0	168	4	26	0	0	0	0	167	0	1	0	1	0	0	0	0	4	7	0	0	0	22	0	0	0	0	0	154	51	0	0	1	1	145	116	0	15	0	24	0	0	0	0	0	0	0	1	0	0	2	0
