0	0	0	0	0	23	0	1	4	0	0	0	0	0	0	0	36	0	11	2	25	48	0	36	20	7	0	0	1	0	15	0	7	19	11	0	0	0	2	7	0	0	0	0	7	12	0	0	0	0	0	17	16	0	31	10	0	7	0	0	1	0	0	0	0	0	28	57	0	0	2	0	4	2
0	56	39	4	76	3	0	56	4	19	0	0	695	14	3	0	27	15	13	106	1	1	0	0	1	0	4	0	2	0	9	1889	16	224	35	3	0	0	1	64	0	0	0	98	11	43	19	4	0	0	0	7	0	0	5	9	23	18	17	1	77	51	0	2	0	3	0	3	1	27	20	28	25	2
0	39	0	0	0	0	0	0	0	360	0	0	5	334	91	0	10	55	2	9	11	0	0	0	0	7	14	0	0	0	5	52	0	5	0	0	0	0	0	0	0	0	0	42	0	0	0	13	0	0	0	0	0	0	0	0	167	0	2	0	0	106	0	0	0	42	0	0	4	12	0	39	41	6
0	4	0	0	0	0	0	0	0	0	0	0	0	0	0	0	2	0	0	0	1	0	0	0	0	1	7	0	0	0	0	6	0	0	0	0	0	0	0	0	0	0	0	0	0	0	0	0	0	0	0	0	0	0	0	0	0	0	0	0	0	1	0	0	0	38	0	0	0	0	0	4	17	1
0	76	0	0	0	1	0	0	0	0	0	0	273	92	0	0	7	0	2	6	1	0	0	0	0	1	10	0	0	0	0	2865	1	631	0	0	0	0	0	0	0	0	0	58	0	0	0	12	0	0	0	1	0	0	0	0	0	0	0	0	0	386	0	0	0	0	0	0	13	1	0	76	83	0
23	3	0	0	1	0	0	0	0	239	0	0	0	0	0	0	628	28	150	177	364	73	0	82	61	371	0	0	42	0	334	0	246	369	138	0	0	0	175	129	0	0	19	892	222	5	0	3	0	0	196	660	583	0	129	30	332	84	0	0	1	5	0	0	0	6	128	65	0	82	43	6	5	524
0	0	0	0	0	0	0	0	0	0	0	0	0	0	0	0	0	0	0	0	0	0	0	0	0	0	0	0	0	0	0	0	0	0	0	0	0	0	0	0	0	0	0	0	0	0	0	0	0	0	0	0	0	0	0	0	0	0	0	0	0	0	0	0	0	0	0	0	0	0	0	0	0	0
1	56	0	0	0	0	0	0	1	23	0	0	626	0	0	0	233	0	20	122	254	0	0	0	0	41	0	0	0	0	4	2357	87	856	0	0	0	0	0	0	0	0	0	0	0	0	0	2	0	0	5	0	0	0	0	0	1	0	150	3	0	0	0	0	0	0	0	0	0	1	2	52	0	0
4	4	0	0	0	0	0	1	0	5	0	0	5	9	0	0	2	1	1	0	0	0	0	0	0	1	0	0	0	0	0	7	2	1	9	0	0	0	0	4	0	0	0	0	0	0	1	0	0	2	0	0	0	0	0	0	3	4	0	0	4	10	0	1	0	0	0	1	0	0	0	8	0	0
0	19	360	0	0	239	0	23	5	0	0	0	19	22	79	0	11	29	204	311	9	6	0	0	0	9	9	0	0	0	62	1	81	23	77	182	0	0	0	86	0	12	0	422	0	30	10	41	0	10	21	89	306	0	21	0	575	60	2	0	72	94	0	0	0	369	1	1	0	376	57	42	0	1
0	0	0	0	0	0	0	0	0	0	0	0	0	0	0	0	0	0	0	10	0	0	0	0	0	0	0	0	0	0	0	0	0	0	0	0	0	0	0	0	0	0	0	6	0	0	0	0	0	0	0	0	0	0	0	0	0	0	0	0	0	17	0	0	0	0	0	0	6	0	0	0	0	0
0	0	0	0	0	0	0	0	0	0	0	0	0	0	0	0	0	0	0	0	0	0	0	0	0	0	0	0	0	0	0	0	0	0	0	0	0	0	0	0	0	0	0	0	0	0	0	0	0	0	0	0	0	0	0	0	0	0	0	0	0	0	0	0	0	0	0	0	0	0	0	0	0	0
0	695	5	0	273	0	0	626	5	19	0	0	0	0	2	1	168	0	150	299	142	1	2	0	2	76	0	0	0	0	43	2966	494	2703	111	1	0	0	45	1217	0	0	0	1	4	604	1	2	0	0	29	3	3	0	43	27	157	72	17	0	1	1	0	1	0	7	4	36	2	61	474	139	0	34
0	14	334	0	92	0	0	0	9	22	0	0	0	0	1	0	0	6	0	5	16	0	0	0	0	0	1	0	1	0	24	2308	3	5	0	25	0	10	0	3	0	10	1	510	0	7	111	8	0	9	0	0	0	0	0	46	43	4	10	0	576	1019	0	117	0	18	1	0	1	10	1	56	48	1
0	3	91	0	0	0	0	0	0	79	0	0	2	1	0	0	1	0	166	0	19	0	0	15	16	0	0	0	0	0	0	1	0	0	0	33	0	0	0	0	0	0	0	113	0	0	0	68	0	0	0	0	4	0	0	0	45	0	2	0	0	2	0	0	0	80	0	36	0	2	0	3	0	0
0	0	0	0	0	0	0	0	0	0	0	0	1	0	0	0	0	0	0	0	0	0	0	0	0	0	0	0	0	0	0	10	0	0	0	0	0	0	0	0	0	0	0	0	0	0	0	0	0	0	0	0	0	0	0	0	0	0	0	0	0	0	0	0	0	0	0	0	0	0	0	0	0	0
36	27	10	2	7	628	0	233	2	11	0	0	168	0	1	0	0	4	494	62	1498	60	0	15	1	786	1	0	11	0	67	0	445	342	119	0	0	0	168	889	0	0	5	54	38	36	3	0	0	5	47	800	200	0	231	8	43	134	1	0	28	91	0	0	5	2	150	202	0	2	39	74	3	77
0	15	55	0	0	28	0	0	1	29	0	0	0	6	0	0	4	0	0	7	0	0	0	0	0	0	0	0	0	0	3	0	3	1	3	10	0	1	0	0	0	0	0	260	2	9	12	0	0	340	0	0	4	0	0	0	26	42	0	0	42	18	0	0	0	0	0	0	3	0	0	50	70	3
11	13	2	0	2	150	0	20	1	204	0	0	150	0	166	0	494	0	0	478	482	84	0	10	2	393	0	0	12	0	25	3	187	114	32	0	0	2	2	38	0	0	0	154	3	0	0	0	0	0	5	216	194	0	0	6	141	146	26	1	0	1	0	0	0	1	14	190	0	25	18	13	1	238
2	106	9	0	6	177	0	122	0	311	10	0	299	5	0	0	62	7	478	0	48	65	1	303	278	23	0	0	12	0	68	14	132	230	113	1	0	0	1	233	0	2	0	37	129	47	2	14	0	0	5	2	380	0	357	474	688	189	145	0	4	22	0	0	0	35	98	157	2	293	237	47	2	16
25	1	11	1	1	364	0	254	0	9	0	0	142	16	19	0	1498	0	482	48	0	60	0	12	2	860	0	0	38	1	8	0	903	1129	187	0	0	0	139	1122	0	0	0	10	50	28	9	0	0	0	0	366	99	0	77	73	29	120	2	0	8	2	0	2	0	0	10	100	0	13	233	13	0	98
48	1	0	0	0	73	0	0	0	6	0	0	1	0	0	0	60	0	84	65	60	0	0	290	103	133	0	0	5	0	44	0	5	240	0	0	0	0	0	0	0	0	6	0	96	0	0	0	0	0	3	120	0	0	0	0	0	0	0	0	0	0	0	0	0	0	0	0	0	0	0	1	0	102
0	0	0	0	0	0	0	0	0	0	0	0	2	0	0	0	0	0	0	1	0	0	0	0	0	1	0	0	0	0	0	0	0	0	0	0	0	0	0	0	0	0	0	0	0	0	0	0	0	0	0	0	0	0	0	0	0	0	0	0	0	0	0	0	0	0	0	0	0	0	0	0	0	0
36	0	0	0	0	82	0	0	0	0	0	0	0	0	15	0	15	0	10	303	12	290	0	0	1033	5	0	0	0	0	0	0	17	7	62	2	0	0	4	2	0	0	0	0	156	2	0	0	0	0	0	27	0	0	523	565	15	12	2	0	0	0	0	0	0	0	0	569	0	0	0	2	0	5
20	1	0	0	0	61	0	0	0	0	0	0	2	0	16	0	1	0	2	278	2	103	0	1033	0	0	0	0	0	0	1	0	3	7	2	0	0	0	0	1	0	0	0	2	55	0	0	0	0	0	0	1	42	0	117	170	4	0	0	0	0	0	0	0	0	0	0	151	0	1	0	0	1	0
7	0	7	1	1	371	0	41	1	9	0	0	76	0	0	0	786	0	393	23	860	133	1	5	0	0	0	0	42	0	36	0	493	176	124	0	0	0	82	485	0	0	0	4	25	12	1	0	0	0	25	450	153	0	180	31	22	118	3	1	0	0	0	0	0	0	179	116	0	7	152	19	0	9
0	4	14	7	10	0	0	0	0	9	0	0	0	1	0	0	1	0	0	0	0	0	0	0	0	0	0	0	0	0	0	0	0	25	0	120	0	0	0	0	0	0	0	0	0	0	0	0	0	0	0	0	0	0	24	19	0	0	0	0	1	0	0	0	0	112	0	0	0	0	0	23	0	0
0	0	0	0	0	0	0	0	0	0	0	0	0	0	0	0	0	0	0	0	0	0	0	0	0	0	0	0	0	0	0	0	0	0	0	0	0	0	0	0	0	0	0	0	0	0	0	0	0	0	0	0	0	0	0	0	0	0	0	0	0	0	0	0	0	0	0	0	0	0	0	0	0	0
1	2	0	0	0	42	0	0	0	0	0	0	0	1	0	0	11	0	12	12	38	5	0	0	0	42	0	0	0	0	0	0	20	154	9	0	0	0	0	5	0	0	0	0	5	0	0	0	0	0	0	99	0	0	1	1	3	6	24	0	0	0	0	0	0	0	9	5	0	0	0	2	0	0
0	0	0	0	0	0	0	0	0	0	0	0	0	0	0	0	0	0	0	0	1	0	0	0	0	0	0	0	0	0	0	6	0	0	0	0	0	0	0	0	0	0	0	0	0	0	0	0	0	0	0	0	0	0	0	0	0	0	0	0	0	0	0	0	0	192	0	0	0	0	0	0	3	0
15	9	5	0	0	334	0	4	0	62	0	0	43	24	0	0	67	3	25	68	8	44	0	0	1	36	0	0	0	0	0	80	1	105	1	0	0	0	0	2	0	0	0	66	215	36	0	0	0	0	270	17	54	0	107	0	213	21	0	0	5	6	0	0	0	0	58	27	0	38	0	32	0	297
0	1889	52	6	2865	0	0	2357	7	1	0	0	2966	2308	1	10	0	0	3	14	0	0	0	0	0	0	0	0	0	6	80	0	16	945	0	0	0	0	0	2845	0	0	1	668	1	1700	135	0	0	0	0	0	0	0	0	2	100	56	2	0	9	865	0	3225	0	1	0	0	714	11	2	407	18	1
7	16	0	0	1	246	0	87	2	81	0	0	494	3	0	0	445	3	187	132	903	5	0	17	3	493	0	0	20	0	1	16	0	202	69	0	0	4	20	185	0	0	12	10	1	4	0	1	0	0	4	220	0	0	3	22	16	23	6	1	1	15	0	0	0	1	1	16	3	10	49	19	0	92
19	224	5	0	631	369	0	856	1	23	0	0	2703	5	0	0	342	1	114	230	1129	240	0	7	7	176	25	0	154	0	105	945	202	0	140	0	0	0	37	1865	0	0	4	21	13	1629	0	2	0	0	0	591	83	0	161	16	308	1712	66	0	2	3	0	0	0	42	1015	113	3	248	855	148	5	161
11	35	0	0	0	138	0	0	9	77	0	0	111	0	0	0	119	3	32	113	187	0	0	62	2	124	0	0	9	0	1	0	69	140	0	0	0	0	10	0	0	0	0	0	0	0	0	0	0	0	2	253	0	0	0	0	9	0	72	1	0	23	0	0	0	0	0	0	0	4	0	35	1	52
0	3	0	0	0	0	0	0	0	182	0	0	1	25	33	0	0	10	0	1	0	0	0	2	0	0	120	0	0	0	0	0	0	0	0	0	0	0	0	0	0	0	0	872	0	0	0	28	0	0	1	0	0	0	0	0	2	0	0	0	0	21	0	0	0	255	0	0	0	0	0	3	48	18
0	0	0	0	0	0	0	0	0	0	0	0	0	0	0	0	0	0	0	0	0	0	0	0	0	0	0	0	0	0	0	0	0	0	0	0	0	0	0	0	0	0	0	0	0	0	0	0	0	0	0	0	0	0	0	0	0	0	0	0	0	0	0	0	0	0	0	0	0	0	0	0	0	0
0	0	0	0	0	0	0	0	0	0	0	0	0	10	0	0	0	1	2	0	0	0	0	0	0	0	0	0	0	0	0	0	4	0	0	0	0	0	0	0	0	0	0	0	0	0	0	0	0	0	0	0	0	0	0	0	2	0	4	0	0	2	0	0	0	0	0	0	0	0	0	0	0	0
2	1	0	0	0	175	0	0	0	0	0	0	45	0	0	0	168	0	2	1	139	0	0	4	0	82	0	0	0	0	0	0	20	37	10	0	0	0	0	15	0	0	0	0	4	0	1	0	0	0	0	85	0	0	0	0	0	0	0	0	0	0	0	0	0	0	0	0	0	0	0	1	0	0
7	64	0	0	0	129	0	0	4	86	0	0	1217	3	0	0	889	0	38	233	1122	0	0	2	1	485	0	0	5	0	2	2845	185	1865	0	0	0	0	15	0	0	0	16	14	1	0	0	3	0	0	2	250	0	0	0	0	6	0	4	2	0	0	0	0	0	1	0	0	0	12	2	55	1	77
0	0	0	0	0	0	0	0	0	0	0	0	0	0	0	0	0	0	0	0	0	0	0	0	0	0	0	0	0	0	0	0	0	0	0	0	0	0	0	0	0	0	0	0	0	0	0	0	0	0	0	0	0	0	0	0	0	0	0	0	0	0	0	0	0	0	0	0	0	0	0	0	0	0
0	0	0	0	0	0	0	0	0	12	0	0	0	10	0	0	0	0	0	2	0	0	0	0	0	0	0	0	0	0	0	0	0	0	0	0	0	0	0	0	0	0	0	0	0	0	0	0	0	0	0	0	0	0	0	0	8	0	12	0	0	1	0	0	0	0	0	0	0	0	0	0	0	0
0	0	0	0	0	19	0	0	0	0	0	0	0	1	0	0	5	0	0	0	0	6	0	0	0	0	0	0	0	0	0	1	12	4	0	0	0	0	0	16	0	0	0	1	12	0	0	0	0	0	0	12	0	0	3	0	1	2	2	0	0	1	0	0	0	0	1	8	0	27	0	4	0	0
0	98	42	0	58	892	0	0	0	422	6	0	1	510	113	0	54	260	154	37	10	0	0	0	2	4	0	0	0	0	66	668	10	21	0	872	0	0	0	14	0	0	1	0	0	4	0	9	0	0	0	0	0	0	0	0	692	102	0	0	1928	614	0	0	0	139	2	62	3	14	0	98	100	1035
7	11	0	0	0	222	0	0	0	0	0	0	4	0	0	0	38	2	3	129	50	96	0	156	55	25	0	0	5	0	215	1	1	13	0	0	0	0	4	1	0	0	12	0	202	0	0	0	0	0	128	82	104	0	79	8	75	0	0	0	0	1	0	0	0	0	4	1	0	0	0	11	3	47
12	43	0	0	0	5	0	0	0	30	0	0	604	7	0	0	36	9	0	47	28	0	0	2	0	12	0	0	0	0	36	1700	4	1629	0	0	0	0	0	0	0	0	0	4	0	0	0	0	0	0	0	24	0	0	0	0	7	0	0	0	0	59	0	2	0	0	0	0	0	2	2	38	27	3
0	19	0	0	0	0	0	0	1	10	0	0	1	111	0	0	3	12	0	2	9	0	0	0	0	1	0	0	0	0	0	135	0	0	0	0	0	0	1	0	0	0	0	0	0	0	0	0	0	0	0	0	0	0	0	0	0	0	106	0	0	11	0	0	0	0	0	0	0	0	0	19	15	1
0	4	13	0	12	3	0	2	0	41	0	0	2	8	68	0	0	0	0	14	0	0	0	0	0	0	0	0	0	0	0	0	1	2	0	28	0	0	0	3	0	0	0	9	0	0	0	0	0	0	0	0	0	0	0	0	15	0	0	0	2	5	0	0	0	13	0	0	1	0	0	4	0	0
0	0	0	0	0	0	0	0	0	0	0	0	0	0	0	0	0	0	0	0	0	0	0	0	0	0	0	0	0	0	0	0	0	0	0	0	0	0	0	0	0	0	0	0	0	0	0	0	0	0	0	0	0	0	0	0	0	0	0	0	0	0	0	0	0	0	0	0	0	0	0	0	0	0
0	0	0	0	0	0	0	0	2	10	0	0	0	9	0	0	5	340	0	0	0	0	0	0	0	0	0	0	0	0	0	0	0	0	0	0	0	0	0	0	0	0	0	0	0	0	0	0	0	0	0	0	0	0	0	0	0	0	0	0	0	0	0	0	0	0	0	0	0	0	0	0	0	0
0	0	0	0	0	196	0	5	0	21	0	0	29	0	0	0	47	0	5	5	0	3	0	0	0	25	0	0	0	0	270	0	4	0	2	1	0	0	0	2	0	0	0	0	128	0	0	0	0	0	0	31	67	0	17	0	29	0	0	0	0	0	0	0	0	0	0	9	0	22	0	11	0	102
17	7	0	0	1	660	0	0	0	89	0	0	3	0	0	0	800	0	216	2	366	120	0	27	1	450	0	0	99	0	17	0	220	591	253	0	0	0	85	250	0	0	12	0	82	24	0	0	0	0	31	0	34	0	157	5	11	43	0	0	0	0	0	0	0	0	145	39	0	0	10	7	0	4
16	0	0	0	0	583	0	0	0	306	0	0	3	0	4	0	200	4	194	380	99	0	0	0	42	153	0	0	0	0	54	0	0	83	0	0	0	0	0	0	0	0	0	0	104	0	0	0	0	0	67	34	0	0	0	0	235	0	2	0	0	0	0	0	0	0	0	0	0	11	0	0	0	351
0	0	0	0	0	0	0	0	0	0	0	0	0	0	0	0	0	0	0	0	0	0	0	0	0	0	0	0	0	0	0	0	0	0	0	0	0	0	0	0	0	0	0	0	0	0	0	0	0	0	0	0	0	0	0	0	0	0	0	0	0	0	0	0	0	0	0	0	0	0	0	0	0	0
31	5	0	0	0	129	0	0	0	21	0	0	43	0	0	0	231	0	0	357	77	0	0	523	117	180	24	0	1	0	107	0	3	161	0	0	0	0	0	0	0	0	3	0	79	0	0	0	0	0	17	157	0	0	0	23	1	0	6	0	0	0	0	0	0	0	0	0	0	0	0	5	5	4
10	9	0	0	0	30	0	0	0	0	0	0	27	46	0	0	8	0	6	474	73	0	0	565	170	31	19	0	1	0	0	2	22	16	0	0	0	0	0	0	0	0	0	0	8	0	0	0	0	0	0	5	0	0	23	0	74	0	12	2	0	1	0	0	0	0	0	0	0	21	2	9	0	11
0	23	167	0	0	332	0	1	3	575	0	0	157	43	45	0	43	26	141	688	29	0	0	15	4	22	0	0	3	0	213	100	16	308	9	2	0	2	0	6	0	8	1	692	75	7	0	15	0	0	29	11	235	0	1	74	0	12	41	0	2	81	0	0	0	18	1	0	4	177	12	26	21	276
7	18	0	0	0	84	0	0	4	60	0	0	72	4	0	0	134	42	146	189	120	0	0	12	0	118	0	0	6	0	21	56	23	1712	0	0	0	0	0	0	0	0	2	102	0	0	0	0	0	0	0	43	0	0	0	0	12	0	272	0	0	42	0	0	0	3	0	0	1	5	0	18	14	455
0	17	2	0	0	0	0	150	0	2	0	0	17	10	2	0	1	0	26	145	2	0	0	2	0	3	0	0	24	0	0	2	6	66	72	0	0	4	0	4	0	12	2	0	0	0	106	0	0	0	0	0	2	0	6	12	41	272	0	5	0	0	0	0	0	0	294	40	0	28	54	19	32	3
0	1	0	0	0	0	0	3	0	0	0	0	0	0	0	0	0	0	1	0	0	0	0	0	0	1	0	0	0	0	0	0	1	0	1	0	0	0	0	2	0	0	0	0	0	0	0	0	0	0	0	0	0	0	0	2	0	0	5	0	0	0	0	0	0	0	0	0	0	3	2	2	0	0
1	77	0	0	0	1	0	0	4	72	0	0	1	576	0	0	28	42	0	4	8	0	0	0	0	0	1	0	0	0	5	9	1	2	0	0	0	0	0	0	0	0	0	1928	0	0	0	2	0	0	0	0	0	0	0	0	2	0	0	0	0	349	0	0	0	6	0	0	0	1	1	77	46	1
0	51	106	1	386	5	0	0	10	94	17	0	1	1019	2	0	91	18	1	22	2	0	0	0	0	0	0	0	0	0	6	865	15	3	23	21	0	2	0	0	0	1	1	614	1	59	11	5	0	0	0	0	0	0	0	1	81	42	0	0	349	0	0	21	0	3	0	34	115	27	1	149	63	19
0	0	0	0	0	0	0	0	0	0	0	0	0	0	0	0	0	0	0	0	0	0	0	0	0	0	0	0	0	0	0	0	0	0	0	0	0	0	0	0	0	0	0	0	0	0	0	0	0	0	0	0	0	0	0	0	0	0	0	0	0	0	0	0	0	0	0	0	0	0	0	0	0	0
0	2	0	0	0	0	0	0	1	0	0	0	1	117	0	0	0	0	0	0	2	0	0	0	0	0	0	0	0	0	0	3225	0	0	0	0	0	0	0	0	0	0	0	0	0	2	0	0	0	0	0	0	0	0	0	0	0	0	0	0	0	21	0	0	0	0	0	0	4	0	0	0	7	0
0	0	0	0	0	0	0	0	0	0	0	0	0	0	0	0	5	0	0	0	0	0	0	0	0	0	0	0	0	0	0	0	0	0	0	0	0	0	0	0	0	0	0	0	0	0	0	0	0	0	0	0	0	0	0	0	0	0	0	0	0	0	0	0	0	0	0	0	0	0	0	0	0	0
0	3	42	38	0	6	0	0	0	369	0	0	7	18	80	0	2	0	1	35	0	0	0	0	0	0	112	0	0	192	0	1	1	42	0	255	0	0	0	1	0	0	0	139	0	0	0	13	0	0	0	0	0	0	0	0	18	3	0	0	6	3	0	0	0	0	0	0	0	0	1	3	1	1
28	0	0	0	0	128	0	0	0	1	0	0	4	1	0	0	150	0	14	98	10	0	0	0	0	179	0	0	9	0	58	0	1	1015	0	0	0	0	0	0	0	0	1	2	4	0	0	0	0	0	0	145	0	0	0	0	1	0	294	0	0	0	0	0	0	0	0	0	0	2	0	0	0	63
57	3	0	0	0	65	0	0	1	1	0	0	36	0	36	0	202	0	190	157	100	0	0	569	151	116	0	0	5	0	27	0	16	113	0	0	0	0	0	0	0	0	8	62	1	0	0	0	0	0	9	39	0	0	0	0	0	0	40	0	0	34	0	0	0	0	0	0	0	0	0	3	1	320
0	1	4	0	13	0	0	0	0	0	6	0	2	1	0	0	0	3	0	2	0	0	0	0	0	0	0	0	0	0	0	714	3	3	0	0	0	0	0	0	0	0	0	3	0	0	0	1	0	0	0	0	0	0	0	0	4	1	0	0	0	115	0	4	0	0	0	0	0	1	2	4	29	0
0	27	12	0	1	82	0	1	0	376	0	0	61	10	2	0	2	0	25	293	13	0	0	0	1	7	0	0	0	0	38	11	10	248	4	0	0	0	0	12	0	0	27	14	0	2	0	0	0	0	22	0	11	0	0	21	177	5	28	3	1	27	0	0	0	0	2	0	1	0	15	21	2	34
2	20	0	0	0	43	0	2	0	57	0	0	474	1	0	0	39	0	18	237	233	0	0	0	0	152	0	0	0	0	0	2	49	855	0	0	0	0	0	2	0	0	0	0	0	2	0	0	0	0	0	10	0	0	0	2	12	0	54	2	1	1	0	0	0	1	0	0	2	15	0	19	1	0
0	28	39	4	76	6	0	52	8	42	0	0	139	56	3	0	74	50	13	47	13	1	0	2	0	19	23	0	2	0	32	407	19	148	35	3	0	0	1	55	0	0	4	98	11	38	19	4	0	0	11	7	0	0	5	9	26	18	19	2	77	149	0	0	0	3	0	3	4	21	19	0	93	13
4	25	41	17	83	5	0	0	0	0	0	0	0	48	0	0	3	70	1	2	0	0	0	0	1	0	0	0	0	3	0	18	0	5	1	48	0	0	0	1	0	0	0	100	3	27	15	0	0	0	0	0	0	0	5	0	21	14	32	0	46	63	0	7	0	1	0	1	29	2	1	93	0	1
2	2	6	1	0	524	0	0	0	1	0	0	34	1	0	0	77	3	238	16	98	102	0	5	0	9	0	0	0	0	297	1	92	161	52	18	0	0	0	77	0	0	0	1035	47	3	1	0	0	0	102	4	351	0	4	11	276	455	3	0	1	19	0	0	0	1	63	320	0	34	0	13	1	0
