0	0	0	0	0	22	0	1	4	0	0	0	0	0	0	0	36	0	18	2	24	86	0	151	40	6	0	0	0	0	0	0	4	18	59	0	0	0	2	7	0	0	0	0	4	13	0	1	0	0	0	22	17	0	156	10	0	6	0	0	0	0	0	0	0	0	57	151	0	0	2	0	4	1
0	64	29	4	58	2	0	58	4	20	0	0	949	8	3	1	36	15	18	105	3	1	0	0	1	4	4	0	0	0	7	1891	19	224	33	3	0	0	1	56	0	2	0	50	11	39	24	10	0	0	0	7	0	0	5	9	25	17	15	13	73	41	0	2	0	3	3	2	8	14	13	32	5	1
0	29	0	0	0	0	0	0	0	437	0	0	4	333	95	0	9	64	2	3	10	0	0	0	0	7	28	0	0	0	5	45	1	2	0	0	0	0	0	0	0	0	0	846	0	0	0	13	0	0	0	0	0	0	0	0	288	0	0	0	0	96	0	0	0	42	0	0	4	9	0	29	14	2
0	4	0	0	0	0	0	0	0	1	0	0	0	0	0	0	2	0	0	0	1	0	0	0	0	0	27	0	0	0	0	0	0	0	0	0	0	0	0	0	0	0	0	0	0	0	0	0	0	0	0	0	0	0	0	0	0	0	0	0	0	0	0	0	0	5	0	0	0	0	0	4	0	1
0	58	0	0	0	0	0	0	0	9	0	0	264	85	0	0	1	21	0	3	1	0	0	0	0	1	10	0	0	0	1	2013	1	115	0	0	1	0	0	0	0	1	0	134	0	0	0	12	0	0	0	1	0	0	0	0	0	0	0	0	0	382	0	2	0	0	0	0	13	0	0	58	52	1
22	2	0	0	0	0	0	0	0	168	0	0	0	0	0	0	577	20	150	176	343	43	0	2	77	339	0	0	25	0	304	0	218	291	126	0	0	0	175	106	0	0	19	876	13	2	0	3	0	0	64	561	472	0	98	24	288	20	0	1	1	2	0	0	0	6	119	62	0	16	38	5	1	405
0	0	0	0	0	0	0	0	0	0	0	0	0	0	0	0	0	0	0	0	0	0	0	0	0	0	0	0	0	0	0	0	0	0	0	0	0	0	0	0	0	0	0	0	0	0	0	0	0	0	0	0	0	0	0	0	0	0	0	0	0	0	0	0	0	0	0	0	0	0	0	0	0	0
1	58	0	0	0	0	0	0	1	23	0	0	774	0	0	0	239	0	20	222	454	0	0	0	0	48	0	0	0	0	4	1334	94	168	0	0	0	0	0	0	0	0	0	0	0	0	0	2	0	0	5	1	0	0	0	0	4	0	144	11	0	0	0	0	0	0	0	0	0	2	2	54	0	0
4	4	0	0	0	0	0	1	0	5	0	0	5	9	0	0	2	1	1	0	0	0	0	0	0	1	0	0	0	0	0	7	2	1	9	0	0	0	0	4	0	0	0	0	0	0	1	0	0	1	0	0	0	0	0	0	3	4	0	0	4	10	0	1	0	0	0	1	0	0	0	8	0	0
0	20	437	1	9	168	0	23	5	0	0	0	19	25	102	0	9	43	156	324	9	6	0	0	0	6	52	0	0	0	74	0	81	24	77	365	0	0	0	86	0	5	0	1526	0	30	13	266	0	1	85	89	394	0	21	0	729	68	2	0	56	77	0	0	0	432	0	18	0	274	67	40	0	2
0	0	0	0	0	0	0	0	0	0	0	0	0	0	0	0	0	0	0	10	0	0	0	0	0	0	0	0	0	0	0	0	0	0	0	0	0	0	0	0	0	14	0	0	0	0	0	0	0	0	0	0	0	0	0	0	0	0	0	0	0	17	0	0	0	0	0	4	6	0	0	0	0	0
0	0	0	0	0	0	0	0	0	0	0	0	0	0	0	0	0	0	0	0	0	0	0	0	0	0	0	0	0	0	0	0	0	0	0	0	0	0	0	0	0	0	0	0	0	0	0	0	0	0	0	0	0	0	0	0	0	0	0	0	0	0	0	0	0	0	0	0	0	0	0	0	0	0
0	949	4	0	264	0	0	774	5	19	0	0	0	0	0	29	178	0	141	139	199	1	2	0	1	70	0	0	0	0	43	2180	510	1093	134	1	0	0	45	1172	0	0	0	0	5	668	1	2	0	0	29	3	3	0	45	105	132	87	11	6	1	1	0	1	0	0	4	36	3	47	471	260	0	37
0	8	333	0	85	0	0	0	9	25	0	0	0	0	0	12	0	9	0	6	30	0	0	0	0	0	1	0	0	0	9	1661	3	5	1	40	0	0	0	2	0	24	0	373	5	6	189	48	0	0	0	0	0	0	0	36	29	4	0	0	568	1090	0	103	0	18	0	4	45	18	0	61	6	1
0	3	95	0	0	0	0	0	0	102	0	0	0	0	0	0	1	0	150	0	19	0	0	0	0	0	0	0	0	0	0	1	0	0	0	45	0	0	0	0	0	13	0	109	0	0	0	80	0	0	0	0	10	0	0	0	45	0	2	0	0	2	0	0	0	80	0	26	0	0	0	3	0	0
0	1	0	0	0	0	0	0	0	0	0	0	29	12	0	0	0	0	0	1	0	0	0	0	0	0	0	0	0	0	0	10	0	0	0	0	0	0	0	0	0	0	0	0	0	0	0	0	0	0	0	1	0	0	0	0	0	0	0	0	0	17	0	0	0	0	0	0	0	0	0	1	0	0
36	36	9	2	1	577	0	239	2	9	0	0	178	0	1	0	0	4	402	60	1311	27	0	12	1	679	1	0	0	0	67	0	411	258	118	0	0	0	168	796	0	0	5	7	22	20	3	0	0	5	47	743	200	0	215	17	22	99	2	0	17	4	0	0	0	2	149	181	0	10	24	72	0	81
0	15	64	0	21	20	0	0	1	43	0	0	0	9	0	0	4	0	0	10	0	0	0	0	0	0	0	0	0	0	0	0	3	1	2	22	0	0	0	0	0	0	0	296	4	5	19	23	0	315	0	0	11	0	0	0	26	42	0	0	47	23	0	0	0	12	0	0	7	0	0	50	70	4
18	18	2	0	0	150	0	20	1	156	0	0	141	0	150	0	402	0	0	435	458	84	0	0	7	346	0	0	4	0	38	2	170	81	34	0	0	0	2	38	0	0	0	158	2	0	0	0	0	0	11	256	196	0	2	10	225	142	0	9	0	1	0	0	0	0	14	188	0	23	12	16	0	230
2	105	3	0	3	176	0	222	0	324	10	0	139	6	0	1	60	10	435	0	239	20	1	270	161	86	0	0	0	0	59	6	160	112	87	0	0	0	1	266	0	0	0	37	113	34	2	116	0	0	149	6	358	0	360	343	786	84	43	0	6	20	0	0	0	13	8	120	2	281	259	42	1	41
24	3	10	1	1	343	0	454	0	9	0	0	199	30	19	0	1311	0	458	239	0	33	0	12	4	910	0	0	4	1	8	0	904	699	238	0	0	0	139	1223	0	1	0	10	61	53	9	0	0	0	0	538	102	0	65	84	29	124	2	0	8	2	0	1	0	1	13	110	0	7	486	13	0	112
86	1	0	0	0	43	0	0	0	6	0	0	1	0	0	0	27	0	84	20	33	0	0	286	19	90	0	0	2	0	44	0	4	109	0	0	0	0	0	0	0	0	6	0	0	0	0	0	0	0	1	124	0	0	0	0	0	0	0	2	0	0	0	0	0	0	0	0	0	0	0	1	0	89
0	0	0	0	0	0	0	0	0	0	0	0	2	0	0	0	0	0	0	1	0	0	0	0	0	1	0	0	0	0	0	0	0	0	0	0	0	0	0	0	0	0	0	0	0	0	0	0	0	0	0	0	0	0	0	0	0	0	0	0	0	0	0	0	0	0	0	0	0	0	0	0	0	0
151	0	0	0	0	2	0	0	0	0	0	0	0	0	0	0	12	0	0	270	12	286	0	0	1005	4	0	0	0	0	0	0	4	6	56	2	0	0	4	2	0	0	0	0	86	2	0	0	0	0	0	9	0	0	481	535	43	12	2	0	0	0	0	0	0	0	0	529	0	0	0	2	0	2
40	1	0	0	0	77	0	0	0	0	0	0	1	0	0	0	1	0	7	161	4	19	0	1005	0	1	0	0	0	0	0	0	1	1	2	0	0	0	0	1	0	0	0	0	7	0	0	0	0	0	0	4	61	0	125	84	44	0	0	0	0	0	0	0	0	0	0	138	0	0	0	0	0	1
6	4	7	0	1	339	0	48	1	6	0	0	70	0	0	0	679	0	346	86	910	90	1	4	1	0	0	0	1	0	36	0	529	150	132	0	0	0	83	574	0	0	0	4	38	25	1	0	0	0	25	441	156	0	166	23	19	103	2	1	1	1	0	0	0	1	167	109	0	7	343	21	0	12
0	4	28	27	10	0	0	0	0	52	0	0	0	1	0	0	1	0	0	0	0	0	0	0	0	0	0	0	0	0	0	0	0	25	0	147	0	0	0	0	0	0	0	1	0	0	7	3	0	0	0	0	0	0	24	19	1	0	0	0	5	6	0	0	0	141	0	0	3	0	0	26	0	0
0	0	0	0	0	0	0	0	0	0	0	0	0	0	0	0	0	0	0	0	0	0	0	0	0	0	0	0	0	0	0	0	0	0	0	0	0	0	0	0	0	0	0	0	0	0	0	0	0	0	0	0	0	0	0	0	0	0	0	0	0	0	0	0	0	0	0	0	0	0	0	0	0	0
0	0	0	0	0	25	0	0	0	0	0	0	0	0	0	0	0	0	4	0	4	2	0	0	0	1	0	0	0	0	0	0	5	117	4	0	0	0	0	2	0	0	0	0	0	0	0	0	0	0	0	17	0	0	1	0	0	3	0	0	0	0	0	0	0	0	4	3	0	0	0	0	0	0
0	0	0	0	0	0	0	0	0	0	0	0	0	0	0	0	0	0	0	0	1	0	0	0	0	0	0	0	0	0	0	0	0	0	0	0	0	0	0	0	0	0	0	0	0	0	0	0	0	0	0	0	0	0	0	0	0	0	0	0	0	0	0	0	0	134	0	0	0	0	0	0	0	0
0	7	5	0	1	304	0	4	0	74	0	0	43	9	0	0	67	0	38	59	8	44	0	0	0	36	0	0	0	0	0	29	1	105	1	1	0	0	0	2	0	1	0	96	185	36	38	1	0	0	307	17	122	0	119	0	278	21	0	0	5	2	0	0	0	0	74	27	0	42	0	30	0	273
0	1891	45	0	2013	0	0	1334	7	0	0	0	2180	1661	1	10	0	0	2	6	0	0	0	0	0	0	0	0	0	0	29	0	16	604	0	0	0	0	0	1755	0	0	0	518	1	1067	135	0	0	0	0	0	0	0	0	2	92	43	2	0	2	680	0	2096	0	1	0	0	583	0	0	352	11	1
4	19	1	0	1	218	0	94	2	81	0	0	510	3	0	0	411	3	170	160	904	4	0	4	1	529	0	0	5	0	1	16	0	147	80	0	0	0	20	170	0	0	12	10	3	4	0	1	0	0	4	249	1	0	2	34	20	24	2	2	0	13	0	0	0	1	0	14	3	10	60	21	0	135
18	224	2	0	115	291	0	168	1	24	0	0	1093	5	0	0	258	1	81	112	699	109	0	6	1	150	25	0	117	0	105	604	147	0	76	0	0	0	37	894	0	0	4	21	13	1157	0	2	0	0	0	392	32	0	66	11	230	812	39	2	2	3	0	0	0	0	594	87	3	3	9	130	3	131
59	33	0	0	0	126	0	0	9	77	0	0	134	1	0	0	118	2	34	87	238	0	0	56	2	132	0	0	4	0	1	0	80	76	0	0	0	0	10	0	0	0	0	0	0	0	0	0	0	0	2	306	0	0	0	0	23	0	62	9	0	13	0	0	0	0	0	0	0	4	0	33	1	96
0	3	0	0	0	0	0	0	0	365	0	0	1	40	45	0	0	22	0	0	0	0	0	2	0	0	147	0	0	0	1	0	0	0	0	0	0	0	0	0	0	0	0	2160	0	0	0	28	0	0	0	0	0	0	0	0	14	0	0	0	0	25	0	0	0	198	0	0	0	0	0	3	46	20
0	0	0	0	1	0	0	0	0	0	0	0	0	0	0	0	0	0	0	0	0	0	0	0	0	0	0	0	0	0	0	0	0	0	0	0	0	0	0	0	0	0	0	4	0	0	0	0	0	0	0	0	0	0	0	0	0	0	0	0	0	1	0	0	0	0	0	0	0	0	0	0	0	0
0	0	0	0	0	0	0	0	0	0	0	0	0	0	0	0	0	0	0	0	0	0	0	0	0	0	0	0	0	0	0	0	0	0	0	0	0	0	0	0	0	0	0	0	0	0	0	0	0	0	0	0	0	0	0	0	0	0	0	0	0	0	0	0	0	0	0	0	0	0	0	0	0	0
2	1	0	0	0	175	0	0	0	0	0	0	45	0	0	0	168	0	2	1	139	0	0	4	0	83	0	0	0	0	0	0	20	37	10	0	0	0	0	15	0	0	0	0	4	0	1	0	0	0	0	85	0	0	0	0	0	0	0	0	0	0	0	0	0	0	0	0	0	0	0	1	0	0
7	56	0	0	0	106	0	0	4	86	0	0	1172	2	0	0	796	0	38	266	1223	0	0	2	1	574	0	0	2	0	2	1755	170	894	0	0	0	0	15	0	0	0	16	14	0	0	0	3	0	0	2	281	0	0	0	0	35	0	4	13	0	0	0	0	0	0	0	0	0	9	4	48	0	117
0	0	0	0	0	0	0	0	0	0	0	0	0	0	0	0	0	0	0	0	0	0	0	0	0	0	0	0	0	0	0	0	0	0	0	0	0	0	0	0	0	0	0	0	0	0	0	0	0	0	0	0	0	0	0	0	0	0	0	0	0	0	0	0	0	0	0	0	0	0	0	0	0	0
0	2	0	0	1	0	0	0	0	5	14	0	0	24	13	0	0	0	0	0	1	0	0	0	0	0	0	0	0	0	1	0	0	0	0	0	0	0	0	0	0	0	0	8	0	0	0	0	0	0	0	0	0	0	0	0	0	0	0	0	0	1	0	0	0	0	0	0	0	0	0	2	0	0
0	0	0	0	0	19	0	0	0	0	0	0	0	0	0	0	5	0	0	0	0	6	0	0	0	0	0	0	0	0	0	0	12	4	0	0	0	0	0	16	0	0	0	0	12	0	0	0	0	0	0	12	0	0	3	0	0	2	2	0	0	0	0	0	0	0	1	8	0	27	0	3	0	0
0	50	846	0	134	876	0	0	0	1526	0	0	0	373	109	0	7	296	158	37	10	0	0	0	0	4	1	0	0	0	96	518	10	21	0	2160	4	0	0	14	0	8	0	0	0	4	0	1269	0	0	139	0	704	0	0	0	1472	154	0	0	1928	553	0	0	0	795	2	66	29	18	0	50	53	1028
4	11	0	0	0	13	0	0	0	0	0	0	5	5	0	0	22	4	2	113	61	0	0	86	7	38	0	0	0	0	185	1	3	13	0	0	0	0	4	0	0	0	12	0	0	0	0	0	0	0	1	43	0	0	0	0	103	0	0	0	0	7	0	0	0	0	0	0	0	0	0	11	1	86
13	39	0	0	0	2	0	0	0	30	0	0	668	6	0	0	20	5	0	34	53	0	0	2	0	25	0	0	0	0	36	1067	4	1157	0	0	0	0	0	0	0	0	0	4	0	0	0	0	0	0	0	21	0	0	0	0	7	0	0	5	0	47	0	2	0	0	0	0	0	0	2	36	2	3
0	24	0	0	0	0	0	0	1	13	0	0	1	189	0	0	3	19	0	2	9	0	0	0	0	1	7	0	0	0	38	135	0	0	0	0	0	0	1	0	0	0	0	0	0	0	0	0	0	0	0	0	0	0	0	0	0	0	106	0	0	33	0	0	0	0	0	0	0	0	0	24	15	1
1	10	13	0	12	3	0	2	0	266	0	0	2	48	80	0	0	23	0	116	0	0	0	0	0	0	3	0	0	0	1	0	1	2	0	28	0	0	0	3	0	0	0	1269	0	0	0	0	0	0	0	0	0	0	0	0	118	0	0	0	2	114	0	0	0	14	0	0	1	0	0	10	0	0
0	0	0	0	0	0	0	0	0	0	0	0	0	0	0	0	0	0	0	0	0	0	0	0	0	0	0	0	0	0	0	0	0	0	0	0	0	0	0	0	0	0	0	0	0	0	0	0	0	0	0	0	0	0	0	0	0	0	0	0	0	0	0	0	0	0	0	0	0	0	0	0	0	0
0	0	0	0	0	0	0	0	1	1	0	0	0	0	0	0	5	315	0	0	0	0	0	0	0	0	0	0	0	0	0	0	0	0	0	0	0	0	0	0	0	0	0	0	0	0	0	0	0	0	0	0	0	0	0	0	0	0	0	0	0	0	0	0	0	0	0	0	0	0	0	0	0	0
0	0	0	0	0	64	0	5	0	85	0	0	29	0	0	0	47	0	11	149	0	1	0	0	0	25	0	0	0	0	307	0	4	0	2	0	0	0	0	2	0	0	0	139	1	0	0	0	0	0	0	31	81	0	27	0	210	0	0	0	0	0	0	0	0	0	3	12	0	26	0	11	0	153
22	7	0	0	1	561	0	1	0	89	0	0	3	0	0	1	743	0	256	6	538	124	0	9	4	441	0	0	17	0	17	0	249	392	306	0	0	0	85	281	0	0	12	0	43	21	0	0	0	0	31	0	44	0	145	4	22	21	0	0	3	0	0	0	0	0	116	25	0	6	1	9	0	20
17	0	0	0	0	472	0	0	0	394	0	0	3	0	10	0	200	11	196	358	102	0	0	0	61	156	0	0	0	0	122	0	1	32	0	0	0	0	0	0	0	0	0	704	0	0	0	0	0	0	81	44	0	0	0	0	338	0	2	0	0	0	0	0	0	0	0	0	0	10	0	0	0	345
0	0	0	0	0	0	0	0	0	0	0	0	0	0	0	0	0	0	0	0	0	0	0	0	0	0	0	0	0	0	0	0	0	0	0	0	0	0	0	0	0	0	0	0	0	0	0	0	0	0	0	0	0	0	0	0	0	0	0	0	0	0	0	0	0	0	0	0	0	0	0	0	0	0
156	5	0	0	0	98	0	0	0	21	0	0	45	0	0	0	215	0	2	360	65	0	0	481	125	166	24	0	1	0	119	0	2	66	0	0	0	0	0	0	0	0	3	0	0	0	0	0	0	0	27	145	0	0	0	0	6	0	2	2	0	0	0	0	0	0	0	0	0	0	0	5	4	6
10	9	0	0	0	24	0	0	0	0	0	0	105	36	0	0	17	0	10	343	84	0	0	535	84	23	19	0	0	0	0	2	34	11	0	0	0	0	0	0	0	0	0	0	0	0	0	0	0	0	0	4	0	0	0	0	57	0	12	9	0	0	0	0	0	0	0	0	0	10	3	9	0	11
0	25	288	0	0	288	0	4	3	729	0	0	132	29	45	0	22	26	225	786	29	0	0	43	44	19	1	0	0	0	278	92	20	230	23	14	0	0	0	35	0	0	0	1472	103	7	0	118	0	0	210	22	338	0	6	57	0	17	14	4	2	22	0	0	0	89	0	9	3	184	7	21	3	418
6	17	0	0	0	20	0	0	4	68	0	0	87	4	0	0	99	42	142	84	124	0	0	12	0	103	0	0	3	0	21	43	24	812	0	0	0	0	0	0	0	0	2	154	0	0	0	0	0	0	0	21	0	0	0	0	17	0	250	0	0	34	0	0	0	0	0	0	1	2	1	17	5	466
0	15	0	0	0	0	0	144	0	2	0	0	11	0	2	0	2	0	0	43	2	0	0	2	0	2	0	0	0	0	0	2	2	39	62	0	0	0	0	4	0	0	2	0	0	0	106	0	0	0	0	0	2	0	2	12	14	250	0	5	0	0	0	0	0	0	274	40	0	20	30	17	32	1
0	13	0	0	0	1	0	11	0	0	0	0	6	0	0	0	0	0	9	0	0	2	0	0	0	1	0	0	0	0	0	0	2	2	9	0	0	0	0	13	0	0	0	0	0	5	0	0	0	0	0	0	0	0	2	9	4	0	5	0	0	0	0	0	0	0	0	0	0	5	7	4	0	0
0	73	0	0	0	1	0	0	4	56	0	0	1	568	0	0	17	47	0	6	8	0	0	0	0	1	5	0	0	0	5	2	0	2	0	0	0	0	0	0	0	0	0	1928	0	0	0	2	0	0	0	3	0	0	0	0	2	0	0	0	0	487	0	0	0	6	0	0	0	0	1	73	44	1
0	41	96	0	382	2	0	0	10	77	17	0	1	1090	2	17	4	23	1	20	2	0	0	0	0	1	6	0	0	0	2	680	13	3	13	25	1	0	0	0	0	1	0	553	7	47	33	114	0	0	0	0	0	0	0	0	22	34	0	0	487	0	0	21	0	3	0	34	137	0	1	144	14	41
0	0	0	0	0	0	0	0	0	0	0	0	0	0	0	0	0	0	0	0	0	0	0	0	0	0	0	0	0	0	0	0	0	0	0	0	0	0	0	0	0	0	0	0	0	0	0	0	0	0	0	0	0	0	0	0	0	0	0	0	0	0	0	0	0	0	0	0	0	0	0	0	0	0
0	2	0	0	2	0	0	0	1	0	0	0	1	103	0	0	0	0	0	0	1	0	0	0	0	0	0	0	0	0	0	2096	0	0	0	0	0	0	0	0	0	0	0	0	0	2	0	0	0	0	0	0	0	0	0	0	0	0	0	0	0	21	0	0	0	0	0	0	4	0	0	0	7	0
0	0	0	0	0	0	0	0	0	0	0	0	0	0	0	0	0	0	0	0	0	0	0	0	0	0	0	0	0	0	0	0	0	0	0	0	0	0	0	0	0	0	0	0	0	0	0	0	0	0	0	0	0	0	0	0	0	0	0	0	0	0	0	0	0	0	0	0	0	0	0	0	0	0
0	3	42	5	0	6	0	0	0	432	0	0	0	18	80	0	2	12	0	13	1	0	0	0	0	1	141	0	0	134	0	1	1	0	0	198	0	0	0	0	0	0	0	795	0	0	0	14	0	0	0	0	0	0	0	0	89	0	0	0	6	3	0	0	0	0	0	0	0	0	0	3	1	0
57	3	0	0	0	119	0	0	0	0	0	0	4	0	0	0	149	0	14	8	13	0	0	0	0	167	0	0	4	0	74	0	0	594	0	0	0	0	0	0	0	0	1	2	0	0	0	0	0	0	3	116	0	0	0	0	0	0	274	0	0	0	0	0	0	0	0	0	0	2	0	3	0	94
151	2	0	0	0	62	0	0	1	18	4	0	36	4	26	0	181	0	188	120	110	0	0	529	138	109	0	0	3	0	27	0	14	87	0	0	0	0	0	0	0	0	8	66	0	0	0	0	0	0	12	25	0	0	0	0	9	0	40	0	0	34	0	0	0	0	0	0	0	0	0	2	1	429
0	8	4	0	13	0	0	0	0	0	6	0	3	45	0	0	0	7	0	2	0	0	0	0	0	0	3	0	0	0	0	583	3	3	0	0	0	0	0	0	0	0	0	29	0	0	0	1	0	0	0	0	0	0	0	0	3	1	0	0	0	137	0	4	0	0	0	0	0	2	2	10	29	0
0	14	9	0	0	16	0	2	0	274	0	0	47	18	0	0	10	0	23	281	7	0	0	0	0	7	0	0	0	0	42	0	10	3	4	0	0	0	0	9	0	0	27	18	0	0	0	0	0	0	26	6	10	0	0	10	184	2	20	5	0	0	0	0	0	0	2	0	2	0	13	8	0	57
2	13	0	0	0	38	0	2	0	67	0	0	471	0	0	0	24	0	12	259	486	0	0	0	0	343	0	0	0	0	0	0	60	9	0	0	0	0	0	4	0	0	0	0	0	2	0	0	0	0	0	1	0	0	0	3	7	1	30	7	1	1	0	0	0	0	0	0	2	13	0	14	0	1
0	32	29	4	58	5	0	54	8	40	0	0	260	61	3	1	72	50	16	42	13	1	0	2	0	21	26	0	0	0	30	352	21	130	33	3	0	0	1	48	0	2	3	50	11	36	24	10	0	0	11	9	0	0	5	9	21	17	17	4	73	144	0	0	0	3	3	2	10	8	14	0	34	12
4	5	14	0	52	1	0	0	0	0	0	0	0	6	0	0	0	70	0	1	0	0	0	0	0	0	0	0	0	0	0	11	0	3	1	46	0	0	0	0	0	0	0	53	1	2	15	0	0	0	0	0	0	0	4	0	3	5	32	0	44	14	0	7	0	1	0	1	29	0	0	34	0	1
1	1	2	1	1	405	0	0	0	2	0	0	37	1	0	0	81	4	230	41	112	89	0	2	1	12	0	0	0	0	273	1	135	131	96	20	0	0	0	117	0	0	0	1028	86	3	1	0	0	0	153	20	345	0	6	11	418	466	1	0	1	41	0	0	0	0	94	429	0	57	1	12	1	0
