0	0	0	0	0	0	0	0	0	10	0	0	0	2	0	0	9	0	9	0	9	256	0	0	80	8	0	0	220	0	4	0	4	9	5	0	0	1	0	0	2	0	0	0	30	1	0	0	0	2	0	0	2	0	178	0	0	6	0	0	5	0	0	0	0	0	78	178	0	1	0	0	0	7
0	0	59	0	179	0	0	25	0	2	0	0	76	11	0	13	4	10	5	11	0	1	7	0	1	0	0	0	12	1	0	0	40	77	10	10	0	26	0	76	0	185	0	14	3	2	0	0	0	0	0	0	1	0	1	7	28	41	3	0	64	169	0	38	0	2	3	8	2	12	41	0	41	1
0	59	0	0	0	4	0	0	0	615	0	0	6	353	57	0	3	19	2	15	5	0	0	0	0	9	1	0	0	9	0	24	0	1	0	0	0	0	0	0	0	0	0	8	0	52	0	52	0	0	0	13	0	0	0	0	265	8	0	0	0	0	0	0	0	26	0	0	5	4	0	59	20	0
0	0	0	0	0	0	0	0	0	5	0	0	0	0	1	0	1	2	0	0	0	0	0	0	0	0	0	0	0	572	0	0	0	3	0	0	0	0	0	0	0	0	0	0	0	0	0	5	0	0	0	0	0	0	0	0	0	0	0	0	0	0	0	0	0	83	0	0	0	0	0	0	7	0
0	179	0	0	0	0	0	0	0	3	4	0	93	130	1	0	0	15	0	10	0	0	0	0	0	0	0	0	0	88	0	82	2	95	0	0	0	0	0	0	0	0	0	2	0	34	0	7	0	0	0	0	0	0	0	0	0	2	2	0	0	0	0	0	0	0	0	0	0	0	1	178	36	0
0	0	4	0	0	0	0	0	0	0	0	0	0	0	0	0	182	0	52	1	179	24	0	2	0	133	0	0	92	0	0	0	20	31	75	0	0	1	0	74	0	2	0	0	86	0	0	0	0	0	0	0	0	0	24	3	0	5	0	0	0	0	0	0	0	0	3	80	0	14	1	0	0	1
0	0	0	0	0	0	0	0	0	0	0	0	0	0	0	0	0	0	0	0	0	0	0	0	0	0	0	0	0	0	0	0	0	0	0	0	0	0	0	0	0	0	0	0	0	0	0	0	0	0	0	0	0	0	0	0	0	0	0	0	0	0	0	0	0	0	0	0	0	0	0	0	0	0
0	25	0	0	0	0	0	0	0	1	0	0	572	3	1	0	202	0	2	171	92	0	0	0	0	17	0	0	10	0	0	37	26	326	0	0	0	0	0	0	0	0	0	0	0	3	0	0	0	0	0	1	0	0	0	1	0	3	62	0	0	0	0	0	0	0	0	0	0	0	3	15	0	0
0	0	0	0	0	0	0	0	0	0	0	0	12	0	0	0	0	1	17	0	0	0	0	0	0	0	0	0	14	0	0	0	0	0	0	0	0	0	0	0	0	0	0	0	0	0	0	0	0	4	0	0	0	0	0	0	0	0	0	0	0	0	0	0	0	0	0	0	0	0	0	0	0	0
10	2	615	5	3	0	0	1	0	0	9	0	2	23	476	0	7	108	211	320	0	0	1	0	0	1	1	0	4	7	216	0	7	14	4	188	0	1	0	1	121	273	0	1519	13	27	0	78	0	5	57	0	510	0	10	0	931	29	39	0	48	43	0	1	0	497	9	12	0	591	64	22	2	1
0	0	0	0	4	0	0	0	0	9	0	0	1	16	0	0	0	6	0	0	0	0	0	0	0	0	0	0	0	0	0	0	0	0	0	0	0	0	0	0	0	22	0	0	0	0	0	0	0	0	0	0	0	0	0	0	0	0	0	0	38	18	0	18	0	0	0	0	0	0	0	22	24	0
0	0	0	0	0	0	0	0	0	0	0	0	0	0	0	0	0	0	0	0	0	0	0	0	0	0	0	0	0	0	0	0	0	0	0	0	0	0	0	0	0	0	0	0	0	0	0	0	0	0	0	0	0	0	0	0	0	0	0	0	0	0	0	0	0	0	0	0	0	0	0	0	0	0
0	76	6	0	93	0	0	572	12	2	1	0	0	3	2	7	200	3	233	40	134	0	4	0	2	12	0	0	89	0	0	0	738	1669	24	0	0	9	0	600	32	5	0	1	4	294	0	9	0	0	0	0	0	0	16	8	72	61	53	0	7	5	0	22	0	0	3	21	0	86	209	268	5	16
2	11	353	0	130	0	0	3	0	23	16	0	3	0	2	0	1	20	1	1	3	0	0	0	2	0	0	0	4	0	0	43	9	35	2	4	0	139	0	2	0	32	0	9	0	43	0	1	0	4	0	0	0	0	1	49	0	195	15	1	1139	924	0	90	0	16	0	1	2	20	0	149	24	1
0	0	57	1	1	0	0	1	0	476	0	0	2	2	0	1	2	7	89	1	1	0	0	0	0	0	0	0	4	0	3	0	3	0	1	164	0	0	0	0	0	351	0	1093	0	0	0	6	0	0	0	0	0	0	2	0	183	3	29	0	2	1	0	0	0	55	2	23	0	55	1	0	0	1
0	13	0	0	0	0	0	0	0	0	0	0	7	0	1	0	0	0	0	4	13	0	0	0	0	1	0	0	0	0	0	0	0	0	0	0	0	0	0	0	0	0	0	0	0	2	0	0	0	0	0	0	0	0	0	0	1	0	0	0	0	0	0	0	0	0	0	0	0	0	0	13	3	0
9	4	3	1	0	182	0	202	0	7	0	0	200	1	2	0	0	10	106	17	1071	122	0	6	35	742	0	0	170	0	105	0	449	231	56	0	0	14	0	547	7	4	0	2	143	29	0	0	0	0	1	312	10	0	246	15	13	143	6	0	18	2	0	0	0	7	378	632	0	12	24	31	0	21
0	10	19	2	15	0	0	0	1	108	6	0	3	20	7	0	10	0	0	2	0	0	0	0	0	0	0	0	0	2	0	0	2	5	0	9	0	10	0	2	0	1	0	74	0	15	0	17	0	265	0	0	16	0	0	0	1	6	0	0	10	30	0	1	0	22	0	0	11	1	1	18	33	3
9	5	2	0	0	52	0	2	17	211	0	0	233	1	89	0	106	0	0	325	12	8	0	0	0	93	0	0	172	0	96	0	22	263	17	0	0	2	0	4	0	2	0	98	8	67	0	5	0	0	0	0	10	0	0	34	420	170	68	0	0	0	0	0	0	0	18	12	0	24	10	5	0	545
0	11	15	0	10	1	0	171	0	320	0	0	40	1	1	4	17	2	325	0	155	3	32	0	83	103	0	0	26	0	270	0	176	61	30	0	0	7	0	118	4	52	0	2	342	46	0	18	0	0	15	2	313	0	319	494	643	51	13	0	37	53	0	3	0	32	17	80	0	493	400	54	5	88
9	0	5	0	0	179	0	92	0	0	0	0	134	3	1	13	1071	0	12	155	0	95	0	1	0	968	0	0	116	0	15	0	370	460	82	1	0	1	0	455	0	3	0	0	132	6	0	0	0	0	1	355	0	0	93	31	18	35	22	0	14	14	0	0	0	0	6	363	0	11	195	0	1	3
256	1	0	0	0	24	0	0	0	0	0	0	0	0	0	0	122	0	8	3	95	0	0	0	0	88	0	0	76	0	344	0	5	4	0	0	0	0	0	0	0	0	0	2	0	0	0	0	0	0	25	275	0	0	0	5	10	57	0	0	0	0	0	0	0	0	0	0	0	0	0	1	1	78
0	7	0	0	0	0	0	0	0	1	0	0	4	0	0	0	0	0	0	32	0	0	0	0	0	0	0	0	0	0	0	0	0	7	0	0	0	0	0	0	0	0	0	0	0	6	0	0	0	0	0	0	0	0	0	1	4	0	0	0	0	0	0	0	0	0	0	0	0	0	0	0	0	2
0	0	0	0	0	2	0	0	0	0	0	0	0	0	0	0	6	0	0	0	1	0	0	0	46	0	0	0	0	0	6	0	0	0	0	0	0	0	0	0	0	0	0	0	0	0	0	0	0	0	0	95	0	0	0	21	0	0	0	0	0	0	0	0	0	0	0	0	0	0	0	0	0	0
80	1	0	0	0	0	0	0	0	0	0	0	2	2	0	0	35	0	0	83	0	0	0	46	0	15	0	0	0	0	14	0	2	2	0	0	0	0	0	0	0	0	0	0	0	1	0	0	0	0	4	43	0	0	0	9	47	0	0	0	0	0	0	0	0	0	0	0	0	0	0	1	0	1
8	0	9	0	0	133	0	17	0	1	0	0	12	0	0	1	742	0	93	103	968	88	0	0	15	0	0	0	205	0	4	0	653	61	63	0	0	0	0	466	0	1	0	1	193	1	0	4	0	0	0	180	5	0	245	27	10	24	3	0	0	0	0	0	0	0	309	383	0	15	176	3	8	1
0	0	1	0	0	0	0	0	0	1	0	0	0	0	0	0	0	0	0	0	0	0	0	0	0	0	0	0	0	344	0	0	0	0	0	0	0	0	0	0	0	0	0	0	0	0	0	0	0	0	0	0	0	0	0	0	1	0	0	0	0	0	0	0	0	0	0	0	0	0	0	0	0	0
0	0	0	0	0	0	0	0	0	0	0	0	0	0	0	0	0	0	0	0	0	0	0	0	0	0	0	0	0	0	0	0	0	0	0	0	0	0	0	0	0	0	0	0	0	0	0	0	0	0	0	0	0	0	0	0	0	0	0	0	0	0	0	0	0	0	0	0	0	0	0	0	0	0
220	12	0	0	0	92	0	10	14	4	0	0	89	4	4	0	170	0	172	26	116	76	0	0	0	205	0	0	0	0	4	0	284	13	413	0	0	0	0	6	0	0	0	14	35	1	0	0	0	0	0	138	0	0	0	4	15	423	162	0	0	0	0	0	0	0	351	261	0	0	14	11	2	27
0	1	9	572	88	0	0	0	0	7	0	0	0	0	0	0	0	2	0	0	0	0	0	0	0	0	344	0	0	0	0	0	0	4	0	1279	0	0	0	0	0	0	0	10	0	0	0	9	0	0	0	0	0	0	0	2	11	0	0	0	6	0	0	0	0	1789	0	0	0	0	0	19	126	0
4	0	0	0	0	0	0	0	0	216	0	0	0	0	3	0	105	0	96	270	15	344	0	6	14	4	0	0	4	0	0	0	10	15	0	0	0	0	0	4	0	0	0	580	234	118	0	0	0	0	676	1	512	0	454	0	609	171	0	0	0	0	0	2	0	0	240	20	0	200	0	0	0	796
0	0	24	0	82	0	0	37	0	0	0	0	0	43	0	0	0	0	0	0	0	0	0	0	0	0	0	0	0	0	0	0	0	29	0	0	0	0	0	0	0	0	0	0	0	0	0	0	0	0	0	0	0	0	0	0	0	0	2	0	0	30	0	82	0	0	0	0	0	0	0	0	0	0
4	40	0	0	2	20	0	26	0	7	0	0	738	9	3	0	449	2	22	176	370	5	0	0	2	653	0	0	284	0	10	0	0	10	24	0	0	18	0	20	0	4	0	4	3	1	0	7	0	0	0	92	3	0	4	7	15	16	15	0	5	2	0	0	0	0	4	15	0	4	195	20	0	4
9	77	1	3	95	31	0	326	0	14	0	0	1669	35	0	0	231	5	263	61	460	4	7	0	2	61	0	0	13	4	15	29	10	0	10	0	0	3	0	191	10	1	0	14	3	766	0	0	0	0	0	19	0	0	98	0	22	632	6	0	11	11	0	1	0	3	34	85	2	5	124	61	16	7
5	10	0	0	0	75	0	0	0	4	0	0	24	2	1	0	56	0	17	30	82	0	0	0	0	63	0	0	413	0	0	0	24	10	0	0	0	0	0	0	0	0	0	0	0	38	0	1	0	0	0	171	1	0	0	3	16	154	16	0	0	0	0	0	0	0	0	0	0	1	0	10	2	5
0	10	0	0	0	0	0	0	0	188	0	0	0	4	164	0	0	9	0	0	1	0	0	0	0	0	0	0	0	1279	0	0	0	0	0	0	0	0	0	0	0	0	0	170	0	1	0	34	0	0	0	0	0	0	0	0	12	1	0	0	0	0	0	0	0	59	0	0	0	0	0	10	3	13
0	0	0	0	0	0	0	0	0	0	0	0	0	0	0	0	0	0	0	0	0	0	0	0	0	0	0	0	0	0	0	0	0	0	0	0	0	0	0	0	0	0	0	0	0	0	0	0	0	0	0	0	0	0	0	0	0	0	0	0	0	0	0	0	0	0	0	0	0	0	0	0	0	0
1	26	0	0	0	1	0	0	0	1	0	0	9	139	0	0	14	10	2	7	1	0	0	0	0	0	0	0	0	0	0	0	18	3	0	0	0	0	0	0	0	0	0	6	0	0	0	0	0	0	0	0	0	0	0	5	4	44	66	0	0	0	0	0	0	0	0	0	0	1	72	26	17	0
0	0	0	0	0	0	0	0	0	0	0	0	0	0	0	0	0	0	0	0	0	0	0	0	0	0	0	0	0	0	0	0	0	0	0	0	0	0	0	0	0	0	0	0	0	0	0	0	0	0	0	0	0	0	0	0	0	0	0	0	0	0	0	0	0	0	0	0	0	0	0	0	0	0
0	76	0	0	0	74	0	0	0	1	0	0	600	2	0	0	547	2	4	118	455	0	0	0	0	466	0	0	6	0	4	0	20	191	0	0	0	0	0	0	0	0	0	0	0	0	0	0	0	0	0	193	0	0	0	4	5	0	2	0	0	0	0	0	0	0	0	0	0	0	246	43	8	0
2	0	0	0	0	0	0	0	0	121	0	0	32	0	0	0	7	0	0	4	0	0	0	0	0	0	0	0	0	0	0	0	0	10	0	0	0	0	0	0	0	0	0	0	0	4	0	29	0	0	0	0	0	0	0	3	6	4	0	0	0	0	0	0	0	87	0	0	0	0	0	0	0	0
0	185	0	0	0	2	0	0	0	273	22	0	5	32	351	0	4	1	2	52	3	0	0	0	0	1	0	0	0	0	0	0	4	1	0	0	0	0	0	0	0	0	0	376	0	1	0	3	0	0	0	0	0	0	0	0	29	142	238	0	0	0	0	0	0	0	0	0	5	2	0	185	3	0
0	0	0	0	0	0	0	0	0	0	0	0	0	0	0	0	0	0	0	0	0	0	0	0	0	0	0	0	0	0	0	0	0	0	0	0	0	0	0	0	0	0	0	0	0	0	0	0	0	0	0	0	0	0	0	0	0	0	0	0	0	0	0	0	0	0	0	0	0	0	0	0	0	0
0	14	8	0	2	0	0	0	0	1519	0	0	1	9	1093	0	2	74	98	2	0	2	0	0	0	1	0	0	14	10	580	0	4	14	0	170	0	6	0	0	0	376	0	0	0	9	0	117	0	0	58	0	736	0	0	2	319	134	10	0	0	2	0	0	0	60	4	0	1	92	0	20	6	873
30	3	0	0	0	86	0	0	0	13	0	0	4	0	0	0	143	0	8	342	132	0	0	0	0	193	0	0	35	0	234	0	3	3	0	0	0	0	0	0	0	0	0	0	0	60	0	0	0	0	27	0	0	0	0	6	108	4	0	0	0	0	0	0	0	0	0	0	0	0	0	3	1	57
1	2	52	0	34	0	0	3	0	27	0	0	294	43	0	2	29	15	67	46	6	0	6	0	1	1	0	0	1	0	118	0	1	766	38	1	0	0	0	0	4	1	0	9	60	0	0	6	0	16	1	0	1	0	14	7	0	123	10	0	111	107	0	0	0	14	44	13	0	0	9	19	2	3
0	0	0	0	0	0	0	0	0	0	0	0	0	0	0	0	0	0	0	0	0	0	0	0	0	0	0	0	0	0	0	0	0	0	0	0	0	0	0	0	0	0	0	0	0	0	0	0	0	0	0	0	0	0	0	0	0	0	0	0	0	0	0	0	0	0	0	0	0	0	0	0	0	0
0	0	52	5	7	0	0	0	0	78	0	0	9	1	6	0	0	17	5	18	0	0	0	0	0	4	0	0	0	9	0	0	7	0	1	34	0	0	0	0	29	3	0	117	0	6	0	0	0	0	1	0	28	0	0	0	50	0	1	0	2	7	0	2	0	60	1	0	0	53	0	3	0	0
0	0	0	0	0	0	0	0	0	0	0	0	0	0	0	0	0	0	0	0	0	0	0	0	0	0	0	0	0	0	0	0	0	0	0	0	0	0	0	0	0	0	0	0	0	0	0	0	0	0	0	0	0	0	0	0	0	0	0	0	0	0	0	0	0	0	0	0	0	0	0	0	0	0
2	0	0	0	0	0	0	0	4	5	0	0	0	4	0	0	0	265	0	0	0	0	0	0	0	0	0	0	0	0	0	0	0	0	0	0	0	0	0	0	0	0	0	0	0	16	0	0	0	0	0	0	0	0	0	0	0	3	0	0	0	0	0	0	0	0	0	0	0	0	0	0	0	2
0	0	0	0	0	0	0	0	0	57	0	0	0	0	0	0	1	0	0	15	1	25	0	0	4	0	0	0	0	0	676	0	0	0	0	0	0	0	0	0	0	0	0	58	27	1	0	1	0	0	0	0	0	0	24	0	0	1	0	0	0	0	0	0	0	0	19	0	0	1	0	1	0	191
0	0	13	0	0	0	0	1	0	0	0	0	0	0	0	0	312	0	0	2	355	275	0	95	43	180	0	0	138	0	1	0	92	19	171	0	0	0	0	193	0	0	0	0	0	0	0	0	0	0	0	0	0	0	130	62	0	93	0	0	0	0	0	0	0	0	213	196	0	0	50	3	0	0
2	1	0	0	0	0	0	0	0	510	0	0	0	0	0	0	10	16	10	313	0	0	0	0	0	5	0	0	0	0	512	0	3	0	1	0	0	0	0	0	0	0	0	736	0	1	0	28	0	0	0	0	0	0	0	0	367	53	0	0	0	0	0	0	0	0	0	0	0	6	0	1	0	656
0	0	0	0	0	0	0	0	0	0	0	0	0	0	0	0	0	0	0	0	0	0	0	0	0	0	0	0	0	0	0	0	0	0	0	0	0	0	0	0	0	0	0	0	0	0	0	0	0	0	0	0	0	0	0	0	0	0	0	0	0	0	0	0	0	0	0	0	0	0	0	0	0	0
178	1	0	0	0	24	0	0	0	10	0	0	16	1	2	0	246	0	0	319	93	0	0	0	0	245	0	0	0	0	454	0	4	98	0	0	0	0	0	0	0	0	0	0	0	14	0	0	0	0	24	130	0	0	0	44	10	6	2	0	0	0	0	0	0	0	0	0	0	0	0	1	0	4
0	7	0	0	0	3	0	1	0	0	0	0	8	49	0	0	15	0	34	494	31	5	1	21	9	27	0	0	4	2	0	0	7	0	3	0	0	5	0	4	3	0	0	2	6	7	0	0	0	0	0	62	0	0	44	0	268	2	0	0	3	3	0	0	0	0	0	16	0	40	7	8	0	0
0	28	265	0	0	0	0	0	0	931	0	0	72	0	183	1	13	1	420	643	18	10	4	0	47	10	1	0	15	11	609	0	15	22	16	12	0	4	0	5	6	29	0	319	108	0	0	50	0	0	0	0	367	0	10	268	0	2	145	2	5	7	0	1	0	122	14	1	0	457	15	38	2	362
6	41	8	0	2	5	0	3	0	29	0	0	61	195	3	0	143	6	170	51	35	57	0	0	0	24	0	0	423	0	171	0	16	632	154	1	0	44	0	0	4	142	0	134	4	123	0	0	0	3	1	93	53	0	6	2	2	0	182	4	162	17	0	0	0	3	176	80	1	12	52	53	10	261
0	3	0	0	2	0	0	62	0	39	0	0	53	15	29	0	6	0	68	13	22	0	0	0	0	3	0	0	162	0	0	2	15	6	16	0	0	66	0	2	0	238	0	10	0	10	0	1	0	0	0	0	0	0	2	0	145	182	0	3	14	10	0	0	0	0	392	0	0	208	7	19	0	7
0	0	0	0	0	0	0	0	0	0	0	0	0	1	0	0	0	0	0	0	0	0	0	0	0	0	0	0	0	0	0	0	0	0	0	0	0	0	0	0	0	0	0	0	0	0	0	0	0	0	0	0	0	0	0	0	2	4	3	0	0	0	0	0	0	0	0	0	0	0	0	0	0	0
5	64	0	0	0	0	0	0	0	48	38	0	7	1139	2	0	18	10	0	37	14	0	0	0	0	0	0	0	0	6	0	0	5	11	0	0	0	0	0	0	0	0	0	0	0	111	0	2	0	0	0	0	0	0	0	3	5	162	14	0	0	0	0	0	0	0	0	0	0	0	1	64	33	6
0	169	0	0	0	0	0	0	0	43	18	0	5	924	1	0	2	30	0	53	14	0	0	0	0	0	0	0	0	0	0	30	2	11	0	0	0	0	0	0	0	0	0	2	0	107	0	7	0	0	0	0	0	0	0	3	7	17	10	0	0	0	0	0	0	0	0	0	3	0	0	169	77	19
0	0	0	0	0	0	0	0	0	0	0	0	0	0	0	0	0	0	0	0	0	0	0	0	0	0	0	0	0	0	0	0	0	0	0	0	0	0	0	0	0	0	0	0	0	0	0	0	0	0	0	0	0	0	0	0	0	0	0	0	0	0	0	0	0	0	0	0	0	0	0	0	0	0
0	38	0	0	0	0	0	0	0	1	18	0	22	90	0	0	0	1	0	3	0	0	0	0	0	0	0	0	0	0	2	82	0	1	0	0	0	0	0	0	0	0	0	0	0	0	0	2	0	0	0	0	0	0	0	0	1	0	0	0	0	0	0	0	0	0	0	0	3	0	0	37	1	0
0	0	0	0	0	0	0	0	0	0	0	0	0	0	0	0	0	0	0	0	0	0	0	0	0	0	0	0	0	0	0	0	0	0	0	0	0	0	0	0	0	0	0	0	0	0	0	0	0	0	0	0	0	0	0	0	0	0	0	0	0	0	0	0	0	0	0	0	0	0	0	0	0	0
0	2	26	83	0	0	0	0	0	497	0	0	0	16	55	0	7	22	0	32	0	0	0	0	0	0	0	0	0	1789	0	0	0	3	0	59	0	0	0	0	87	0	0	60	0	14	0	60	0	0	0	0	0	0	0	0	122	3	0	0	0	0	0	0	0	0	0	0	0	0	0	2	0	0
78	3	0	0	0	3	0	0	0	9	0	0	3	0	2	0	378	0	18	17	6	0	0	0	0	309	0	0	351	0	240	0	4	34	0	0	0	0	0	0	0	0	0	4	0	44	0	1	0	0	19	213	0	0	0	0	14	176	392	0	0	0	0	0	0	0	0	0	0	1	1	3	1	63
178	8	0	0	0	80	0	0	0	12	0	0	21	1	23	0	632	0	12	80	363	0	0	0	0	383	0	0	261	0	20	0	15	85	0	0	0	0	0	0	0	0	0	0	0	13	0	0	0	0	0	196	0	0	0	16	1	80	0	0	0	0	0	0	0	0	0	0	0	0	2	8	2	144
0	2	5	0	0	0	0	0	0	0	0	0	0	2	0	0	0	11	0	0	0	0	0	0	0	0	0	0	0	0	0	0	0	2	0	0	0	0	0	0	0	5	0	1	0	0	0	0	0	0	0	0	0	0	0	0	0	1	0	0	0	3	0	3	0	0	0	0	0	0	0	2	1	0
1	12	4	0	0	14	0	0	0	591	0	0	86	20	55	0	12	1	24	493	11	0	0	0	0	15	0	0	0	0	200	0	4	5	1	0	0	1	0	0	0	2	0	92	0	0	0	53	0	0	1	0	6	0	0	40	457	12	208	0	0	0	0	0	0	0	1	0	0	0	2	5	0	36
0	41	0	0	1	1	0	3	0	64	0	0	209	0	1	0	24	1	10	400	195	0	0	0	0	176	0	0	14	0	0	0	195	124	0	0	0	72	0	246	0	0	0	0	0	9	0	0	0	0	0	50	0	0	0	7	15	52	7	0	1	0	0	0	0	0	1	2	0	2	0	162	9	1
0	0	59	0	178	0	0	15	0	22	22	0	268	149	0	13	31	18	5	54	0	1	0	0	1	3	0	0	11	19	0	0	20	61	10	10	0	26	0	43	0	185	0	20	3	19	0	3	0	0	1	3	1	0	1	8	38	53	19	0	64	169	0	37	0	2	3	8	2	5	162	0	54	10
0	41	20	7	36	0	0	0	0	2	24	0	5	24	0	3	0	33	0	5	1	1	0	0	0	8	0	0	2	126	0	0	0	16	2	3	0	17	0	8	0	3	0	6	1	2	0	0	0	0	0	0	0	0	0	0	2	10	0	0	33	77	0	1	0	0	1	2	1	0	9	54	0	0
7	1	0	0	0	1	0	0	0	1	0	0	16	1	1	0	21	3	545	88	3	78	2	0	1	1	0	0	27	0	796	0	4	7	5	13	0	0	0	0	0	0	0	873	57	3	0	0	0	2	191	0	656	0	4	0	362	261	7	0	6	19	0	0	0	0	63	144	0	36	1	10	0	0
