0	0	0	0	0	0	0	0	0	21	0	0	0	2	0	0	5	0	7	4	2	276	0	210	1	123	0	0	240	0	39	0	2	3	52	0	0	0	16	2	2	0	2	0	11	1	0	0	0	4	0	0	4	0	178	1	0	48	8	0	0	0	0	0	0	0	4	118	0	0	0	0	0	2
0	0	0	0	3	0	0	2	0	0	0	0	3	0	0	0	0	0	0	0	0	2	0	0	0	0	0	1	6	0	0	0	5	2	4	0	0	0	0	0	1	0	2	0	1	0	0	0	0	1	0	0	0	0	2	0	0	0	5	0	0	1	0	0	0	0	0	0	0	0	0	0	0	0
0	0	0	0	0	0	0	0	14	544	0	0	5	167	32	0	0	2	0	9	0	0	0	0	0	4	0	0	0	10	2	24	0	5	0	0	0	0	0	0	2	0	0	0	0	61	0	47	0	0	0	0	0	0	0	0	104	4	6	0	0	0	0	0	0	35	0	0	6	7	0	0	0	4
0	0	0	0	0	0	0	0	0	22	0	0	0	0	0	0	0	0	0	0	0	0	0	0	0	1	0	0	0	541	0	0	0	4	0	0	0	0	0	0	5	0	0	8	0	0	0	5	0	0	0	0	0	0	0	0	0	0	0	0	0	0	0	0	0	99	0	0	0	0	0	0	0	1
0	3	0	0	0	0	0	0	12	2	8	0	244	157	4	0	0	0	2	14	0	0	0	0	0	0	0	0	0	0	2	82	5	1467	0	0	0	0	0	0	0	0	0	0	0	218	0	1	0	0	9	0	0	0	0	0	0	18	0	0	0	0	0	0	0	0	0	0	2	3	0	0	0	4
0	0	0	0	0	0	0	0	0	696	0	0	0	0	21	0	0	1	11	285	0	0	0	112	0	0	0	0	0	0	532	0	0	12	0	0	0	0	0	0	0	0	0	0	0	27	0	6	0	0	100	0	2	0	0	0	58	193	0	0	0	0	0	0	0	0	0	0	0	7	0	0	0	452
0	0	0	0	0	0	0	0	0	0	0	0	0	0	0	0	0	0	0	0	0	0	0	0	0	0	0	0	0	0	0	0	0	0	0	0	0	0	0	0	0	0	0	0	0	0	0	0	0	0	0	0	0	0	0	0	0	0	0	0	0	0	0	0	0	0	0	0	0	0	0	0	0	0
0	2	0	0	0	0	0	0	25	2	0	0	829	3	1	0	57	0	12	99	0	0	0	0	0	54	0	0	28	0	0	37	46	525	5	0	0	0	0	0	0	0	1	0	0	17	0	0	0	0	0	0	0	0	0	3	0	46	40	1	0	0	0	0	0	0	0	0	0	0	5	0	0	1
0	0	14	0	12	0	0	25	0	0	0	0	45	1	0	0	5	3	50	66	5	6	15	0	0	6	0	41	23	3	0	0	23	48	7	0	0	0	0	0	3	28	34	3	0	0	0	0	0	2	0	0	0	0	4	31	8	68	126	0	1	11	0	7	0	0	4	0	47	0	43	0	0	0
21	0	544	22	2	696	0	2	0	0	0	0	3	16	333	0	7	53	291	306	2	0	1	0	0	0	0	0	0	7	53	0	11	15	6	249	0	0	0	0	244	363	55	888	16	21	0	103	0	26	27	0	952	0	10	0	708	49	39	0	46	50	0	0	0	602	8	12	3	359	33	18	0	0
0	0	0	0	8	0	0	0	0	0	0	0	0	1	0	0	0	0	0	0	0	0	0	0	0	0	0	0	0	0	0	0	0	0	0	0	0	2	0	0	0	0	0	0	0	4	0	0	0	0	0	0	0	0	0	0	0	0	0	0	6	26	0	0	0	0	0	0	4	0	0	0	0	0
0	0	0	0	0	0	0	0	0	0	0	0	0	0	0	0	0	0	0	0	0	0	0	0	0	0	0	0	0	0	0	0	0	0	0	0	0	0	0	0	0	0	0	0	0	0	0	0	0	0	0	0	0	0	0	0	0	0	0	0	0	0	0	0	0	0	0	0	0	0	0	0	0	0
0	3	5	0	244	0	0	829	45	3	0	0	0	3	1	1	78	2	324	41	163	3	43	0	0	23	0	422	173	0	2	0	586	2810	46	0	0	1	96	114	51	4	457	0	9	651	0	9	0	0	0	0	0	0	9	8	44	256	48	1	6	16	0	12	0	25	13	1	0	12	366	6	5	23
2	0	167	0	157	0	0	3	1	16	1	0	3	0	8	0	0	16	0	2	2	0	2	0	2	0	0	70	3	0	5	43	11	84	3	0	0	51	0	0	13	74	0	139	12	21	0	1	0	4	0	0	0	0	1	38	1	5	4	0	633	728	0	47	0	1	0	1	5	1	2	20	39	0
0	0	32	0	4	21	0	1	0	333	0	0	1	8	0	0	2	4	69	32	2	0	0	0	0	0	0	0	1	0	3	0	1	6	1	31	0	0	0	0	4	190	42	262	0	0	0	5	0	0	0	0	30	0	3	0	75	3	2	0	5	13	0	2	0	53	2	49	4	2	3	0	0	2
0	0	0	0	0	0	0	0	0	0	0	0	1	0	0	0	0	0	0	0	0	0	0	0	0	0	0	0	0	0	0	0	0	1	0	0	0	0	0	0	0	0	0	0	0	4	0	0	0	0	0	0	0	0	0	0	0	0	0	0	0	0	0	0	0	0	0	0	0	0	0	0	0	0
5	0	0	0	0	0	0	57	5	7	0	0	78	0	2	0	0	7	20	27	97	21	0	0	0	547	0	0	5	0	139	0	86	122	8	0	0	0	29	0	7	3	0	0	15	31	0	0	0	0	0	0	9	0	59	1	0	180	2	0	18	0	0	0	0	9	52	62	0	0	20	18	0	18
0	0	2	0	0	1	0	0	3	53	0	0	2	16	4	0	7	0	0	2	0	0	0	0	0	0	0	2	0	0	8	0	0	8	1	0	0	0	0	0	4	2	0	15	0	33	0	12	0	10	0	0	1	0	0	0	0	2	0	0	2	4	0	0	0	2	0	0	2	0	0	0	0	1
7	0	0	0	2	11	0	12	50	291	0	0	324	0	69	0	20	0	0	259	6	12	2	0	2	88	0	4	364	0	99	0	38	358	38	0	0	2	9	0	2	1	23	8	4	85	0	5	0	0	0	0	10	0	6	36	150	495	146	0	0	0	0	0	0	3	24	4	0	9	10	0	2	371
4	0	9	0	14	285	0	99	66	306	0	0	41	2	32	0	27	2	259	0	52	16	28	161	5	54	0	24	97	0	195	0	120	70	24	0	0	6	0	0	10	37	135	10	246	63	0	33	0	0	30	0	345	0	270	375	379	60	47	0	28	39	0	0	0	36	14	57	23	153	313	33	1	4
2	0	0	0	0	0	0	0	5	2	0	0	163	2	2	0	97	0	6	52	0	0	0	2	0	773	0	0	2	1	14	0	33	530	1	0	0	0	49	0	0	0	0	0	0	64	0	0	0	0	8	0	0	0	0	6	0	35	36	0	0	0	0	0	0	0	0	0	0	0	2	0	0	13
276	2	0	0	0	0	0	0	6	0	0	0	3	0	0	0	21	0	12	16	0	0	0	106	0	246	0	0	200	0	208	0	8	10	7	0	0	0	7	0	0	0	0	0	0	29	0	0	0	0	0	0	0	0	0	5	3	188	0	0	0	0	0	0	0	0	0	0	0	0	0	0	0	91
0	0	0	0	0	0	0	0	15	1	0	0	43	2	0	0	0	0	2	28	0	0	0	0	0	13	0	0	0	0	0	0	0	42	2	0	0	0	0	0	0	0	2	0	0	66	0	0	0	0	0	0	0	0	0	1	0	78	64	0	0	0	0	0	0	0	0	0	0	0	0	0	0	5
210	0	0	0	0	112	0	0	0	0	0	0	0	0	0	0	0	0	0	161	2	106	0	0	30	5	0	0	10	0	0	0	2	57	2	0	0	0	0	0	0	0	0	0	26	0	0	0	0	0	0	0	50	0	194	180	0	11	0	0	0	2	0	0	0	0	0	128	0	0	0	0	0	0
1	0	0	0	0	0	0	0	0	0	0	0	0	2	0	0	0	0	2	5	0	0	0	30	0	0	0	0	0	0	0	0	0	0	0	0	0	0	0	0	0	0	0	0	0	1	0	0	0	0	0	0	0	0	0	2	0	0	0	0	0	0	0	0	0	0	0	0	0	0	0	0	0	0
123	0	4	1	0	0	0	54	6	0	0	0	23	0	0	0	547	0	88	54	773	246	13	5	0	0	0	0	57	1	46	0	460	26	55	1	0	1	128	91	34	1	43	2	195	17	0	4	0	0	4	0	200	0	188	31	25	41	6	0	2	0	0	0	0	10	105	56	0	0	97	0	0	5
0	0	0	0	0	0	0	0	0	0	0	0	0	0	0	0	0	0	0	0	0	0	0	0	0	0	0	0	0	0	0	0	0	0	0	0	0	0	0	0	0	0	0	0	0	0	0	0	0	0	0	0	0	0	0	0	0	0	0	0	0	0	0	0	0	0	0	0	0	0	0	0	0	0
0	1	0	0	0	0	0	0	41	0	0	0	422	70	0	0	0	2	4	24	0	0	0	0	0	0	0	0	1	0	0	0	9	936	0	0	0	0	0	0	0	0	0	4	0	103	0	0	0	0	0	0	0	0	0	1	0	38	52	0	0	0	0	0	0	3	0	0	0	5	0	0	0	16
240	6	0	0	0	0	0	28	23	0	0	0	173	3	1	0	5	0	364	97	2	200	0	10	0	57	0	1	0	1	16	0	381	810	552	0	0	0	12	0	0	2	8	0	39	117	0	0	0	0	0	0	0	0	2	4	12	823	392	0	0	0	0	0	0	1	506	290	0	0	35	0	0	15
0	0	10	541	0	0	0	0	3	7	0	0	0	0	0	0	0	0	0	0	1	0	0	0	0	1	0	0	1	0	22	0	0	7	0	322	0	0	0	0	460	0	0	0	5	0	0	10	0	0	0	0	0	0	18	2	1	0	0	0	0	0	0	0	0	896	0	0	0	0	0	0	0	0
39	0	2	0	2	532	0	0	0	53	0	0	2	5	3	0	139	8	99	195	14	208	0	0	0	46	0	0	16	22	0	0	34	16	6	0	0	0	0	0	10	0	24	272	438	19	0	0	0	0	221	0	774	0	468	0	394	156	0	0	4	4	0	0	0	14	324	30	0	148	57	0	0	461
0	0	24	0	82	0	0	37	0	0	0	0	0	43	0	0	0	0	0	0	0	0	0	0	0	0	0	0	0	0	0	0	0	29	0	0	0	0	0	0	0	0	0	0	0	0	0	0	0	0	0	0	0	0	0	0	0	0	2	0	0	30	0	82	0	0	0	0	0	0	0	0	0	0
2	5	0	0	5	0	0	46	23	11	0	0	586	11	1	0	86	0	38	120	33	8	0	2	0	460	0	9	381	0	34	0	0	286	22	0	0	0	24	1	2	6	14	0	1	36	0	0	0	0	0	0	28	0	29	19	22	130	25	1	0	9	0	0	0	2	1	3	2	2	34	0	0	47
3	2	5	4	1467	12	0	525	48	15	0	0	2810	84	6	1	122	8	358	70	530	10	42	57	0	26	0	936	810	7	16	29	286	0	16	0	2	58	9	2	24	14	236	57	134	2355	0	0	0	0	40	0	2	0	348	5	45	1760	7	0	104	89	0	1	0	38	160	46	62	0	1073	0	12	20
52	4	0	0	0	0	0	5	7	6	0	0	46	3	1	0	8	1	38	24	1	7	2	2	0	55	0	0	552	0	6	0	22	16	0	0	0	0	10	1	0	0	5	0	2	47	0	1	0	0	0	0	1	0	3	2	13	529	74	1	0	1	0	0	0	0	16	0	0	1	3	0	0	7
0	0	0	0	0	0	0	0	0	249	0	0	0	0	31	0	0	0	0	0	0	0	0	0	0	1	0	0	0	322	0	0	0	0	0	0	0	0	0	0	6	0	0	0	0	1	0	23	0	0	0	0	0	0	0	0	10	0	0	0	0	0	0	0	0	130	0	0	0	2	0	0	0	4
0	0	0	0	0	0	0	0	0	0	0	0	0	0	0	0	0	0	0	0	0	0	0	0	0	0	0	0	0	0	0	0	0	2	0	0	0	0	0	0	0	0	0	1	0	0	0	0	0	0	0	0	0	0	0	0	0	0	0	0	0	7	0	0	0	0	0	0	0	0	0	0	0	0
0	0	0	0	0	0	0	0	0	0	2	0	1	51	0	0	0	0	2	6	0	0	0	0	0	1	0	0	0	0	0	0	0	58	0	0	0	0	0	0	0	0	0	0	0	22	0	0	0	0	0	0	0	0	0	0	0	131	0	0	0	0	0	0	0	0	0	0	0	0	0	0	0	0
16	0	0	0	0	0	0	0	0	0	0	0	96	0	0	0	29	0	9	0	49	7	0	0	0	128	0	0	12	0	0	0	24	9	10	0	0	0	0	31	0	0	1	0	11	0	0	0	0	0	0	0	0	0	23	0	0	0	0	0	0	0	0	0	0	1	0	0	0	0	0	0	0	0
2	0	0	0	0	0	0	0	0	0	0	0	114	0	0	0	0	0	0	0	0	0	0	0	0	91	0	0	0	0	0	0	1	2	1	0	0	0	31	0	0	0	0	0	0	1	0	0	0	0	0	0	0	0	0	0	0	0	0	0	0	0	0	0	0	0	0	0	0	0	0	0	0	0
2	1	2	5	0	0	0	0	3	244	0	0	51	13	4	0	7	4	2	10	0	0	0	0	0	34	0	0	0	460	10	0	2	24	0	6	0	0	0	0	0	0	0	10	0	22	0	78	0	3	0	0	0	0	0	10	12	42	0	0	0	5	0	0	0	163	0	0	0	0	0	4	0	32
0	0	0	0	0	0	0	0	28	363	0	0	4	74	190	0	3	2	1	37	0	0	0	0	0	1	0	0	2	0	0	0	6	14	0	0	0	0	0	0	0	0	3	2	0	2	0	17	0	0	0	0	0	0	0	0	2	452	102	0	0	0	0	0	0	1	0	0	7	7	0	0	0	10
2	2	0	0	0	0	0	1	34	55	0	0	457	0	42	0	0	0	23	135	0	0	2	0	0	43	0	0	8	0	24	0	14	236	5	0	0	0	1	0	0	3	0	2	1	60	0	0	0	0	0	0	0	0	0	1	36	588	172	2	0	0	0	0	0	2	4	0	1	0	6	0	0	47
0	0	0	8	0	0	0	0	3	888	0	0	0	139	262	0	0	15	8	10	0	0	0	0	0	2	0	4	0	0	272	0	0	57	0	0	1	0	0	0	10	2	2	0	0	9	0	115	0	0	5	0	26	0	0	0	27	172	32	0	2	8	0	0	0	8	0	0	1	3	0	0	0	296
11	1	0	0	0	0	0	0	0	16	0	0	9	12	0	0	15	0	4	246	0	0	0	26	0	195	0	0	39	5	438	0	1	134	2	0	0	0	11	0	0	0	1	0	0	70	0	0	0	0	22	0	0	0	0	8	47	28	0	0	0	0	0	0	0	0	0	0	0	0	0	0	0	5
1	0	61	0	218	27	0	17	0	21	4	0	651	21	0	4	31	33	85	63	64	29	66	0	1	17	0	103	117	0	19	0	36	2355	47	1	0	22	0	1	22	2	60	9	70	0	0	6	0	16	0	0	55	0	76	7	19	342	12	0	149	155	0	0	0	29	103	15	9	0	117	17	11	3
0	0	0	0	0	0	0	0	0	0	0	0	0	0	0	0	0	0	0	0	0	0	0	0	0	0	0	0	0	0	0	0	0	0	0	0	0	0	0	0	0	0	0	0	0	0	0	0	0	0	0	0	0	0	0	0	0	0	0	0	0	0	0	0	0	0	0	0	0	0	0	0	0	0
0	0	47	5	1	6	0	0	0	103	0	0	9	1	5	0	0	12	5	33	0	0	0	0	0	4	0	0	0	10	0	0	0	0	1	23	0	0	0	0	78	17	0	115	0	6	0	0	0	0	1	0	34	0	0	0	54	0	1	0	0	0	0	0	0	68	1	0	1	69	0	0	0	0
0	0	0	0	0	0	0	0	0	0	0	0	0	0	0	0	0	0	0	0	0	0	0	0	0	0	0	0	0	0	0	0	0	0	0	0	0	0	0	0	0	0	0	0	0	0	0	0	0	0	0	0	0	0	0	0	0	0	0	0	0	0	0	0	0	0	0	0	0	0	0	0	0	0
4	1	0	0	0	0	0	0	2	26	0	0	0	4	0	0	0	10	0	0	0	0	0	0	0	0	0	0	0	0	0	0	0	0	0	0	0	0	0	0	3	0	0	0	0	16	0	0	0	0	0	0	0	0	0	0	0	3	0	0	0	0	0	0	0	0	0	0	0	0	0	1	0	2
0	0	0	0	9	100	0	0	0	27	0	0	0	0	0	0	0	0	0	30	8	0	0	0	0	4	0	0	0	0	221	0	0	40	0	0	0	0	0	0	0	0	0	5	22	0	0	1	0	0	0	0	97	0	12	0	65	9	0	0	0	0	0	0	0	0	1	0	0	44	0	0	0	9
0	0	0	0	0	0	0	0	0	0	0	0	0	0	0	0	0	0	0	0	0	0	0	0	0	0	0	0	0	0	0	0	0	0	0	0	0	0	0	0	0	0	0	0	0	0	0	0	0	0	0	0	0	0	0	0	0	0	0	0	0	0	0	0	0	0	0	0	0	0	0	0	0	0
4	0	0	0	0	2	0	0	0	952	0	0	0	0	30	0	9	1	10	345	0	0	0	50	0	200	0	0	0	0	774	0	28	2	1	0	0	0	0	0	0	0	0	26	0	55	0	34	0	0	97	0	0	0	0	0	188	123	0	0	0	0	0	0	0	0	0	0	0	7	0	0	0	729
0	0	0	0	0	0	0	0	0	0	0	0	0	0	0	0	0	0	0	0	0	0	0	0	0	0	0	0	0	0	0	0	0	0	0	0	0	0	0	0	0	0	0	0	0	0	0	0	0	0	0	0	0	0	0	0	0	0	0	0	0	0	0	0	0	0	0	0	0	0	0	0	0	0
178	2	0	0	0	0	0	0	4	10	0	0	9	1	3	0	59	0	6	270	0	0	0	194	0	188	0	0	2	18	468	0	29	348	3	0	0	0	23	0	0	0	0	0	0	76	0	0	0	0	12	0	0	0	0	69	1	90	6	0	0	0	0	0	0	0	0	0	0	1	4	0	0	8
1	0	0	0	0	0	0	3	31	0	0	0	8	38	0	0	1	0	36	375	6	5	1	180	2	31	0	1	4	2	0	0	19	5	2	0	0	0	0	0	10	0	1	0	8	7	0	0	0	0	0	0	0	0	69	0	138	5	28	0	3	3	0	0	0	0	0	11	0	6	1	1	2	7
0	0	104	0	0	58	0	0	8	708	0	0	44	1	75	0	0	0	150	379	0	3	0	0	0	25	0	0	12	1	394	0	22	45	13	10	0	0	0	0	12	2	36	27	47	19	0	54	0	0	65	0	188	0	1	138	0	89	149	2	0	4	0	1	0	91	5	0	0	105	15	2	0	178
48	0	4	0	18	193	0	46	68	49	0	0	256	5	3	0	180	2	495	60	35	188	78	11	0	41	0	38	823	0	156	0	130	1760	529	0	0	131	0	0	42	452	588	172	28	342	0	0	0	3	9	0	123	0	90	5	89	0	498	2	30	37	0	0	0	23	689	253	37	4	361	4	3	587
8	5	6	0	0	0	0	40	126	39	0	0	48	4	2	0	2	0	146	47	36	0	64	0	0	6	0	52	392	0	0	2	25	7	74	0	0	0	0	0	0	102	172	32	0	12	0	1	0	0	0	0	0	0	6	28	149	498	0	3	14	10	0	0	0	0	198	0	0	80	60	0	0	7
0	0	0	0	0	0	0	1	0	0	0	0	1	0	0	0	0	0	0	0	0	0	0	0	0	0	0	0	0	0	0	0	1	0	1	0	0	0	0	0	0	0	2	0	0	0	0	0	0	0	0	0	0	0	0	0	2	2	3	0	0	0	0	0	0	0	0	0	0	0	1	0	0	0
0	0	0	0	0	0	0	0	1	46	6	0	6	633	5	0	18	2	0	28	0	0	0	0	0	2	0	0	0	0	4	0	0	104	0	0	0	0	0	0	0	0	0	2	0	149	0	0	0	0	0	0	0	0	0	3	0	30	14	0	0	0	0	0	0	0	0	0	0	0	1	0	0	21
0	1	0	0	0	0	0	0	11	50	26	0	16	728	13	0	0	4	0	39	0	0	0	2	0	0	0	0	0	0	4	30	9	89	1	0	7	0	0	0	5	0	0	8	0	155	0	0	0	0	0	0	0	0	0	3	4	37	10	0	0	0	0	0	0	2	0	0	3	4	0	1	0	49
0	0	0	0	0	0	0	0	0	0	0	0	0	0	0	0	0	0	0	0	0	0	0	0	0	0	0	0	0	0	0	0	0	0	0	0	0	0	0	0	0	0	0	0	0	0	0	0	0	0	0	0	0	0	0	0	0	0	0	0	0	0	0	0	0	0	0	0	0	0	0	0	0	0
0	0	0	0	0	0	0	0	7	0	0	0	12	47	2	0	0	0	0	0	0	0	0	0	0	0	0	0	0	0	0	82	0	1	0	0	0	0	0	0	0	0	0	0	0	0	0	0	0	0	0	0	0	0	0	0	1	0	0	0	0	0	0	0	0	0	0	0	3	0	0	0	0	2
0	0	0	0	0	0	0	0	0	0	0	0	0	0	0	0	0	0	0	0	0	0	0	0	0	0	0	0	0	0	0	0	0	0	0	0	0	0	0	0	0	0	0	0	0	0	0	0	0	0	0	0	0	0	0	0	0	0	0	0	0	0	0	0	0	0	0	0	0	0	0	0	0	0
0	0	35	99	0	0	0	0	0	602	0	0	25	1	53	0	9	2	3	36	0	0	0	0	0	10	0	3	1	896	14	0	2	38	0	130	0	0	1	0	163	1	2	8	0	29	0	68	0	0	0	0	0	0	0	0	91	23	0	0	0	2	0	0	0	0	0	0	0	0	1	0	0	12
4	0	0	0	0	0	0	0	4	8	0	0	13	0	2	0	52	0	24	14	0	0	0	0	0	105	0	0	506	0	324	0	1	160	16	0	0	0	0	0	0	0	4	0	0	103	0	1	0	0	1	0	0	0	0	0	5	689	198	0	0	0	0	0	0	0	0	0	0	0	3	0	0	38
118	0	0	0	0	0	0	0	0	12	0	0	1	1	49	0	62	0	4	57	0	0	0	128	0	56	0	0	290	0	30	0	3	46	0	0	0	0	0	0	0	0	0	0	0	15	0	0	0	0	0	0	0	0	0	11	0	253	0	0	0	0	0	0	0	0	0	0	0	0	0	0	0	136
0	0	6	0	2	0	0	0	47	3	4	0	0	5	4	0	0	2	0	23	0	0	0	0	0	0	0	0	0	0	0	0	2	62	0	0	0	0	0	0	0	7	1	1	0	9	0	1	0	0	0	0	0	0	0	0	0	37	0	0	0	3	0	3	0	0	0	0	0	7	1	0	0	10
0	0	7	0	3	7	0	0	0	359	0	0	12	1	2	0	0	0	9	153	0	0	0	0	0	0	0	5	0	0	148	0	2	0	1	2	0	0	0	0	0	7	0	3	0	0	0	69	0	0	44	0	7	0	1	6	105	4	80	0	0	4	0	0	0	0	0	0	7	0	3	0	0	1
0	0	0	0	0	0	0	5	43	33	0	0	366	2	3	0	20	0	10	313	2	0	0	0	0	97	0	0	35	0	57	0	34	1073	3	0	0	0	0	0	0	0	6	0	0	117	0	0	0	0	0	0	0	0	4	1	15	361	60	1	1	0	0	0	0	1	3	0	1	3	0	0	0	12
0	0	0	0	0	0	0	0	0	18	0	0	6	20	0	0	18	0	0	33	0	0	0	0	0	0	0	0	0	0	0	0	0	0	0	0	0	0	0	0	4	0	0	0	0	17	0	0	0	1	0	0	0	0	0	1	2	4	0	0	0	1	0	0	0	0	0	0	0	0	0	0	0	0
0	0	0	0	0	0	0	0	0	0	0	0	5	39	0	0	0	0	2	1	0	0	0	0	0	0	0	0	0	0	0	0	0	12	0	0	0	0	0	0	0	0	0	0	0	11	0	0	0	0	0	0	0	0	0	2	0	3	0	0	0	0	0	0	0	0	0	0	0	0	0	0	0	1
2	0	4	1	4	452	0	1	0	0	0	0	23	0	2	0	18	1	371	4	13	91	5	0	0	5	0	16	15	0	461	0	47	20	7	4	0	0	0	0	32	10	47	296	5	3	0	0	0	2	9	0	729	0	8	7	178	587	7	0	21	49	0	2	0	12	38	136	10	1	12	0	1	0
