0	6	0	0	0	166	23	0	0	0	0	0	2	1	0	2	135	0	71	3	1	660	2	332	184	14	0	0	0	0	15	0	56	15	345	0	0	0	0	48	2	0	0	0	36	5	0	4	0	4	1	67	23	0	508	31	0	226	2	4	0	1	0	0	0	0	118	544	0	13	2	5	0	6
6	38	33	0	429	3	4	204	0	8	59	0	1104	45	8	280	24	13	81	111	5	2	25	0	1	6	5	0	0	0	5	0	107	368	20	17	0	0	3	698	12	30	0	9	1	402	21	0	0	1	0	1	2	0	8	5	158	160	69	849	17	82	0	277	0	2	7	9	11	49	311	40	575	2
0	33	0	0	0	0	0	7	0	325	28	0	5	245	241	0	5	17	0	15	8	0	0	0	0	0	427	0	0	0	61	0	7	0	1	16	0	0	0	0	109	22	0	46	7	0	0	459	0	0	0	2	0	0	0	4	267	10	184	26	0	169	0	45	0	65	0	0	10	3	0	26	58	0
0	0	0	0	0	0	0	0	0	0	0	0	0	0	0	0	5	1	0	0	0	0	0	0	0	1	56	0	0	0	0	0	0	0	19	24	0	0	0	0	0	0	0	0	0	0	0	0	0	0	0	0	0	0	0	0	0	0	0	1	8	0	0	0	0	1	0	3	0	0	3	0	0	0
0	429	0	0	0	0	0	31	0	2	720	0	142	86	1	0	8	6	0	3	0	0	0	2	0	4	12	0	0	0	11	0	0	0	0	7	0	0	0	0	9	72	0	0	0	0	0	45	0	0	0	0	0	0	2	0	1	26	0	11	0	672	0	377	0	0	0	0	15	0	0	23	433	0
166	3	0	0	0	0	0	0	0	1	0	0	1	0	0	0	514	0	6	17	321	26	0	14	0	338	0	0	0	0	6	0	35	0	19	0	0	0	0	0	2	0	0	0	119	0	0	0	0	0	3	130	0	0	20	1	1	37	0	3	0	0	0	0	0	0	0	0	0	0	0	3	0	0
23	4	0	0	0	0	0	0	0	1	0	0	1	0	90	0	31	7	0	1	0	1	0	0	0	19	0	0	0	0	0	0	1	0	6	41	0	0	0	0	387	1	0	352	0	0	0	1	0	0	0	1	0	0	1	0	2	0	0	3	0	1	0	0	0	2	0	0	2	0	2	2	2	0
0	204	7	0	31	0	0	0	0	1	1	0	690	10	0	0	566	0	73	200	742	0	1	0	1	23	25	0	0	0	0	0	797	4	46	0	0	0	77	948	0	0	0	0	23	8	0	0	0	0	0	7	0	0	1	119	14	84	476	1237	0	0	0	6	0	0	0	0	0	65	601	131	1	0
0	0	0	0	0	0	0	0	0	0	0	0	0	0	0	0	0	2	0	0	0	0	0	0	0	0	0	0	0	0	0	0	0	0	0	0	0	0	0	0	0	0	0	0	0	0	0	0	0	2	0	0	0	0	0	0	0	0	0	0	0	0	0	0	0	0	0	0	0	0	0	0	0	0
0	8	325	0	2	1	1	1	0	0	113	0	10	19	622	37	2	64	208	263	0	0	0	0	0	0	14	0	0	0	307	0	13	0	2	332	0	0	0	2	171	282	0	554	0	2	14	754	0	1	21	4	454	0	0	1	517	6	4	0	3	91	0	0	0	336	0	5	1	489	1	22	37	0
0	59	28	0	720	0	0	1	0	113	0	0	3	418	75	196	0	52	0	75	2	0	28	0	2	2	0	0	0	0	2	0	35	142	0	82	0	0	0	0	0	472	0	86	0	62	110	0	0	2	0	0	0	0	0	0	47	0	14	0	312	651	0	139	0	72	0	0	70	4	0	150	415	2
0	0	0	0	0	0	0	0	0	0	0	0	0	0	0	0	0	0	0	0	0	0	0	0	0	0	0	0	0	0	0	0	0	0	0	0	0	0	0	0	0	0	0	0	0	0	0	0	0	0	0	0	0	0	0	0	0	0	0	0	0	0	0	0	0	0	0	0	0	0	0	0	0	0
2	1104	5	0	142	1	1	690	0	10	3	0	0	7	1	53	235	2	110	40	38	2	2	0	8	4	6	0	0	0	1	0	205	285	33	1	0	0	101	436	16	4	0	9	5	288	2	1	0	0	0	0	0	0	15	14	45	50	43	495	0	25	0	4	0	2	2	1	0	61	236	37	29	8
1	45	245	0	86	0	0	10	0	19	418	0	7	0	85	9	9	6	5	3	4	0	1	0	0	2	31	0	0	0	44	0	25	2	0	39	0	0	16	15	8	321	0	5	13	12	187	1	0	0	0	4	3	0	2	48	40	43	54	1	269	1500	0	107	0	28	7	0	1	40	10	139	97	0
0	8	241	0	1	0	90	0	0	622	75	0	1	85	0	12	1	87	78	1	0	1	0	0	0	1	103	0	0	0	8	0	4	0	1	396	0	0	0	1	281	620	0	722	0	0	20	807	0	7	0	0	13	0	0	0	339	13	14	3	0	213	0	0	0	353	1	10	39	238	1	18	8	1
2	280	0	0	0	0	0	0	0	37	196	0	53	9	12	0	2	13	0	1	0	1	0	0	0	0	0	0	0	0	27	0	0	1	0	4	0	0	0	0	1	4	0	0	0	0	0	22	0	0	11	0	0	0	2	0	6	11	0	0	0	206	0	142	0	0	0	0	17	1	0	16	69	0
135	24	5	5	8	514	31	566	0	2	0	0	235	9	1	2	0	0	50	24	649	77	3	29	20	508	0	0	0	0	17	0	490	194	89	1	0	0	143	749	2	31	0	4	354	42	2	2	0	0	7	570	207	0	147	13	16	158	16	60	13	70	0	0	0	0	239	110	2	15	95	23	14	9
0	13	17	1	6	0	7	0	2	64	52	0	2	6	87	13	0	0	3	1	1	0	8	0	0	0	0	0	0	0	8	0	6	13	1	32	0	0	0	0	16	44	0	109	0	0	1	20	0	765	4	0	59	0	0	0	52	28	1	0	2	64	0	2	0	15	1	0	37	25	0	52	21	3
71	81	0	0	0	6	0	73	0	208	0	0	110	5	78	0	50	3	0	518	86	80	0	12	1	22	16	0	0	0	129	0	60	0	161	0	0	0	0	6	5	36	0	40	29	0	0	261	0	0	29	21	12	0	36	142	565	331	410	312	0	1	0	0	0	0	3	8	0	27	5	3	2	8
3	111	15	0	3	17	1	200	0	263	75	0	40	3	1	1	24	1	518	0	182	18	141	314	73	15	1	0	0	0	216	0	163	42	62	0	0	0	6	251	3	9	0	9	161	60	1	223	0	0	185	10	342	0	452	510	863	113	153	257	7	42	0	0	0	16	22	119	0	503	188	12	4	49
1	5	8	0	0	321	0	742	0	0	2	0	38	4	0	0	649	1	86	182	0	12	0	17	10	723	24	0	0	0	2	0	569	144	114	2	0	0	146	411	8	0	0	0	306	47	0	0	0	0	1	320	73	0	149	49	6	40	0	26	1	0	0	0	0	1	6	195	0	12	260	8	0	2
660	2	0	0	0	26	1	0	0	0	0	0	2	0	1	1	77	0	80	18	12	0	7	786	223	34	2	0	0	0	268	0	29	46	271	1	0	0	0	8	1	0	0	1	110	18	1	3	0	0	64	87	66	0	771	90	0	543	64	230	0	0	0	0	0	0	361	391	0	15	77	5	1	70
2	25	0	0	0	0	0	1	0	0	28	0	2	1	0	0	3	8	0	141	0	7	0	384	31	2	0	0	0	0	1	0	7	0	1	0	0	0	0	0	3	10	0	0	6	0	0	0	0	0	0	0	0	0	218	134	17	10	20	121	0	15	0	0	0	0	0	0	0	0	0	0	19	0
332	0	0	0	2	14	0	0	0	0	0	0	0	0	0	0	29	0	12	314	17	786	384	0	1283	4	0	0	0	0	82	0	10	36	86	2	0	0	2	2	0	0	0	0	20	0	0	0	0	0	0	0	168	0	696	628	89	46	0	2	0	0	0	0	0	2	2	790	0	2	36	0	0	0
184	1	0	0	0	0	0	1	0	0	2	0	8	0	0	0	20	0	1	73	10	223	31	1283	0	18	3	0	0	0	29	0	3	0	22	0	0	0	0	0	0	0	0	0	4	0	0	0	0	0	7	13	7	0	150	183	11	13	0	3	0	0	0	0	0	0	0	76	0	0	1	0	0	0
14	6	0	1	4	338	19	23	0	0	2	0	4	2	1	0	508	0	22	15	723	34	2	4	18	0	18	0	0	0	8	0	570	41	37	4	0	0	103	483	3	1	0	1	182	31	0	8	0	0	3	399	115	0	163	27	14	64	7	49	0	23	0	0	0	1	111	139	0	20	98	13	11	2
0	5	427	56	12	0	0	25	0	14	0	0	6	31	103	0	0	0	16	1	24	2	0	0	3	18	0	0	0	0	2	0	6	2	15	488	0	0	0	5	417	15	0	15	0	2	10	300	0	0	0	20	0	0	9	0	1	2	4	8	4	30	0	4	0	514	2	13	0	9	5	29	8	0
0	0	0	0	0	0	0	0	0	0	0	0	0	0	0	0	0	0	0	0	0	0	0	0	0	0	0	0	0	0	0	0	0	0	0	0	0	0	0	0	0	0	0	0	0	0	0	0	0	0	0	0	0	0	0	0	0	0	0	0	0	0	0	0	0	0	0	0	0	0	0	0	0	0
0	0	0	0	0	0	0	0	0	0	0	0	0	0	0	0	0	0	0	0	0	0	0	0	0	0	0	0	0	0	0	0	0	0	0	0	0	0	0	0	0	0	0	0	0	0	0	0	0	0	0	0	0	0	0	0	0	0	0	0	0	0	0	0	0	0	0	0	0	0	0	0	0	0
0	0	0	0	0	0	0	0	0	0	0	0	0	0	0	0	0	0	0	0	0	0	0	0	0	0	0	0	0	0	0	0	0	0	0	0	0	0	0	0	0	0	0	0	0	0	0	0	0	0	0	0	0	0	0	0	0	0	0	0	0	0	0	0	0	0	0	0	0	0	0	0	0	0
15	5	61	0	11	6	0	0	0	307	2	0	1	44	8	27	17	8	129	216	2	268	1	82	29	8	2	0	0	0	0	0	3	5	2	11	0	0	1	4	0	101	0	224	169	13	127	37	0	0	378	18	648	0	364	27	596	191	58	2	0	23	0	76	0	2	288	35	11	308	1	13	12	258
0	0	0	0	0	0	0	0	0	0	0	0	0	0	0	0	0	0	0	0	0	0	0	0	0	0	0	0	0	0	0	0	0	0	0	0	0	0	0	0	0	0	0	0	0	0	0	0	0	0	0	0	0	0	0	0	0	0	0	0	0	0	0	0	0	0	0	0	0	0	0	0	0	0
56	107	7	0	0	35	1	797	0	13	35	0	205	25	4	0	490	6	60	163	569	29	7	10	3	570	6	0	0	0	3	0	0	8	315	0	0	0	1	183	21	5	0	9	92	10	0	1	0	0	2	137	12	0	21	52	37	162	39	315	3	87	0	0	0	0	1	49	4	21	103	25	10	4
15	368	0	0	0	0	0	4	0	0	142	0	285	2	0	1	194	13	0	42	144	46	0	36	0	41	2	0	0	0	5	0	8	0	29	0	0	0	0	0	0	0	0	0	78	0	0	0	0	0	1	94	1	0	24	2	17	307	132	364	0	30	0	73	0	0	0	0	0	1	1	7	181	0
345	20	1	19	0	19	6	46	0	2	0	0	33	0	1	0	89	1	161	62	114	271	1	86	22	37	15	0	0	0	2	0	315	29	0	2	0	0	46	378	1	0	0	8	128	12	0	0	0	0	2	247	2	0	15	95	18	683	624	498	0	38	0	0	0	0	371	433	0	7	222	13	0	0
0	17	16	24	7	0	41	0	0	332	82	0	1	39	396	4	1	32	0	0	2	1	0	2	0	4	488	0	0	0	11	0	0	0	2	0	0	0	0	0	387	69	0	60	2	0	3	384	0	0	0	0	0	0	0	0	27	2	3	1	8	25	0	2	0	134	0	0	29	4	0	23	58	0
0	0	0	0	0	0	0	0	0	0	0	0	0	0	0	0	0	0	0	0	0	0	0	0	0	0	0	0	0	0	0	0	0	0	0	0	0	0	0	0	0	0	0	0	0	0	0	0	0	0	0	0	0	0	0	0	0	0	0	0	0	0	0	0	0	0	0	0	0	0	0	0	0	0
0	0	0	0	0	0	0	0	0	0	0	0	0	0	0	0	0	0	0	0	0	0	0	0	0	0	0	0	0	0	0	0	0	0	0	0	0	0	0	0	0	0	0	0	0	0	0	0	0	0	0	0	0	0	0	0	0	0	0	0	0	0	0	0	0	0	0	0	0	0	0	0	0	0
0	3	0	0	0	0	0	77	0	0	0	0	101	16	0	0	143	0	0	6	146	0	0	2	0	103	0	0	0	0	1	0	1	0	46	0	0	0	0	0	0	0	0	0	51	0	0	0	0	0	0	188	0	0	0	1	0	3	4	17	0	0	0	0	0	0	0	0	0	0	0	0	0	0
48	698	0	0	0	0	0	948	0	2	0	0	436	15	1	0	749	0	6	251	411	8	0	2	0	483	5	0	0	0	4	0	183	0	378	0	0	0	0	0	1	0	0	0	19	0	0	0	0	0	0	145	0	0	9	8	7	150	42	780	0	0	0	1	0	0	0	0	0	0	5	24	7	0
2	12	109	0	9	2	387	0	0	171	0	0	16	8	281	1	2	16	5	3	8	1	3	0	0	3	417	0	0	0	0	0	21	0	1	387	0	0	0	1	0	0	0	503	1	1	9	380	0	0	0	1	6	0	2	0	9	2	0	2	7	147	0	0	0	430	0	12	0	0	0	32	11	16
0	30	22	0	72	0	1	0	0	282	472	0	4	321	620	4	31	44	36	9	0	0	10	0	0	1	15	0	0	0	101	0	5	0	0	69	0	0	0	0	0	0	0	694	0	0	257	307	0	1	0	0	0	0	1	0	53	522	973	31	0	380	0	13	0	0	33	0	21	21	76	33	168	0
0	0	0	0	0	0	0	0	0	0	0	0	0	0	0	0	0	0	0	0	0	0	0	0	0	0	0	0	0	0	0	0	0	0	0	0	0	0	0	0	0	0	0	0	0	0	0	0	0	0	0	0	0	0	0	0	0	0	0	0	0	0	0	0	0	0	0	0	0	0	0	0	0	0
0	9	46	0	0	0	352	0	0	554	86	0	9	5	722	0	4	109	40	9	0	1	0	0	0	1	15	0	0	0	224	0	9	0	8	60	0	0	0	0	503	694	0	0	0	0	0	939	0	0	95	0	50	0	3	0	110	257	0	0	0	72	0	0	0	3	0	0	0	0	6	21	43	0
36	1	7	0	0	119	0	23	0	0	0	0	5	13	0	0	354	0	29	161	306	110	6	20	4	182	0	0	0	0	169	0	92	78	128	2	0	0	51	19	1	0	0	0	0	13	0	0	0	0	98	254	94	0	206	70	55	26	3	13	0	0	0	0	0	0	103	17	0	14	26	11	3	1
5	402	0	0	0	0	0	8	0	2	62	0	288	12	0	0	42	0	0	60	47	18	0	0	0	31	2	0	0	0	13	0	10	0	12	0	0	0	0	0	1	0	0	0	13	0	0	7	0	0	0	13	0	0	4	2	8	184	126	322	0	12	0	0	0	0	0	0	2	0	0	4	168	0
0	21	0	0	0	0	0	0	0	14	110	0	2	187	20	0	2	1	0	1	0	1	0	0	0	0	10	0	0	0	127	0	0	0	0	3	0	0	0	0	9	257	0	0	0	0	0	3	0	0	0	0	0	0	0	0	2	5	484	3	0	28	0	51	0	0	0	0	0	0	0	21	34	0
4	0	459	0	45	0	1	0	0	754	0	0	1	1	807	22	2	20	261	223	0	3	0	0	0	8	300	0	0	0	37	0	1	0	0	384	0	0	0	0	380	307	0	939	0	7	3	0	0	0	16	2	392	0	18	0	894	9	1	0	2	15	0	0	0	480	0	2	0	645	0	2	1	0
0	0	0	0	0	0	0	0	0	0	0	0	0	0	0	0	0	0	0	0	0	0	0	0	0	0	0	0	0	0	0	0	0	0	0	0	0	0	0	0	0	0	0	0	0	0	0	0	0	0	0	0	0	0	0	0	0	0	0	0	0	0	0	0	0	0	0	0	0	0	0	0	0	0
4	1	0	0	0	0	0	0	2	1	2	0	0	0	7	0	0	765	0	0	0	0	0	0	0	0	0	0	0	0	0	0	0	0	0	0	0	0	0	0	0	1	0	0	0	0	0	0	0	0	0	0	0	0	0	0	0	8	0	0	0	4	0	0	0	0	0	0	0	0	0	0	0	0
1	0	0	0	0	3	0	0	0	21	0	0	0	0	0	11	7	4	29	185	1	64	0	0	7	3	0	0	0	0	378	0	2	1	2	0	0	0	0	0	0	0	0	95	98	0	0	16	0	0	0	0	77	0	131	0	171	31	0	2	0	0	0	0	0	0	54	0	0	98	1	0	0	59
67	1	2	0	0	130	1	7	0	4	0	0	0	4	0	0	570	0	21	10	320	87	0	0	13	399	20	0	0	0	18	0	137	94	247	0	0	0	188	145	1	0	0	0	254	13	0	2	0	0	0	0	81	0	159	35	9	106	4	15	1	3	0	0	0	0	217	71	0	13	57	8	0	5
23	2	0	0	0	0	0	0	0	454	0	0	0	3	13	0	207	59	12	342	73	66	0	168	7	115	0	0	0	0	648	0	12	1	2	0	0	0	0	0	6	0	0	50	94	0	0	392	0	0	77	81	0	0	114	1	363	108	0	9	0	2	0	0	0	0	0	0	0	7	1	2	4	0
0	0	0	0	0	0	0	0	0	0	0	0	0	0	0	0	0	0	0	0	0	0	0	0	0	0	0	0	0	0	0	0	0	0	0	0	0	0	0	0	0	0	0	0	0	0	0	0	0	0	0	0	0	0	0	0	0	0	0	0	0	0	0	0	0	0	0	0	0	0	0	0	0	0
508	8	0	0	2	20	1	1	0	0	0	0	15	2	0	2	147	0	36	452	149	771	218	696	150	163	9	0	0	0	364	0	21	24	15	0	0	0	0	9	2	1	0	3	206	4	0	18	0	0	131	159	114	0	0	412	12	79	11	30	0	14	0	1	0	0	25	478	0	9	9	2	19	0
31	5	4	0	0	1	0	119	0	1	0	0	14	48	0	0	13	0	142	510	49	90	134	628	183	27	0	0	0	0	27	0	52	2	95	0	0	0	1	8	0	0	0	0	70	2	0	0	0	0	0	35	1	0	412	0	475	59	184	152	1	0	0	1	0	0	0	12	0	173	10	3	1	0
0	158	267	0	1	1	2	14	0	517	47	0	45	40	339	6	16	52	565	863	6	0	17	89	11	14	1	0	0	0	596	0	37	17	18	27	0	0	0	7	9	53	0	110	55	8	2	894	0	0	171	9	363	0	12	475	0	285	537	249	0	119	0	7	0	132	22	12	11	473	40	39	63	112
226	160	10	0	26	37	0	84	0	6	0	0	50	43	13	11	158	28	331	113	40	543	10	46	13	64	2	0	0	0	191	0	162	307	683	2	0	0	3	150	2	522	0	257	26	184	5	9	0	8	31	106	108	0	79	59	285	0	1321	837	5	122	0	2	0	1	699	276	8	126	438	46	37	180
2	69	184	0	0	0	0	476	0	4	14	0	43	54	14	0	16	1	410	153	0	64	20	0	0	7	4	0	0	0	58	0	39	132	624	3	0	0	4	42	0	973	0	0	3	126	484	1	0	0	0	4	0	0	11	184	537	1321	0	1881	4	63	0	30	0	0	1164	0	60	955	723	165	7	2
4	849	26	1	11	3	3	1237	0	0	0	0	495	1	3	0	60	0	312	257	26	230	121	2	3	49	8	0	0	0	2	0	315	364	498	1	0	0	17	780	2	31	0	0	13	322	3	0	0	0	2	15	9	0	30	152	249	837	1881	0	0	0	0	147	0	0	372	199	0	278	542	114	0	0
0	17	0	8	0	0	0	0	0	3	312	0	0	269	0	0	13	2	0	7	1	0	0	0	0	0	4	0	0	0	0	0	3	0	0	8	0	0	0	0	7	0	0	0	0	0	0	2	0	0	0	1	0	0	0	1	0	5	4	0	0	231	0	1	0	0	0	0	0	0	0	17	81	0
1	82	169	0	672	0	1	0	0	91	651	0	25	1500	213	206	70	64	1	42	0	0	15	0	0	23	30	0	0	0	23	0	87	30	38	25	0	0	0	0	147	380	0	72	0	12	28	15	0	4	0	3	2	0	14	0	119	122	63	0	231	0	0	14	0	13	1	20	57	52	4	325	343	15
0	0	0	0	0	0	0	0	0	0	0	0	0	0	0	0	0	0	0	0	0	0	0	0	0	0	0	0	0	0	0	0	0	0	0	0	0	0	0	0	0	0	0	0	0	0	0	0	0	0	0	0	0	0	0	0	0	0	0	0	0	0	0	0	0	0	0	0	0	0	0	0	0	0
0	277	45	0	377	0	0	6	0	0	139	0	4	107	0	142	0	2	0	0	0	0	0	0	0	0	4	0	0	0	76	0	0	73	0	2	0	0	0	1	0	13	0	0	0	0	51	0	0	0	0	0	0	0	1	1	7	2	30	147	1	14	0	0	0	0	0	4	38	0	0	58	343	0
0	0	0	0	0	0	0	0	0	0	0	0	0	0	0	0	0	0	0	0	0	0	0	0	0	0	0	0	0	0	0	0	0	0	0	0	0	0	0	0	0	0	0	0	0	0	0	0	0	0	0	0	0	0	0	0	0	0	0	0	0	0	0	0	0	0	0	0	0	0	0	0	0	0
0	2	65	1	0	0	2	0	0	336	72	0	2	28	353	0	0	15	0	16	1	0	0	2	0	1	514	0	0	0	2	0	0	0	0	134	0	0	0	0	430	0	0	3	0	0	0	480	0	0	0	0	0	0	0	0	132	1	0	0	0	13	0	0	0	0	0	0	7	0	0	5	1	0
118	7	0	0	0	0	0	0	0	0	0	0	2	7	1	0	239	1	3	22	6	361	0	2	0	111	2	0	0	0	288	0	1	0	371	0	0	0	0	0	0	33	0	0	103	0	0	0	0	0	54	217	0	0	25	0	22	699	1164	372	0	1	0	0	0	0	0	0	0	0	3	7	3	0
544	9	0	3	0	0	0	0	0	5	0	0	1	0	10	0	110	0	8	119	195	391	0	790	76	139	13	0	0	0	35	0	49	0	433	0	0	0	0	0	12	0	0	0	17	0	0	2	0	0	0	71	0	0	478	12	12	276	0	199	0	20	0	4	0	0	0	0	0	0	0	0	4	0
0	11	10	0	15	0	2	0	0	1	70	0	0	1	39	17	2	37	0	0	0	0	0	0	0	0	0	0	0	0	11	0	4	0	0	29	0	0	0	0	0	21	0	0	0	2	0	0	0	0	0	0	0	0	0	0	11	8	60	0	0	57	0	38	0	7	0	0	0	6	0	2	5	0
13	49	3	0	0	0	0	65	0	489	4	0	61	40	238	1	15	25	27	503	12	15	0	2	0	20	9	0	0	0	308	0	21	1	7	4	0	0	0	0	0	21	0	0	14	0	0	645	0	0	98	13	7	0	9	173	473	126	955	278	0	52	0	0	0	0	0	0	6	0	6	18	12	0
2	311	0	3	0	0	2	601	0	1	0	0	236	10	1	0	95	0	5	188	260	77	0	36	1	98	5	0	0	0	1	0	103	1	222	0	0	0	0	5	0	76	0	6	26	0	0	0	0	0	1	57	1	0	9	10	40	438	723	542	0	4	0	0	0	0	3	0	0	6	0	18	3	0
5	40	26	0	23	3	2	131	0	22	150	0	37	139	18	16	23	52	3	12	8	5	0	0	0	13	29	0	0	0	13	0	25	7	13	23	0	0	0	24	32	33	0	21	11	4	21	2	0	0	0	8	2	0	2	3	39	46	165	114	17	325	0	58	0	5	7	0	2	18	18	0	84	2
0	575	58	0	433	0	2	1	0	37	415	0	29	97	8	69	14	21	2	4	0	1	19	0	0	11	8	0	0	0	12	0	10	181	0	58	0	0	0	7	11	168	0	43	3	168	34	1	0	0	0	0	4	0	19	1	63	37	7	0	81	343	0	343	0	1	3	4	5	12	3	84	0	6
6	2	0	0	0	0	0	0	0	0	2	0	8	0	1	0	9	3	8	49	2	70	0	0	0	2	0	0	0	0	258	0	4	0	0	0	0	0	0	0	16	0	0	0	1	0	0	0	0	0	59	5	0	0	0	0	112	180	2	0	0	15	0	0	0	0	0	0	0	0	0	2	6	0
