0	0	0	0	0	8	0	0	0	1	0	0	0	0	0	0	4	0	8	0	0	144	0	132	1	1	0	0	27	0	1	0	1	3	40	0	0	1	0	1	0	0	0	0	1	0	0	0	0	2	0	107	1	0	135	0	0	14	0	0	5	0	0	0	0	0	10	96	0	0	0	0	0	0
0	0	63	0	281	0	0	82	0	10	0	0	129	31	0	13	19	4	3	15	0	2	11	1	0	0	0	0	6	11	2	3	18	128	16	11	0	28	0	83	0	189	0	50	3	64	0	0	0	8	0	0	1	0	5	1	38	40	47	0	88	234	0	86	0	8	5	38	10	18	74	9	52	15
0	63	0	0	0	28	0	0	2	540	0	0	9	214	114	0	8	31	0	13	11	0	0	0	0	10	8	0	56	9	0	7	0	1	0	0	0	0	0	0	0	0	0	0	0	0	0	19	0	0	0	13	0	0	0	0	184	0	8	0	0	0	0	0	0	18	0	0	1	2	0	63	24	7
0	0	0	0	0	0	0	0	2	0	0	0	0	4	5	0	1	2	0	3	0	0	0	0	0	0	7	0	0	1358	4	3	0	1	0	0	0	0	0	0	0	0	0	0	0	0	0	5	0	0	0	0	0	0	0	0	0	0	0	0	0	0	0	0	0	3	0	0	0	0	0	0	7	0
0	281	0	0	0	0	0	0	0	31	4	0	189	44	2	0	0	19	0	14	1	0	0	0	0	0	0	0	0	91	0	6	0	1006	0	0	0	0	0	0	0	0	0	2	0	0	0	0	0	0	0	0	0	0	0	0	2	0	0	0	0	0	0	0	0	0	0	0	0	0	1	270	41	0
8	0	28	0	0	0	0	1	0	1	0	0	7	0	0	0	1341	0	215	3	804	103	12	7	0	731	0	0	342	0	5	0	238	137	395	0	0	5	0	640	0	2	0	0	293	0	0	0	0	0	0	0	84	0	163	54	20	214	0	0	0	0	0	0	0	0	111	207	0	23	56	3	0	38
0	0	0	0	0	0	0	0	0	0	0	0	0	0	0	0	0	0	0	0	0	0	0	0	0	0	0	0	0	3	0	0	0	0	0	0	0	0	0	0	0	0	0	0	0	0	0	0	0	0	0	0	0	0	0	0	0	0	0	0	0	0	0	0	0	0	0	0	0	0	0	0	0	0
0	82	0	0	0	1	0	0	0	0	0	0	705	0	0	0	293	0	6	176	167	0	0	0	0	2	0	0	10	0	0	141	10	145	0	0	0	0	0	0	0	0	0	0	0	0	0	0	0	0	0	1	0	0	0	0	0	0	24	0	0	0	0	0	0	0	0	0	0	0	0	63	0	0
0	0	2	2	0	0	0	0	0	1	0	0	0	2	0	0	0	0	1	0	0	0	0	0	0	0	0	0	2	0	0	0	0	0	1	0	0	0	0	1	0	1	0	0	0	0	0	0	0	4	0	0	0	0	0	0	16	0	0	0	0	6	0	0	0	0	0	0	0	0	1	0	0	0
1	10	540	0	31	1	0	0	1	0	0	0	2	38	386	0	3	117	199	160	2	0	3	0	0	1	3	0	0	14	289	0	9	0	1	203	0	17	0	1	0	165	0	773	0	0	0	19	0	0	117	0	274	0	0	0	589	2	3	0	15	90	0	2	0	429	0	16	0	477	17	29	24	1
0	0	0	0	4	0	0	0	0	0	0	0	0	0	0	0	0	6	0	48	0	0	0	0	0	0	0	0	0	0	0	0	0	0	0	0	0	0	0	0	0	20	0	0	0	0	0	0	0	0	0	0	0	0	0	0	0	0	0	0	0	4	0	18	0	0	0	0	0	0	0	6	0	0
0	0	0	0	0	0	0	0	0	0	0	0	0	0	0	0	0	0	0	0	0	0	0	0	0	0	0	0	0	0	0	0	0	0	0	0	0	0	0	0	0	0	0	0	0	0	0	0	0	0	0	0	0	0	0	0	0	0	0	0	0	0	0	0	0	0	0	0	0	0	0	0	0	0
0	129	9	0	189	7	0	705	0	2	0	0	0	5	4	7	169	1	117	19	114	1	18	0	0	3	0	0	47	0	0	158	647	2460	78	0	0	10	0	900	0	2	0	2	1	333	0	0	0	21	0	0	0	0	30	24	95	74	95	0	5	5	0	2	0	0	2	18	0	31	392	267	3	1
0	31	214	4	44	0	0	0	2	38	0	0	5	0	1	0	0	2	4	5	1	0	22	0	0	1	0	0	0	0	0	7	5	17	2	44	0	256	0	4	0	257	0	310	0	1	0	0	0	0	0	0	0	0	0	33	19	10	5	0	927	1223	0	40	0	22	0	15	0	0	0	118	38	0
0	0	114	5	2	0	0	0	0	386	0	0	4	1	0	1	5	23	30	2	0	0	16	0	0	0	2	0	1	0	7	0	3	1	4	296	0	10	0	4	0	224	0	222	0	0	0	3	0	0	0	0	0	0	0	0	150	20	0	0	5	5	0	0	0	137	6	23	0	1	0	3	3	3
0	13	0	0	0	0	0	0	0	0	0	0	7	0	1	0	0	0	0	4	13	0	0	0	0	1	0	0	0	0	0	0	0	8	0	0	0	0	0	0	0	0	0	0	0	0	0	0	0	0	0	0	0	0	0	0	1	0	0	0	0	0	0	0	0	0	0	0	0	0	0	13	4	0
4	19	8	1	0	1341	0	293	0	3	0	0	169	0	5	0	0	6	86	2	1707	87	4	31	0	880	0	0	69	0	17	0	407	293	81	4	0	14	0	913	0	0	0	4	306	3	0	0	0	0	1	328	62	0	207	24	18	178	40	0	18	2	0	0	0	0	339	560	0	12	70	55	5	32
0	4	31	2	19	0	0	0	0	117	6	0	1	2	23	0	6	0	0	0	0	0	3	0	0	0	0	0	0	4	9	0	12	4	0	11	0	31	0	2	0	4	0	127	2	3	0	0	0	823	0	0	19	0	0	0	7	15	0	0	43	57	0	1	0	17	0	0	11	1	1	14	37	2
8	3	0	0	0	215	0	6	1	199	0	0	117	4	30	0	86	0	0	246	75	28	6	0	0	69	0	0	453	7	125	0	9	87	16	0	0	2	0	10	0	76	0	6	2	0	0	0	0	0	2	0	28	0	2	41	373	20	138	0	0	0	0	0	0	5	36	128	0	14	34	3	0	776
0	15	13	3	14	3	0	176	0	160	48	0	19	5	2	4	2	0	246	0	141	1	44	0	1	67	0	0	19	0	182	2	184	57	18	0	0	19	0	205	0	52	0	0	291	4	0	0	0	0	3	2	28	0	136	258	471	38	0	0	29	22	0	3	0	29	9	25	2	362	270	45	6	67
0	0	11	0	1	804	0	167	0	2	0	0	114	1	0	13	1707	0	75	141	0	102	2	4	0	1000	0	0	157	2	5	0	879	300	150	1	0	4	0	954	0	4	0	10	230	30	0	0	0	0	1	355	41	0	149	69	30	164	8	0	16	17	0	2	0	0	18	486	0	20	517	5	1	9
144	2	0	0	0	103	0	0	0	0	0	0	1	0	0	0	87	0	28	1	102	0	0	0	0	102	0	0	36	0	325	0	3	23	0	0	0	0	0	0	0	0	0	0	0	0	0	0	0	0	25	512	0	0	0	6	10	0	2	0	0	0	0	0	0	0	0	0	0	0	0	2	1	104
0	11	0	0	0	12	0	0	0	3	0	0	18	22	16	0	4	3	6	44	2	0	0	0	0	2	0	0	27	0	4	0	0	13	0	0	0	0	0	0	0	0	0	0	0	0	0	0	0	0	0	3	0	0	0	72	8	0	0	0	0	0	0	0	0	0	0	0	0	0	0	4	0	2
132	1	0	0	0	7	0	0	0	0	0	0	0	0	0	0	31	0	0	0	4	0	0	0	46	2	0	0	0	3	6	0	0	0	0	0	0	0	0	0	0	0	0	0	0	0	0	0	0	0	0	474	0	0	0	129	0	0	0	0	0	0	0	0	0	0	0	0	0	0	0	1	0	0
1	0	0	0	0	0	0	0	0	0	0	0	0	0	0	0	0	0	0	1	0	0	0	46	0	0	0	0	0	0	14	0	0	0	0	0	0	0	0	0	0	0	0	0	0	0	0	0	0	0	4	43	0	0	0	1	0	0	0	0	0	0	0	0	0	0	0	0	0	0	0	0	0	0
1	0	10	0	0	731	0	2	0	1	0	0	3	1	0	1	880	0	69	67	1000	102	2	2	0	0	0	0	53	1	4	0	633	63	105	0	0	2	0	747	0	0	0	1	265	5	0	0	0	0	0	191	57	0	181	19	25	160	0	0	0	1	0	0	0	0	204	373	0	14	333	2	8	3
0	0	8	7	0	0	0	0	0	3	0	0	0	0	2	0	0	0	0	0	0	0	0	0	0	0	0	0	0	572	0	0	0	0	0	6	0	0	0	0	0	0	0	3	0	0	0	0	0	0	0	0	0	0	0	0	1	0	0	0	1	0	0	0	0	16	0	0	0	0	0	0	0	0
0	0	0	0	0	0	0	0	0	0	0	0	0	0	0	0	0	0	0	0	0	0	0	0	0	0	0	0	0	0	0	0	0	0	0	0	0	0	0	0	0	0	0	0	0	0	0	0	0	0	0	0	0	0	0	0	0	0	0	0	0	0	0	0	0	0	0	0	0	0	0	0	0	0
27	6	56	0	0	342	0	10	2	0	0	0	47	0	1	0	69	0	453	19	157	36	27	0	0	53	0	0	0	2	2	2	187	26	299	0	0	246	0	428	0	0	0	0	29	2	0	0	0	0	0	138	0	0	8	128	8	210	31	0	0	0	0	0	0	0	171	293	0	0	15	6	2	3
0	11	9	1358	91	0	3	0	0	14	0	0	0	0	0	0	0	4	7	0	2	0	0	3	0	1	572	0	2	0	11	0	0	10	6	2790	0	10	0	0	0	0	0	16	0	0	0	0	0	0	0	1	9	0	1	0	11	1	0	0	12	1	0	0	0	3902	10	4	0	0	1	62	150	1
1	2	0	4	0	5	0	0	0	289	0	0	0	0	7	0	17	9	125	182	5	325	4	6	14	4	0	0	2	11	0	0	0	10	0	0	0	13	0	9	0	0	0	372	230	0	0	0	0	0	278	1	98	0	364	0	580	86	0	0	0	0	0	2	0	0	328	14	0	62	0	2	0	983
0	3	7	3	6	0	0	141	0	0	0	0	158	7	0	0	0	0	0	2	0	0	0	0	0	0	0	0	2	0	0	0	1	563	2	0	0	0	0	0	0	19	0	0	0	484	0	0	0	0	0	0	0	0	0	0	0	0	0	0	0	248	0	378	0	0	0	0	174	4	0	0	4	0
1	18	0	0	0	238	0	10	0	9	0	0	647	5	3	0	407	12	9	184	879	3	0	0	0	633	0	0	187	0	0	1	0	31	21	0	0	10	0	29	0	1	0	2	2	0	0	4	0	0	0	92	0	0	4	8	15	7	2	0	5	2	0	0	0	1	0	9	0	1	201	15	4	3
3	128	1	1	1006	137	0	145	0	0	0	0	2460	17	1	8	293	4	87	57	300	23	13	0	0	63	0	0	26	10	10	563	31	0	109	0	0	6	0	834	0	0	0	7	3	395	0	0	0	185	10	19	0	0	212	0	35	340	1	0	1	6	0	2	0	0	59	80	0	34	124	219	16	7
40	16	0	0	0	395	0	0	1	1	0	0	78	2	4	0	81	0	16	18	150	0	0	0	0	105	0	0	299	6	0	2	21	109	0	0	0	0	0	0	0	0	0	0	0	0	0	0	0	0	0	171	0	0	0	3	8	2	20	0	0	0	0	0	0	0	0	0	0	0	0	15	2	1
0	11	0	0	0	0	0	0	0	203	0	0	0	44	296	0	4	11	0	0	1	0	0	0	0	0	6	0	0	2790	0	0	0	0	0	0	0	0	0	0	0	0	0	0	0	0	0	16	0	0	0	0	0	0	0	0	3	0	0	0	0	0	0	0	0	5	0	0	0	0	0	11	8	21
0	0	0	0	0	0	0	0	0	0	0	0	0	0	0	0	0	0	0	0	0	0	0	0	0	0	0	0	0	0	0	0	0	0	0	0	0	0	0	0	0	0	0	0	0	0	0	0	0	0	0	0	0	0	0	0	0	0	0	0	0	0	0	0	0	0	0	0	0	0	0	0	0	0
1	28	0	0	0	5	0	0	0	17	0	0	10	256	10	0	14	31	2	19	4	0	0	0	0	2	0	0	246	10	13	0	10	6	0	0	0	0	0	0	0	0	0	2	0	0	0	0	0	0	0	0	0	0	0	12	4	2	10	0	0	0	0	0	0	0	0	0	2	0	72	28	31	0
0	0	0	0	0	0	0	0	0	0	0	0	0	0	0	0	0	0	0	0	0	0	0	0	0	0	0	0	0	0	0	0	0	0	0	0	0	0	0	0	0	0	0	0	0	0	0	0	0	0	0	0	0	0	0	0	0	0	0	0	0	0	0	0	0	0	0	0	0	0	0	0	0	0
1	83	0	0	0	640	0	0	1	1	0	0	900	4	4	0	913	2	10	205	954	0	0	0	0	747	0	0	428	0	9	0	29	834	0	0	0	0	0	0	0	0	0	0	0	0	0	0	0	0	0	193	0	0	0	6	8	0	2	0	0	0	0	0	0	0	0	0	0	0	246	46	8	19
0	0	0	0	0	0	0	0	0	0	0	0	0	0	0	0	0	0	0	0	0	0	0	0	0	0	0	0	0	0	0	0	0	0	0	0	0	0	0	0	0	0	0	0	0	0	0	0	0	0	0	0	0	0	0	0	0	0	0	0	0	0	0	0	0	0	0	0	0	0	0	0	0	0
0	189	0	0	0	2	0	0	1	165	20	0	2	257	224	0	0	4	76	52	4	0	0	0	0	0	0	0	0	0	0	19	1	0	0	0	0	0	0	0	0	0	0	4	0	0	0	1	0	0	0	0	0	0	0	0	8	0	10	0	0	0	0	0	0	0	0	0	1	0	0	189	12	2
0	0	0	0	0	0	0	0	0	0	0	0	0	0	0	0	0	0	0	0	0	0	0	0	0	0	0	0	0	0	0	0	0	0	0	0	0	0	0	0	0	0	0	0	0	0	0	0	0	0	0	0	0	0	0	0	0	0	0	0	0	0	0	0	0	0	0	0	0	0	0	0	0	0
0	50	0	0	2	0	0	0	0	773	0	0	2	310	222	0	4	127	6	0	10	0	0	0	0	1	3	0	0	16	372	0	2	7	0	0	0	2	0	0	0	4	0	0	0	0	0	28	0	0	61	0	0	0	0	0	188	0	0	0	2	4	0	0	0	1	4	0	1	0	0	50	17	719
1	3	0	0	0	293	0	0	0	0	0	0	1	0	0	0	306	2	2	291	230	0	0	0	0	265	0	0	29	0	230	0	2	3	0	0	0	0	0	0	0	0	0	0	0	0	0	0	0	0	27	1	0	0	0	0	45	0	0	0	0	0	0	0	0	0	0	0	0	0	0	3	1	48
0	64	0	0	0	0	0	0	0	0	0	0	333	1	0	0	3	3	0	4	30	0	0	0	0	5	0	0	2	0	0	484	0	395	0	0	0	0	0	0	0	0	0	0	0	0	0	0	0	0	1	0	0	0	0	0	2	0	0	0	0	0	0	0	0	0	0	0	0	0	0	51	6	0
0	0	0	0	0	0	0	0	0	0	0	0	0	0	0	0	0	0	0	0	0	0	0	0	0	0	0	0	0	0	0	0	0	0	0	0	0	0	0	0	0	0	0	0	0	0	0	0	0	0	0	0	0	0	0	0	0	0	0	0	0	0	0	0	0	0	0	0	0	0	0	0	0	0
0	0	19	5	0	0	0	0	0	19	0	0	0	0	3	0	0	0	0	0	0	0	0	0	0	0	0	0	0	0	0	0	4	0	0	16	0	0	0	0	0	1	0	28	0	0	0	0	0	0	0	0	0	0	0	0	14	0	0	0	2	7	0	0	0	24	0	0	0	10	0	0	0	0
0	0	0	0	0	0	0	0	0	0	0	0	0	0	0	0	0	0	0	0	0	0	0	0	0	0	0	0	0	0	0	0	0	0	0	0	0	0	0	0	0	0	0	0	0	0	0	0	0	0	0	0	0	0	0	0	0	0	0	0	0	0	0	0	0	0	0	0	0	0	0	0	0	0
2	8	0	0	0	0	0	0	4	0	0	0	21	0	0	0	0	823	0	0	0	0	0	0	0	0	0	0	0	0	0	0	0	185	0	0	0	0	0	0	0	0	0	0	0	0	0	0	0	0	0	0	0	0	0	0	3	0	0	0	0	0	0	0	0	0	0	0	0	0	0	8	3	0
0	0	0	0	0	0	0	0	0	117	0	0	0	0	0	0	1	0	2	3	1	25	0	0	4	0	0	0	0	0	278	0	0	10	0	0	0	0	0	0	0	0	0	61	27	1	0	0	0	0	0	1	24	0	24	0	15	1	0	0	0	0	0	0	0	0	19	0	0	1	0	1	0	262
107	0	13	0	0	0	0	1	0	0	0	0	0	0	0	0	328	0	0	2	355	512	3	474	43	191	0	0	138	1	1	0	92	19	171	0	0	0	0	193	0	0	0	0	1	0	0	0	0	0	1	0	0	0	432	66	0	93	0	0	0	0	0	0	0	0	213	452	0	0	50	4	0	0
1	1	0	0	0	84	0	0	0	274	0	0	0	0	0	0	62	19	28	28	41	0	0	0	0	57	0	0	0	9	98	0	0	0	0	0	0	0	0	0	0	0	0	0	0	0	0	0	0	0	24	0	0	0	0	0	110	0	0	0	0	0	0	0	0	0	0	0	0	0	0	1	0	287
0	0	0	0	0	0	0	0	0	0	0	0	0	0	0	0	0	0	0	0	0	0	0	0	0	0	0	0	0	0	0	0	0	0	0	0	0	0	0	0	0	0	0	0	0	0	0	0	0	0	0	0	0	0	0	0	0	0	0	0	0	0	0	0	0	0	0	0	0	0	0	0	0	0
135	5	0	0	0	163	0	0	0	0	0	0	30	0	0	0	207	0	2	136	149	0	0	0	0	181	0	0	8	1	364	0	4	212	0	0	0	0	0	0	0	0	0	0	0	0	0	0	0	0	24	432	0	0	0	107	2	0	0	0	0	0	0	0	0	0	0	0	0	0	0	5	0	12
0	1	0	0	0	54	0	0	0	0	0	0	24	33	0	0	24	0	41	258	69	6	72	129	1	19	0	0	128	0	0	0	8	0	3	0	0	12	0	6	0	0	0	0	0	0	0	0	0	0	0	66	0	0	107	0	94	1	0	0	0	0	0	0	0	0	0	12	0	29	6	1	0	2
0	38	184	0	2	20	0	0	16	589	0	0	95	19	150	1	18	7	373	471	30	10	8	0	0	25	1	0	8	11	580	0	15	35	8	3	0	4	0	8	0	8	0	188	45	2	0	14	0	3	15	0	110	0	2	94	0	4	29	0	8	14	0	0	0	26	11	1	0	251	13	45	6	224
14	40	0	0	0	214	0	0	0	2	0	0	74	10	20	0	178	15	20	38	164	0	0	0	0	160	0	0	210	1	86	0	7	340	2	0	0	2	0	0	0	0	0	0	0	0	0	0	0	0	1	93	0	0	0	1	4	0	8	0	0	0	0	0	0	0	2	0	0	0	0	40	6	272
0	47	8	0	0	0	0	24	0	3	0	0	95	5	0	0	40	0	138	0	8	2	0	0	0	0	0	0	31	0	0	0	2	1	20	0	0	10	0	2	0	10	0	0	0	0	0	0	0	0	0	0	0	0	0	0	29	8	0	0	0	0	0	0	0	18	102	8	0	70	28	55	1	22
0	0	0	0	0	0	0	0	0	0	0	0	0	0	0	0	0	0	0	0	0	0	0	0	0	0	0	0	0	0	0	0	0	0	0	0	0	0	0	0	0	0	0	0	0	0	0	0	0	0	0	0	0	0	0	0	0	0	0	0	0	0	0	0	0	0	0	0	0	0	0	0	0	0
5	88	0	0	0	0	0	0	0	15	0	0	5	927	5	0	18	43	0	29	16	0	0	0	0	0	1	0	0	12	0	0	5	1	0	0	0	0	0	0	0	0	0	2	0	0	0	2	0	0	0	0	0	0	0	0	8	0	0	0	0	0	0	0	0	0	0	0	0	0	0	88	47	2
0	234	0	0	0	0	0	0	6	90	4	0	5	1223	5	0	2	57	0	22	17	0	0	0	0	1	0	0	0	1	0	248	2	6	0	0	0	0	0	0	0	0	0	4	0	0	0	7	0	0	0	0	0	0	0	0	14	0	0	0	0	0	0	0	0	11	0	0	3	0	0	234	90	28
0	0	0	0	0	0	0	0	0	0	0	0	0	0	0	0	0	0	0	0	0	0	0	0	0	0	0	0	0	0	0	0	0	0	0	0	0	0	0	0	0	0	0	0	0	0	0	0	0	0	0	0	0	0	0	0	0	0	0	0	0	0	0	0	0	0	0	0	0	0	0	0	0	0
0	86	0	0	0	0	0	0	0	2	18	0	2	40	0	0	0	1	0	3	2	0	0	0	0	0	0	0	0	0	2	378	0	2	0	0	0	0	0	0	0	0	0	0	0	0	0	0	0	0	0	0	0	0	0	0	0	0	0	0	0	0	0	0	0	0	0	0	0	0	0	80	1	0
0	0	0	0	0	0	0	0	0	0	0	0	0	0	0	0	0	0	0	0	0	0	0	0	0	0	0	0	0	0	0	0	0	0	0	0	0	0	0	0	0	0	0	0	0	0	0	0	0	0	0	0	0	0	0	0	0	0	0	0	0	0	0	0	0	0	0	0	0	0	0	0	0	0
0	8	18	3	0	0	0	0	0	429	0	0	0	22	137	0	0	17	5	29	0	0	0	0	0	0	16	0	0	3902	0	0	1	0	0	5	0	0	0	0	0	0	0	1	0	0	0	24	0	0	0	0	0	0	0	0	26	0	18	0	0	11	0	0	0	0	0	0	0	0	0	8	0	1
10	5	0	0	0	111	0	0	0	0	0	0	2	0	6	0	339	0	36	9	18	0	0	0	0	204	0	0	171	10	328	0	0	59	0	0	0	0	0	0	0	0	0	4	0	0	0	0	0	0	19	213	0	0	0	0	11	2	102	0	0	0	0	0	0	0	0	0	0	0	0	5	1	91
96	38	0	0	0	207	0	0	0	16	0	0	18	15	23	0	560	0	128	25	486	0	0	0	0	373	0	0	293	4	14	0	9	80	0	0	0	0	0	0	0	0	0	0	0	0	0	0	0	0	0	452	0	0	0	12	1	0	8	0	0	0	0	0	0	0	0	0	0	0	2	38	2	374
0	10	1	0	0	0	0	0	0	0	0	0	0	0	0	0	0	11	0	2	0	0	0	0	0	0	0	0	0	0	0	174	0	0	0	0	0	2	0	0	0	1	0	1	0	0	0	0	0	0	0	0	0	0	0	0	0	0	0	0	0	3	0	0	0	0	0	0	0	0	0	11	9	0
0	18	2	0	0	23	0	0	0	477	0	0	31	0	1	0	12	1	14	362	20	0	0	0	0	14	0	0	0	0	62	4	1	34	0	0	0	0	0	0	0	0	0	0	0	0	0	10	0	0	1	0	0	0	0	29	251	0	70	0	0	0	0	0	0	0	0	0	0	0	2	4	0	8
0	74	0	0	1	56	0	0	1	17	0	0	392	0	0	0	70	1	34	270	517	0	0	0	0	333	0	0	15	1	0	0	201	124	0	0	0	72	0	246	0	0	0	0	0	0	0	0	0	0	0	50	0	0	0	6	13	0	28	0	0	0	0	0	0	0	0	2	0	2	0	190	9	25
0	9	63	0	270	3	0	63	0	29	6	0	267	118	3	13	55	14	3	45	5	2	4	1	0	2	0	0	6	62	2	0	15	219	15	11	0	28	0	46	0	189	0	50	3	51	0	0	0	8	1	4	1	0	5	1	45	40	55	0	88	234	0	80	0	8	5	38	11	4	190	0	78	38
0	52	24	7	41	0	0	0	0	24	0	0	3	38	3	4	5	37	0	6	1	1	0	0	0	8	0	0	2	150	0	4	4	16	2	8	0	31	0	8	0	12	0	17	1	6	0	0	0	3	0	0	0	0	0	0	6	6	1	0	47	90	0	1	0	0	1	2	9	0	9	78	0	0
0	15	7	0	0	38	0	0	0	1	0	0	1	0	3	0	32	2	776	67	9	104	2	0	0	3	0	0	3	1	983	0	3	7	1	21	0	0	0	19	0	2	0	719	48	0	0	0	0	0	262	0	287	0	12	2	224	272	22	0	2	28	0	0	0	1	91	374	0	8	25	38	0	0
