0	6	0	0	0	101	0	0	0	0	0	0	2	0	0	2	62	0	33	3	0	323	2	133	101	11	0	0	0	0	6	0	46	15	138	0	0	0	0	40	0	0	0	0	29	5	0	4	0	4	1	28	3	0	256	2	0	103	0	3	0	0	0	0	0	0	81	302	0	13	0	3	0	6
6	52	11	3	53	1	0	118	6	6	76	0	555	20	0	97	10	3	27	51	2	2	0	0	1	2	5	0	0	0	4	0	16	104	9	13	0	0	0	195	0	30	0	5	0	59	5	1	0	0	0	0	1	0	4	5	46	102	20	393	29	18	0	389	0	2	3	3	7	7	25	29	163	1
0	11	0	0	0	0	0	1	0	394	24	0	0	289	123	0	0	33	0	1	0	0	0	0	0	2	317	0	0	0	61	0	1	1	2	25	0	0	0	0	0	7	0	46	0	0	0	425	0	0	0	2	0	0	0	4	285	2	132	9	0	181	0	65	0	147	0	0	5	0	0	11	57	0
0	3	0	0	0	0	0	0	3	19	0	0	0	0	0	0	5	1	0	0	0	0	0	0	1	1	269	0	0	0	0	0	0	0	7	143	0	0	0	0	0	0	0	0	0	0	0	88	0	0	0	0	0	0	0	0	0	0	0	1	8	0	0	0	0	379	0	3	0	0	0	3	1	0
0	53	0	0	0	0	0	31	1	11	556	0	131	93	0	0	7	27	0	3	1	0	0	2	1	4	10	0	0	0	11	0	2	23	3	18	0	0	0	0	2	14	0	0	0	0	0	22	0	0	0	7	0	0	0	0	1	24	0	16	0	815	0	536	0	1	2	0	30	0	0	31	215	0
101	1	0	0	0	0	0	0	0	340	0	0	0	0	14	0	190	0	0	6	88	17	0	2	55	176	0	0	0	0	100	0	13	0	1	0	0	0	0	0	0	0	0	6	0	0	0	92	0	0	2	107	0	0	19	0	180	31	0	3	0	0	0	0	0	0	0	0	0	0	0	1	0	125
0	0	0	0	0	0	0	0	0	1	0	0	0	0	88	0	1	5	0	0	0	0	0	0	0	14	0	0	0	0	0	0	0	0	0	41	0	0	0	0	113	0	0	350	0	0	0	0	0	0	0	0	0	0	1	0	2	0	0	0	0	0	0	0	0	0	0	0	2	0	2	0	1	0
0	118	1	0	31	0	0	0	7	1	1	0	446	10	0	0	387	0	0	7	320	0	0	0	0	13	31	0	0	0	0	0	593	1	51	0	0	0	0	679	0	0	2	0	0	6	0	0	0	0	0	2	0	0	0	31	17	97	368	619	0	0	0	80	0	0	0	0	0	55	226	125	1	0
0	6	0	3	1	0	0	7	0	0	0	0	15	31	0	7	0	2	6	0	4	2	0	0	0	2	0	0	0	0	1	0	6	4	5	0	0	0	0	8	0	0	0	1	3	3	0	0	0	1	0	2	0	0	2	0	2	2	6	20	3	0	0	0	0	0	1	0	1	6	10	0	0	0
0	6	394	19	11	340	1	1	0	0	36	0	5	7	565	36	2	59	187	235	1	0	0	0	0	0	73	0	0	0	127	0	9	0	0	437	0	0	0	2	19	457	0	780	0	1	11	1114	0	0	70	1	555	0	0	0	729	4	5	0	3	36	0	0	0	568	3	19	1	320	4	20	15	0
0	76	24	0	556	0	0	1	0	36	0	0	3	432	2	196	0	11	0	0	2	0	0	0	0	2	7	0	0	0	2	0	9	111	0	61	0	0	0	2	0	214	29	78	0	0	0	0	0	0	0	0	0	0	0	0	23	2	4	3	400	473	0	88	0	26	0	0	102	18	116	130	160	0
0	0	0	0	0	0	0	0	0	0	0	0	0	0	0	0	0	0	0	0	0	0	0	0	0	0	0	0	0	0	0	0	0	0	0	0	0	0	0	0	0	0	0	0	0	0	0	0	0	0	0	0	0	0	0	0	0	0	0	0	0	0	0	0	0	0	0	0	0	0	0	0	0	0
2	555	0	0	131	0	0	446	15	5	3	0	0	3	4	90	43	5	213	4	75	5	0	0	0	2	7	0	0	0	1	0	191	323	63	5	0	0	0	465	0	10	2	0	0	179	4	1	0	0	0	2	1	0	17	15	18	61	38	338	2	11	0	24	0	0	13	3	2	78	344	23	7	10
0	20	289	0	93	0	0	10	31	7	432	0	3	0	28	9	9	7	6	2	4	0	0	0	0	0	43	0	0	0	44	0	16	2	0	72	0	0	0	14	0	266	0	20	13	1	210	7	0	0	0	1	3	0	2	29	17	4	16	0	553	1356	0	213	0	25	7	0	50	17	10	81	124	0
0	0	123	0	0	14	88	0	0	565	2	0	4	28	0	1	1	22	65	0	0	0	0	0	0	1	3	0	0	0	3	0	0	1	1	325	0	0	0	1	112	424	0	553	0	0	5	487	0	0	0	1	37	0	0	0	142	28	11	2	0	35	0	2	0	224	2	2	6	102	2	4	4	3
2	97	0	0	0	0	0	0	7	36	196	0	90	9	1	0	1	19	0	1	0	1	0	0	0	0	0	0	0	0	27	0	1	10	2	11	0	0	0	0	0	0	0	0	0	0	0	10	0	0	0	0	0	0	1	0	6	11	0	0	0	116	0	147	0	0	5	0	7	0	0	10	48	1
62	10	0	5	7	190	1	387	0	2	0	0	43	9	1	1	0	0	4	13	113	38	3	6	3	293	0	0	0	0	14	0	331	105	24	1	0	0	0	478	0	31	0	4	49	25	2	1	0	0	6	220	58	0	54	3	11	121	11	42	13	70	0	0	0	0	172	65	2	7	30	11	13	6
0	3	33	1	27	0	5	0	2	59	11	0	5	7	22	19	0	0	3	0	0	4	0	0	0	0	0	0	0	0	2	0	13	14	3	18	0	0	0	0	0	31	0	83	0	0	6	45	0	795	4	0	25	0	0	0	23	37	3	3	5	77	0	0	0	15	16	0	18	2	0	32	29	2
33	27	0	0	0	0	0	0	6	187	0	0	213	6	65	0	4	3	0	341	42	51	0	4	0	57	13	0	0	0	120	0	32	39	79	0	0	0	0	12	0	22	5	36	0	0	0	339	0	0	27	87	6	0	24	171	527	308	528	275	0	0	0	0	0	0	14	10	0	21	15	9	2	3
3	51	1	0	3	6	0	7	0	235	0	0	4	2	0	1	13	0	341	0	3	10	141	187	52	6	1	0	0	0	102	0	41	30	21	0	0	0	0	51	0	7	0	0	161	45	1	201	0	0	185	10	199	0	277	359	671	97	127	146	7	31	0	0	0	4	18	4	0	363	64	3	3	41
0	2	0	0	1	88	0	320	4	1	2	0	75	4	0	0	113	0	42	3	0	7	0	1	1	762	24	0	0	0	3	0	601	144	121	18	0	0	0	546	0	0	1	0	24	44	1	0	0	0	3	413	130	0	148	61	12	41	9	29	1	24	0	0	0	0	3	147	0	19	36	0	2	44
323	2	0	0	0	17	0	0	2	0	0	0	5	0	0	1	38	4	51	10	7	0	0	337	204	57	2	0	0	0	109	0	28	14	158	2	0	0	0	8	0	1	0	0	6	13	0	2	0	0	64	198	4	0	515	9	0	291	67	64	0	0	0	0	0	0	149	188	0	15	1	4	0	81
2	0	0	0	0	0	0	0	0	0	0	0	0	0	0	0	3	0	0	141	0	0	0	344	8	1	0	0	0	0	0	0	0	0	0	0	0	0	0	0	0	0	0	0	0	0	0	0	0	0	0	0	0	0	117	126	14	0	14	28	0	0	0	0	0	0	0	0	0	0	0	0	0	0
133	0	0	0	2	2	0	0	0	0	0	0	0	0	0	0	6	0	4	187	1	337	344	0	959	0	0	0	0	0	28	0	6	14	34	0	0	0	0	2	0	0	0	0	0	0	0	0	0	0	0	6	60	0	314	307	10	37	0	0	0	1	0	0	0	0	0	310	0	0	0	0	0	0
101	1	0	1	1	55	0	0	0	0	0	0	0	0	0	0	3	0	0	52	1	204	8	959	0	4	3	0	0	0	15	0	1	1	14	0	0	0	0	0	0	0	0	0	0	0	0	0	0	0	7	1	59	0	148	185	20	12	0	0	0	0	0	0	0	0	0	88	0	0	0	1	0	3
11	2	2	1	4	176	14	13	2	0	2	0	2	0	1	0	293	0	57	6	762	57	1	0	4	0	19	0	0	0	38	0	659	83	52	2	0	0	0	609	0	1	1	1	37	10	0	7	0	0	3	591	246	0	147	35	12	60	8	34	0	21	0	0	0	2	112	138	0	26	61	5	11	19
0	5	317	269	10	0	0	31	0	73	7	0	7	43	3	0	0	0	13	1	24	2	0	0	3	19	0	0	0	0	2	0	6	3	18	538	0	0	0	8	47	13	0	12	0	2	12	189	0	0	0	20	0	0	11	0	1	2	7	7	15	19	0	5	0	717	2	15	4	10	7	15	8	0
0	0	0	0	0	0	0	0	0	0	0	0	0	0	0	0	0	0	0	0	0	0	0	0	0	0	0	0	0	0	0	0	0	0	0	0	0	0	0	0	0	0	0	0	0	0	0	0	0	0	0	0	0	0	0	0	0	0	0	0	0	0	0	0	0	0	0	0	0	0	0	0	0	0
0	0	0	0	0	0	0	0	0	0	0	0	0	0	0	0	0	0	0	0	0	0	0	0	0	0	0	0	0	0	0	0	0	0	0	0	0	0	0	0	0	0	0	0	0	0	0	0	0	0	0	0	0	0	0	0	0	0	0	0	0	0	0	0	0	0	0	0	0	0	0	0	0	0
0	0	0	0	0	0	0	0	0	0	0	0	0	0	0	0	0	0	0	0	0	0	0	0	0	0	0	0	0	0	0	0	0	0	0	0	0	0	0	0	0	0	0	0	0	0	0	0	0	0	0	0	0	0	0	0	0	0	0	0	0	0	0	0	0	0	0	0	0	0	0	0	0	0
6	4	61	0	11	100	0	0	1	127	2	0	1	44	3	27	14	2	120	102	3	109	0	28	15	38	2	0	0	0	0	0	6	8	9	11	0	0	0	4	0	101	0	125	170	14	105	29	0	0	418	8	262	0	176	0	481	231	59	2	0	23	0	76	0	2	143	40	11	70	4	9	9	71
0	0	0	0	0	0	0	0	0	0	0	0	0	0	0	0	0	0	0	0	0	0	0	0	0	0	0	0	0	0	0	0	0	0	0	0	0	0	0	0	0	0	0	0	0	0	0	0	0	0	0	0	0	0	0	0	0	0	0	0	0	0	0	0	0	0	0	0	0	0	0	0	0	0
46	16	1	0	2	13	0	593	6	9	9	0	191	16	0	1	331	13	32	41	601	28	0	6	1	659	6	0	0	0	6	0	0	10	201	7	0	0	0	163	0	3	3	0	12	8	0	1	0	0	2	299	13	0	26	9	11	150	29	235	3	60	0	0	0	0	8	26	0	15	20	6	9	2
15	104	1	0	23	0	0	1	4	0	111	0	323	2	1	10	105	14	39	30	144	14	0	14	1	83	3	0	0	0	8	0	10	0	35	2	0	0	0	48	0	2	0	0	7	12	0	1	0	0	1	173	15	0	40	2	19	232	92	272	0	18	0	98	0	0	22	11	0	4	39	17	95	7
138	9	2	7	3	1	0	51	5	0	0	0	63	0	1	2	24	3	79	21	121	158	0	34	14	52	18	0	0	0	9	0	201	35	0	0	0	0	0	225	0	5	6	0	17	10	1	0	0	0	2	409	16	0	16	39	31	431	496	231	3	3	0	0	0	0	150	215	0	33	69	9	0	1
0	13	25	143	18	0	41	0	0	437	61	0	5	72	325	11	1	18	0	0	18	2	0	0	0	2	538	0	0	0	11	0	7	2	0	0	0	0	0	0	59	75	0	202	1	0	4	408	0	0	1	1	0	0	0	0	20	0	3	0	16	62	0	2	0	485	4	0	29	3	0	23	36	0
0	0	0	0	0	0	0	0	0	0	0	0	0	0	0	0	0	0	0	0	0	0	0	0	0	0	0	0	0	0	0	0	0	0	0	0	0	0	0	0	0	0	0	0	0	0	0	0	0	0	0	0	0	0	0	0	0	0	0	0	0	0	0	0	0	0	0	0	0	0	0	0	0	0
0	0	0	0	0	0	0	0	0	0	0	0	0	0	0	0	0	0	0	0	0	0	0	0	0	0	0	0	0	0	0	0	0	0	0	0	0	0	0	0	0	0	0	0	0	0	0	0	0	0	0	0	0	0	0	0	0	0	0	0	0	0	0	0	0	0	0	0	0	0	0	0	0	0
0	0	0	0	0	0	0	0	0	0	0	0	0	0	0	0	0	0	0	0	0	0	0	0	0	0	0	0	0	0	0	0	0	0	0	0	0	0	0	0	0	0	0	0	0	0	0	0	0	0	0	0	0	0	0	0	0	0	0	0	0	0	0	0	0	0	0	0	0	0	0	0	0	0
40	195	0	0	0	0	0	679	8	2	2	0	465	14	1	0	478	0	12	51	546	8	0	2	0	609	8	0	0	0	4	0	163	48	225	0	0	0	0	0	0	0	3	0	7	0	0	0	0	0	0	279	0	0	9	9	10	156	56	630	0	1	0	1	0	0	0	0	0	4	6	25	4	3
0	0	0	0	2	0	113	0	0	19	0	0	0	0	112	0	0	0	0	0	0	0	0	0	0	0	47	0	0	0	0	0	0	0	0	59	0	0	0	0	0	0	0	182	0	0	0	104	0	0	0	0	0	0	0	0	0	2	0	0	7	1	0	0	0	72	0	0	0	0	0	2	5	0
0	30	7	0	14	0	0	0	0	457	214	0	10	266	424	0	31	31	22	7	0	1	0	0	0	1	13	0	0	0	101	0	3	2	5	75	0	0	0	0	0	0	7	441	0	0	94	439	0	0	0	0	0	0	1	0	51	431	820	24	0	574	0	12	0	6	8	0	39	22	75	30	127	0
0	0	0	0	0	0	0	2	0	0	29	0	2	0	0	0	0	0	5	0	1	0	0	0	0	1	0	0	0	0	0	0	3	0	6	0	0	0	0	3	0	7	0	0	0	0	0	0	0	0	0	0	2	0	0	0	3	6	11	6	0	0	0	0	0	0	6	0	100	0	6	0	0	0
0	5	46	0	0	6	350	0	1	780	78	0	0	20	553	0	4	83	36	0	0	0	0	0	0	1	12	0	0	0	125	0	0	0	0	202	0	0	0	0	182	441	0	0	0	0	0	928	0	0	91	0	60	0	3	0	178	185	0	0	0	25	0	0	0	143	1	0	0	0	0	13	32	2
29	0	0	0	0	0	0	0	3	0	0	0	0	13	0	0	49	0	0	161	24	6	0	0	0	37	0	0	0	0	170	0	12	7	17	1	0	0	0	7	0	0	0	0	0	0	0	0	0	0	98	18	0	0	156	11	52	4	2	0	0	0	0	0	0	0	15	0	0	0	0	0	3	3
5	59	0	0	0	0	0	6	3	1	0	0	179	1	0	0	25	0	0	45	44	13	0	0	0	10	2	0	0	0	14	0	8	12	10	0	0	0	0	0	0	0	0	0	0	0	0	0	0	0	1	2	0	0	4	2	7	99	122	159	0	47	0	2	0	0	0	0	0	0	0	4	29	1
0	5	0	0	0	0	0	0	0	11	0	0	4	210	5	0	2	6	0	1	1	0	0	0	0	0	12	0	0	0	105	0	0	0	1	4	0	0	0	0	0	94	0	0	0	0	0	5	0	0	0	0	0	0	1	0	3	6	440	1	0	29	0	50	0	0	0	0	6	0	0	5	18	0
4	1	425	88	22	92	0	0	0	1114	0	0	1	7	487	10	1	45	339	201	0	2	0	0	0	7	189	0	0	0	29	0	1	1	0	408	0	0	0	0	104	439	0	928	0	0	5	0	0	0	15	6	256	0	9	0	1017	9	1	1	2	22	0	1	0	629	0	1	0	480	0	10	10	0
0	0	0	0	0	0	0	0	0	0	0	0	0	0	0	0	0	0	0	0	0	0	0	0	0	0	0	0	0	0	0	0	0	0	0	0	0	0	0	0	0	0	0	0	0	0	0	0	0	0	0	0	0	0	0	0	0	0	0	0	0	0	0	0	0	0	0	0	0	0	0	0	0	0
4	0	0	0	0	0	0	0	1	0	0	0	0	0	0	0	0	795	0	0	0	0	0	0	0	0	0	0	0	0	0	0	0	0	0	0	0	0	0	0	0	0	0	0	0	0	0	0	0	0	0	0	0	0	0	0	0	0	0	0	0	0	0	1	0	0	0	0	0	0	0	0	1	0
1	0	0	0	0	2	0	0	0	70	0	0	0	0	0	0	6	4	27	185	3	64	0	0	7	3	0	0	0	0	418	0	2	1	2	1	0	0	0	0	0	0	0	91	98	1	0	15	0	0	0	0	78	0	131	0	227	37	0	0	0	0	0	0	0	0	54	0	0	98	0	0	0	133
28	0	2	0	7	107	0	2	2	1	0	0	2	1	1	0	220	0	87	10	413	198	0	6	1	591	20	0	0	0	8	0	299	173	409	1	0	0	0	279	0	0	0	0	18	2	0	6	0	0	0	0	259	0	159	47	9	142	2	14	1	7	0	0	0	0	268	80	0	20	140	4	0	68
3	1	0	0	0	0	0	0	0	555	0	0	1	3	37	0	58	25	6	199	130	4	0	60	59	246	0	0	0	0	262	0	13	15	16	0	0	0	0	0	0	0	2	60	0	0	0	256	0	0	78	259	0	0	19	1	295	90	0	23	0	3	0	0	0	0	0	0	0	4	1	1	2	167
0	0	0	0	0	0	0	0	0	0	0	0	0	0	0	0	0	0	0	0	0	0	0	0	0	0	0	0	0	0	0	0	0	0	0	0	0	0	0	0	0	0	0	0	0	0	0	0	0	0	0	0	0	0	0	0	0	0	0	0	0	0	0	0	0	0	0	0	0	0	0	0	0	0
256	4	0	0	0	19	1	0	2	0	0	0	17	2	0	1	54	0	24	277	148	515	117	314	148	147	11	0	0	0	176	0	26	40	16	0	0	0	0	9	0	1	0	3	156	4	1	9	0	0	131	159	19	0	0	368	15	62	3	21	0	15	0	1	0	0	27	376	1	12	13	2	19	2
2	5	4	0	0	0	0	31	0	0	0	0	15	29	0	0	3	0	171	359	61	9	126	307	185	35	0	0	0	0	0	0	9	2	39	0	0	0	0	9	0	0	0	0	11	2	0	0	0	0	0	47	1	0	368	0	402	5	47	16	1	0	0	2	0	0	0	39	0	161	5	2	1	0
0	46	285	0	1	180	2	17	2	729	23	0	18	17	142	6	11	23	527	671	12	0	14	10	20	12	1	0	0	0	481	0	11	19	31	20	0	0	0	10	0	51	3	178	52	7	3	1017	0	0	227	9	295	0	15	402	0	241	504	135	2	89	0	7	0	135	20	4	7	402	46	18	61	131
103	102	2	0	24	31	0	97	2	4	2	0	61	4	28	11	121	37	308	97	41	291	0	37	12	60	2	0	0	0	231	0	150	232	431	0	0	0	0	156	2	431	6	185	4	99	6	9	0	0	37	142	90	0	62	5	241	0	1148	540	5	79	0	3	0	1	517	237	3	113	383	36	34	160
0	20	132	0	0	0	0	368	6	5	4	0	38	16	11	0	11	3	528	127	9	67	14	0	0	8	7	0	0	0	59	0	29	92	496	3	0	0	0	56	0	820	11	0	2	122	440	1	0	0	0	2	0	0	3	47	504	1148	0	1539	4	53	0	30	0	0	1114	10	52	729	649	176	10	0
3	393	9	1	16	3	0	619	20	0	3	0	338	0	2	0	42	3	275	146	29	64	28	0	0	34	7	0	0	0	2	0	235	272	231	0	0	0	0	630	0	24	6	0	0	159	1	1	0	0	0	14	23	0	21	16	135	540	1539	0	0	0	0	175	0	0	133	107	1	233	434	88	0	20
0	29	0	8	0	0	0	0	3	3	400	0	2	553	0	0	13	5	0	7	1	0	0	0	0	0	15	0	0	0	0	0	3	0	3	16	0	0	0	0	7	0	0	0	0	0	0	2	0	0	0	1	0	0	0	1	2	5	4	0	0	454	0	3	0	0	1	0	0	0	0	29	82	0
0	18	181	0	815	0	0	0	0	36	473	0	11	1356	35	116	70	77	0	31	24	0	0	1	0	21	19	0	0	0	23	0	60	18	3	62	0	0	0	1	1	574	0	25	0	47	29	22	0	0	0	7	3	0	15	0	89	79	53	0	454	0	0	22	0	15	2	7	120	17	1	170	252	26
0	0	0	0	0	0	0	0	0	0	0	0	0	0	0	0	0	0	0	0	0	0	0	0	0	0	0	0	0	0	0	0	0	0	0	0	0	0	0	0	0	0	0	0	0	0	0	0	0	0	0	0	0	0	0	0	0	0	0	0	0	0	0	0	0	0	0	0	0	0	0	0	0	0
0	389	65	0	536	0	0	80	0	0	88	0	24	213	2	147	0	0	0	0	0	0	0	0	0	0	5	0	0	0	76	0	0	98	0	2	0	0	0	1	0	12	0	0	0	2	50	1	0	1	0	0	0	0	1	2	7	3	30	175	3	22	0	0	0	0	0	0	88	2	18	71	193	0
0	0	0	0	0	0	0	0	0	0	0	0	0	0	0	0	0	0	0	0	0	0	0	0	0	0	0	0	0	0	0	0	0	0	0	0	0	0	0	0	0	0	0	0	0	0	0	0	0	0	0	0	0	0	0	0	0	0	0	0	0	0	0	0	0	0	0	0	0	0	0	0	0	0
0	2	147	379	1	0	0	0	0	568	26	0	0	25	224	0	0	15	0	4	0	0	0	0	0	2	717	0	0	0	2	0	0	0	0	485	0	0	0	0	72	6	0	143	0	0	0	629	0	0	0	0	0	0	0	0	135	1	0	0	0	15	0	0	0	0	0	0	7	0	0	2	0	0
81	3	0	0	2	0	0	0	1	3	0	0	13	7	2	5	172	16	14	18	3	149	0	0	0	112	2	0	0	0	143	0	8	22	150	4	0	0	0	0	0	8	6	1	15	0	0	0	0	0	54	268	0	0	27	0	20	517	1114	133	1	2	0	0	0	0	0	0	1	0	4	3	2	66
302	3	0	3	0	0	0	0	0	19	0	0	3	0	2	0	65	0	10	4	147	188	0	310	88	138	15	0	0	0	40	0	26	11	215	0	0	0	0	0	0	0	0	0	0	0	0	1	0	0	0	80	0	0	376	39	4	237	10	107	0	7	0	0	0	0	0	0	0	0	0	1	1	139
0	7	5	0	30	0	2	0	1	1	102	0	2	50	6	7	2	18	0	0	0	0	0	0	0	0	4	0	0	0	11	0	0	0	0	29	0	0	0	0	0	39	100	0	0	0	6	0	0	0	0	0	0	0	1	0	7	3	52	1	0	120	0	88	0	7	1	0	0	3	0	7	5	0
13	7	0	0	0	0	0	55	6	320	18	0	78	17	102	0	7	2	21	363	19	15	0	0	0	26	10	0	0	0	70	0	15	4	33	3	0	0	0	4	0	22	0	0	0	0	0	480	0	0	98	20	4	0	12	161	402	113	729	233	0	17	0	2	0	0	0	0	3	0	10	3	10	5
0	25	0	0	0	0	2	226	10	4	116	0	344	10	2	0	30	0	15	64	36	1	0	0	0	61	7	0	0	0	4	0	20	39	69	0	0	0	0	6	0	75	6	0	0	0	0	0	0	0	0	140	1	0	13	5	46	383	649	434	0	1	0	18	0	0	4	0	0	10	0	19	2	2
3	29	11	3	31	1	0	125	0	20	130	0	23	81	4	10	11	32	9	3	0	4	0	0	1	5	15	0	0	0	9	0	6	17	9	23	0	0	0	25	2	30	0	13	0	4	5	10	0	0	0	4	1	0	2	2	18	36	176	88	29	170	0	71	0	2	3	1	7	3	19	0	66	0
0	163	57	1	215	0	1	1	0	15	160	0	7	124	4	48	13	29	2	3	2	0	0	0	0	11	8	0	0	0	9	0	9	95	0	36	0	0	0	4	5	127	0	32	3	29	18	10	0	1	0	0	2	0	19	1	61	34	10	0	82	252	0	193	0	0	2	1	5	10	2	66	0	5
6	1	0	0	0	125	0	0	0	0	0	0	10	0	3	1	6	2	3	41	44	81	0	0	3	19	0	0	0	0	71	0	2	7	1	0	0	0	0	3	0	0	0	2	3	1	0	0	0	0	133	68	167	0	2	0	131	160	0	20	0	26	0	0	0	0	66	139	0	5	2	0	5	0
