0	0	0	0	0	2	0	0	0	1	0	0	0	0	0	0	10	0	14	0	9	159	0	39	80	6	0	0	9	0	1	0	2	8	18	0	0	1	0	0	0	0	0	0	31	0	0	0	0	2	0	106	2	0	120	0	0	1	0	0	5	0	0	0	0	0	78	89	0	1	0	0	0	5
0	0	62	0	203	0	0	31	0	3	0	0	85	26	0	13	4	10	5	17	0	1	7	0	1	0	0	0	12	1	1	3	47	88	11	10	0	37	0	84	0	186	0	35	3	17	0	0	0	0	0	0	1	0	4	7	33	44	8	0	88	197	0	38	0	8	6	9	10	23	43	0	54	1
0	62	0	0	0	28	0	0	0	543	0	0	8	275	83	0	8	33	2	13	10	0	0	0	0	10	8	0	56	9	0	7	0	1	0	0	0	0	0	0	0	0	0	8	0	0	0	28	0	0	0	13	0	0	0	0	238	8	0	0	0	0	0	0	0	0	0	0	1	4	0	62	24	4
0	0	0	0	0	0	0	0	0	1	0	0	0	0	6	0	1	2	0	3	0	0	0	0	0	0	7	0	0	1358	4	0	0	0	0	0	0	0	0	0	0	0	0	0	0	0	0	5	0	0	0	0	0	0	0	0	0	0	0	0	0	0	0	0	0	2	0	0	0	0	0	0	7	0
0	203	0	0	0	0	0	0	0	26	0	0	115	74	2	0	0	19	0	14	0	0	0	0	0	0	0	0	0	91	0	6	2	143	0	0	0	0	0	0	0	0	0	2	0	0	0	7	0	0	0	0	0	0	0	0	2	1	2	0	0	0	0	0	0	0	0	0	0	0	1	201	41	0
2	0	28	0	0	0	0	0	0	0	0	0	7	0	0	0	789	0	189	3	503	39	12	5	0	367	0	0	311	0	4	0	114	103	242	0	0	5	0	404	0	2	0	0	293	0	0	0	0	0	0	0	0	0	79	49	2	34	0	0	0	0	0	0	0	0	7	163	0	20	29	2	0	34
0	0	0	0	0	0	0	0	0	0	0	0	0	0	0	0	0	0	0	0	0	0	0	0	0	0	0	0	0	3	0	0	0	0	0	0	0	0	0	0	0	0	0	0	0	0	0	0	0	0	0	0	0	0	0	0	0	0	0	0	0	0	0	0	0	0	0	0	0	0	0	0	0	0
0	31	0	0	0	0	0	0	0	0	0	0	524	0	0	0	222	0	0	176	105	0	0	0	0	3	0	0	10	0	0	141	8	26	0	0	0	0	0	0	0	0	0	0	0	0	0	0	0	0	0	1	0	0	0	1	0	0	46	0	0	0	0	0	0	0	0	0	0	0	0	15	0	0
0	0	0	0	0	0	0	0	0	0	0	0	0	0	0	0	0	0	0	0	0	0	0	0	0	0	0	0	1	0	0	0	0	0	0	0	0	0	0	0	0	0	0	0	0	0	0	0	0	5	0	0	0	0	0	0	0	0	0	0	0	0	0	0	0	0	0	0	0	0	0	0	0	0
1	3	543	1	26	0	0	0	0	0	9	0	2	45	603	0	3	109	177	260	0	0	1	0	0	1	3	0	4	0	256	0	10	0	0	166	0	17	0	1	0	190	0	1240	2	6	0	19	0	0	56	0	289	0	0	0	781	6	3	0	19	60	0	3	0	450	1	16	0	426	37	6	26	1
0	0	0	0	0	0	0	0	0	9	0	0	1	16	0	0	0	6	0	48	0	0	0	0	0	0	0	0	0	0	0	0	0	0	0	0	0	0	0	0	0	22	0	0	0	0	0	0	0	0	0	0	0	0	0	0	0	0	0	0	32	0	0	18	0	0	0	0	0	0	0	28	24	0
0	0	0	0	0	0	0	0	0	0	0	0	0	0	0	0	0	0	0	0	0	0	0	0	0	0	0	0	0	0	0	0	0	0	0	0	0	0	0	0	0	0	0	0	0	0	0	0	0	0	0	0	0	0	0	0	0	0	0	0	0	0	0	0	0	0	0	0	0	0	0	0	0	0
0	85	8	0	115	7	0	524	0	2	1	0	0	3	5	7	246	2	133	19	118	1	13	0	2	3	0	0	115	0	0	158	659	1349	54	0	0	15	0	728	0	3	0	2	2	273	0	0	0	0	0	0	0	0	21	24	78	72	54	0	5	3	0	12	0	0	1	23	0	90	300	262	5	15
0	26	275	0	74	0	0	0	0	45	16	0	3	0	1	0	1	6	3	5	1	0	12	0	0	0	0	0	1	0	0	7	11	16	0	13	0	290	0	3	0	205	0	217	0	24	0	0	0	0	0	0	0	0	0	31	8	201	11	1	1047	1004	0	102	0	24	0	15	0	19	0	166	41	1
0	0	83	6	2	0	0	0	0	603	0	0	5	1	0	1	5	27	97	2	0	0	16	0	0	0	2	0	4	0	7	0	6	1	4	246	0	10	0	4	0	337	0	1051	0	0	0	3	0	0	0	0	0	0	0	0	188	20	28	0	5	5	0	0	0	71	7	23	0	53	0	3	3	4
0	13	0	0	0	0	0	0	0	0	0	0	7	0	1	0	0	0	0	4	13	0	0	0	0	1	0	0	0	0	0	0	0	0	0	0	0	0	0	0	0	0	0	0	0	0	0	0	0	0	0	0	0	0	0	0	1	0	0	0	0	0	0	0	0	0	0	0	0	0	0	13	4	0
10	4	8	1	0	789	0	222	0	3	0	0	246	1	5	0	0	6	111	2	1450	103	4	6	35	861	0	0	172	0	19	0	461	245	56	4	0	16	0	791	0	1	0	3	309	1	0	0	0	0	1	313	2	0	255	17	17	38	8	0	18	3	0	0	0	0	397	639	0	12	47	17	5	22
0	10	33	2	19	0	0	0	0	109	6	0	2	6	27	0	6	0	0	0	0	0	3	0	0	0	0	0	0	4	9	0	12	4	0	10	0	30	0	3	0	2	0	129	2	3	0	5	0	491	0	0	16	0	0	0	6	17	0	0	43	54	0	1	0	23	0	0	11	1	1	20	37	2
14	5	2	0	0	189	0	0	0	177	0	0	133	3	97	0	111	0	0	328	49	6	2	0	0	69	0	0	449	0	106	0	17	10	6	0	0	2	0	4	0	2	0	94	8	0	0	0	0	0	0	0	8	0	0	40	377	26	50	0	0	0	0	0	0	5	2	12	0	20	8	5	0	564
0	17	13	3	14	3	0	176	0	260	48	0	19	5	2	4	2	0	328	0	141	1	44	0	81	67	0	0	19	0	182	2	185	57	19	0	0	20	0	205	0	52	0	0	308	4	0	0	0	0	3	2	185	0	207	388	613	38	3	0	32	22	0	3	0	29	12	51	2	490	331	51	6	88
9	0	10	0	0	503	0	105	0	0	0	0	118	1	0	13	1450	0	49	141	0	96	1	1	0	984	0	0	154	0	7	0	577	268	116	1	0	3	0	722	0	3	0	0	230	13	0	0	0	0	1	355	0	0	115	55	19	45	20	0	14	14	0	0	0	0	6	441	0	17	460	2	1	10
159	1	0	0	0	39	0	0	0	0	0	0	1	0	0	0	103	0	6	1	96	0	0	0	0	83	0	0	42	0	305	0	4	11	0	0	0	0	0	0	0	0	0	2	0	0	0	0	0	0	25	331	0	0	0	6	10	1	0	0	0	0	0	0	0	0	0	0	0	0	0	1	1	81
0	7	0	0	0	12	0	0	0	1	0	0	13	12	16	0	4	3	2	44	1	0	0	0	0	2	0	0	27	0	4	0	0	9	0	0	0	0	0	0	0	0	0	0	0	0	0	0	0	0	0	0	0	0	0	3	7	0	0	0	0	0	0	0	0	0	0	0	0	0	0	0	0	2
39	0	0	0	0	5	0	0	0	0	0	0	0	0	0	0	6	0	0	0	1	0	0	0	46	2	0	0	0	0	6	0	0	0	0	0	0	0	0	0	0	0	0	0	0	0	0	0	0	0	0	129	0	0	0	21	0	0	0	0	0	0	0	0	0	0	0	0	0	0	0	0	0	0
80	1	0	0	0	0	0	0	0	0	0	0	2	0	0	0	35	0	0	81	0	0	0	46	0	15	0	0	0	0	14	0	2	2	0	0	0	0	0	0	0	0	0	0	0	0	0	0	0	0	4	43	0	0	0	9	47	0	0	0	0	0	0	0	0	0	0	0	0	0	0	1	0	1
6	0	10	0	0	367	0	3	0	1	0	0	3	0	0	1	861	0	69	67	984	83	2	2	15	0	0	0	196	0	3	0	661	60	60	0	0	0	0	628	0	0	0	1	266	1	0	0	0	0	0	180	1	0	236	19	10	19	3	0	0	0	0	0	0	0	296	368	0	15	285	3	8	2
0	0	8	7	0	0	0	0	0	3	0	0	0	0	2	0	0	0	0	0	0	0	0	0	0	0	0	0	0	550	0	0	0	0	0	6	0	0	0	0	0	0	0	3	0	0	0	0	0	0	0	0	0	0	0	0	1	0	0	0	1	0	0	0	0	16	0	0	0	0	0	0	0	0
0	0	0	0	0	0	0	0	0	0	0	0	0	0	0	0	0	0	0	0	0	0	0	0	0	0	0	0	0	0	0	0	0	0	0	0	0	0	0	0	0	0	0	0	0	0	0	0	0	0	0	0	0	0	0	0	0	0	0	0	0	0	0	0	0	0	0	0	0	0	0	0	0	0
9	12	56	0	0	311	0	10	1	4	0	0	115	1	4	0	172	0	449	19	154	42	27	0	0	196	0	0	0	0	2	2	195	21	303	0	0	246	0	423	0	0	0	14	29	2	0	0	0	0	0	138	0	0	8	128	16	233	28	0	0	0	0	0	0	0	174	298	0	0	14	11	2	25
0	1	9	1358	91	0	3	0	0	0	0	0	0	0	0	0	0	4	0	0	0	0	0	0	0	0	550	0	0	0	0	0	0	2	0	2223	0	10	0	0	0	0	0	10	0	0	0	0	0	0	0	0	0	0	0	0	11	1	0	0	12	0	0	0	0	3234	0	0	0	0	1	20	150	0
1	1	0	4	0	4	0	0	0	256	0	0	0	0	7	0	19	9	106	182	7	305	4	6	14	3	0	0	2	0	0	0	0	4	0	0	0	13	0	9	0	0	0	378	230	118	0	0	0	0	659	1	98	0	343	0	464	86	0	0	0	0	0	2	0	0	298	12	0	62	0	1	0	875
0	3	7	0	6	0	0	141	0	0	0	0	158	7	0	0	0	0	0	2	0	0	0	0	0	0	0	0	2	0	0	0	1	563	2	0	0	0	0	0	0	19	0	0	0	484	0	0	0	0	0	0	0	0	0	0	0	0	0	0	0	248	0	378	0	0	0	0	174	4	0	0	4	0
2	47	0	0	2	114	0	8	0	10	0	0	659	11	6	0	461	12	17	185	577	4	0	0	2	661	0	0	195	0	0	1	0	11	17	0	0	18	0	22	0	4	0	6	2	0	0	7	0	0	0	92	0	0	4	8	16	1	11	0	5	4	0	0	0	1	4	15	0	2	196	23	4	4
8	88	1	0	143	103	0	26	0	0	0	0	1349	16	1	0	245	4	10	57	268	11	9	0	2	60	0	0	21	2	4	563	11	0	12	0	0	3	0	206	0	1	0	7	3	342	0	0	0	0	0	19	0	0	102	0	25	316	2	0	0	4	0	0	0	0	40	82	0	7	108	65	16	6
18	11	0	0	0	242	0	0	0	0	0	0	54	0	4	0	56	0	6	19	116	0	0	0	0	60	0	0	303	0	0	2	17	12	0	0	0	0	0	0	0	0	0	0	0	0	0	0	0	0	0	171	0	0	0	3	5	4	16	0	0	0	0	0	0	0	0	0	0	0	0	10	2	1
0	10	0	0	0	0	0	0	0	166	0	0	0	13	246	0	4	10	0	0	1	0	0	0	0	0	6	0	0	2223	0	0	0	0	0	0	0	0	0	0	0	0	0	170	0	0	0	16	0	0	0	0	0	0	0	0	2	1	0	0	0	0	0	0	0	2	0	0	0	0	0	10	8	21
0	0	0	0	0	0	0	0	0	0	0	0	0	0	0	0	0	0	0	0	0	0	0	0	0	0	0	0	0	0	0	0	0	0	0	0	0	0	0	0	0	0	0	0	0	0	0	0	0	0	0	0	0	0	0	0	0	0	0	0	0	0	0	0	0	0	0	0	0	0	0	0	0	0
1	37	0	0	0	5	0	0	0	17	0	0	15	290	10	0	16	30	2	20	3	0	0	0	0	0	0	0	246	10	13	0	18	3	0	0	0	0	0	0	0	0	0	6	0	0	0	0	0	0	0	0	0	0	0	12	4	44	66	0	0	0	0	0	0	0	0	0	2	1	72	37	30	0
0	0	0	0	0	0	0	0	0	0	0	0	0	0	0	0	0	0	0	0	0	0	0	0	0	0	0	0	0	0	0	0	0	0	0	0	0	0	0	0	0	0	0	0	0	0	0	0	0	0	0	0	0	0	0	0	0	0	0	0	0	0	0	0	0	0	0	0	0	0	0	0	0	0
0	84	0	0	0	404	0	0	0	1	0	0	728	3	4	0	791	3	4	205	722	0	0	0	0	628	0	0	423	0	9	0	22	206	0	0	0	0	0	0	0	0	0	0	0	0	0	0	0	0	0	193	0	0	0	5	5	0	2	0	0	0	0	0	0	0	0	0	0	0	246	43	8	17
0	0	0	0	0	0	0	0	0	0	0	0	0	0	0	0	0	0	0	0	0	0	0	0	0	0	0	0	0	0	0	0	0	0	0	0	0	0	0	0	0	0	0	0	0	0	0	0	0	0	0	0	0	0	0	0	0	0	0	0	0	0	0	0	0	0	0	0	0	0	0	0	0	0
0	186	0	0	0	2	0	0	0	190	22	0	3	205	337	0	1	2	2	52	3	0	0	0	0	0	0	0	0	0	0	19	4	1	0	0	0	0	0	0	0	0	0	378	0	0	0	3	0	0	0	0	0	0	0	0	28	40	230	0	0	0	0	0	0	0	0	0	1	2	0	186	11	2
0	0	0	0	0	0	0	0	0	0	0	0	0	0	0	0	0	0	0	0	0	0	0	0	0	0	0	0	0	0	0	0	0	0	0	0	0	0	0	0	0	0	0	0	0	0	0	0	0	0	0	0	0	0	0	0	0	0	0	0	0	0	0	0	0	0	0	0	0	0	0	0	0	0
0	35	8	0	2	0	0	0	0	1240	0	0	2	217	1051	0	3	129	94	0	0	2	0	0	0	1	3	0	14	10	378	0	6	7	0	170	0	6	0	0	0	378	0	0	0	0	0	32	0	0	58	0	712	0	0	2	336	1	4	0	2	4	0	0	0	60	4	0	1	92	0	41	17	837
31	3	0	0	0	293	0	0	0	2	0	0	2	0	0	0	309	2	8	308	230	0	0	0	0	266	0	0	29	0	230	0	2	3	0	0	0	0	0	0	0	0	0	0	0	0	0	0	0	0	27	0	0	0	0	0	108	0	0	0	0	0	0	0	0	0	0	0	0	0	0	3	1	61
0	17	0	0	0	0	0	0	0	6	0	0	273	24	0	0	1	3	0	4	13	0	0	0	0	1	0	0	2	0	118	484	0	342	0	0	0	0	0	0	0	0	0	0	0	0	0	0	0	0	1	0	0	0	0	0	2	0	0	0	0	0	0	0	0	0	0	0	0	0	0	13	6	1
0	0	0	0	0	0	0	0	0	0	0	0	0	0	0	0	0	0	0	0	0	0	0	0	0	0	0	0	0	0	0	0	0	0	0	0	0	0	0	0	0	0	0	0	0	0	0	0	0	0	0	0	0	0	0	0	0	0	0	0	0	0	0	0	0	0	0	0	0	0	0	0	0	0
0	0	28	5	7	0	0	0	0	19	0	0	0	0	3	0	0	5	0	0	0	0	0	0	0	0	0	0	0	0	0	0	7	0	0	16	0	0	0	0	0	3	0	32	0	0	0	0	0	0	0	0	0	0	0	0	18	0	0	0	2	7	0	2	0	31	0	0	0	12	0	3	0	0
0	0	0	0	0	0	0	0	0	0	0	0	0	0	0	0	0	0	0	0	0	0	0	0	0	0	0	0	0	0	0	0	0	0	0	0	0	0	0	0	0	0	0	0	0	0	0	0	0	0	0	0	0	0	0	0	0	0	0	0	0	0	0	0	0	0	0	0	0	0	0	0	0	0
2	0	0	0	0	0	0	0	5	0	0	0	0	0	0	0	0	491	0	0	0	0	0	0	0	0	0	0	0	0	0	0	0	0	0	0	0	0	0	0	0	0	0	0	0	0	0	0	0	0	0	0	0	0	0	0	0	0	0	0	0	0	0	0	0	0	0	0	0	0	0	0	3	0
0	0	0	0	0	0	0	0	0	56	0	0	0	0	0	0	1	0	0	3	1	25	0	0	4	0	0	0	0	0	659	0	0	0	0	0	0	0	0	0	0	0	0	58	27	1	0	0	0	0	0	0	0	0	24	0	0	1	0	0	0	0	0	0	0	0	19	0	0	1	0	1	0	184
106	0	13	0	0	0	0	1	0	0	0	0	0	0	0	0	313	0	0	2	355	331	0	129	43	180	0	0	138	0	1	0	92	19	171	0	0	0	0	193	0	0	0	0	0	0	0	0	0	0	0	0	0	0	248	62	0	93	0	0	0	0	0	0	0	0	213	279	0	0	50	3	0	0
2	1	0	0	0	0	0	0	0	289	0	0	0	0	0	0	2	16	8	185	0	0	0	0	0	1	0	0	0	0	98	0	0	0	0	0	0	0	0	0	0	0	0	712	0	0	0	0	0	0	0	0	0	0	0	0	236	2	0	0	0	0	0	0	0	0	0	0	0	6	0	1	0	407
0	0	0	0	0	0	0	0	0	0	0	0	0	0	0	0	0	0	0	0	0	0	0	0	0	0	0	0	0	0	0	0	0	0	0	0	0	0	0	0	0	0	0	0	0	0	0	0	0	0	0	0	0	0	0	0	0	0	0	0	0	0	0	0	0	0	0	0	0	0	0	0	0	0
120	4	0	0	0	79	0	0	0	0	0	0	21	0	0	0	255	0	0	207	115	0	0	0	0	236	0	0	8	0	343	0	4	102	0	0	0	0	0	0	0	0	0	0	0	0	0	0	0	0	24	248	0	0	0	48	9	0	0	0	0	0	0	0	0	0	0	0	0	0	0	4	0	10
0	7	0	0	0	49	0	1	0	0	0	0	24	31	0	0	17	0	40	388	55	6	3	21	9	19	0	0	128	0	0	0	8	0	3	0	0	12	0	5	0	0	0	2	0	0	0	0	0	0	0	62	0	0	48	0	210	1	0	0	0	0	0	0	0	0	0	16	0	39	10	7	0	2
0	33	238	0	2	2	0	0	0	781	0	0	78	8	188	1	17	6	377	613	19	10	7	0	47	10	1	0	16	11	464	0	16	25	5	2	0	4	0	5	0	28	0	336	108	2	0	18	0	0	0	0	236	0	9	210	0	3	45	2	10	10	0	0	0	61	14	1	0	365	12	41	6	332
1	44	8	0	1	34	0	0	0	6	0	0	72	201	20	0	38	17	26	38	45	1	0	0	0	19	0	0	233	1	86	0	1	316	4	1	0	44	0	0	0	40	0	1	0	0	0	0	0	0	1	93	2	0	0	1	3	0	0	4	148	11	0	0	0	0	4	0	0	8	0	52	14	251
0	8	0	0	2	0	0	46	0	3	0	0	54	11	28	0	8	0	50	3	20	0	0	0	0	3	0	0	28	0	0	0	11	2	16	0	0	66	0	2	0	230	0	4	0	0	0	0	0	0	0	0	0	0	0	0	45	0	0	3	0	0	0	0	0	18	390	0	0	184	16	26	1	7
0	0	0	0	0	0	0	0	0	0	0	0	0	1	0	0	0	0	0	0	0	0	0	0	0	0	0	0	0	0	0	0	0	0	0	0	0	0	0	0	0	0	0	0	0	0	0	0	0	0	0	0	0	0	0	0	2	4	3	0	0	0	0	0	0	0	0	0	0	0	0	0	0	0
5	88	0	0	0	0	0	0	0	19	32	0	5	1047	5	0	18	43	0	32	14	0	0	0	0	0	1	0	0	12	0	0	5	0	0	0	0	0	0	0	0	0	0	2	0	0	0	2	0	0	0	0	0	0	0	0	10	148	0	0	0	0	0	0	0	0	0	0	0	0	0	88	47	4
0	197	0	0	0	0	0	0	0	60	0	0	3	1004	5	0	3	54	0	22	14	0	0	0	0	0	0	0	0	0	0	248	4	4	0	0	0	0	0	0	0	0	0	4	0	0	0	7	0	0	0	0	0	0	0	0	10	11	0	0	0	0	0	0	0	11	0	0	3	0	0	197	90	27
0	0	0	0	0	0	0	0	0	0	0	0	0	0	0	0	0	0	0	0	0	0	0	0	0	0	0	0	0	0	0	0	0	0	0	0	0	0	0	0	0	0	0	0	0	0	0	0	0	0	0	0	0	0	0	0	0	0	0	0	0	0	0	0	0	0	0	0	0	0	0	0	0	0
0	38	0	0	0	0	0	0	0	3	18	0	12	102	0	0	0	1	0	3	0	0	0	0	0	0	0	0	0	0	2	378	0	0	0	0	0	0	0	0	0	0	0	0	0	0	0	2	0	0	0	0	0	0	0	0	0	0	0	0	0	0	0	0	0	0	0	0	0	0	0	37	1	0
0	0	0	0	0	0	0	0	0	0	0	0	0	0	0	0	0	0	0	0	0	0	0	0	0	0	0	0	0	0	0	0	0	0	0	0	0	0	0	0	0	0	0	0	0	0	0	0	0	0	0	0	0	0	0	0	0	0	0	0	0	0	0	0	0	0	0	0	0	0	0	0	0	0
0	8	0	2	0	0	0	0	0	450	0	0	0	24	71	0	0	23	5	29	0	0	0	0	0	0	16	0	0	3234	0	0	1	0	0	2	0	0	0	0	0	0	0	60	0	0	0	31	0	0	0	0	0	0	0	0	61	0	18	0	0	11	0	0	0	0	0	0	0	0	0	8	0	1
78	6	0	0	0	7	0	0	0	1	0	0	1	0	7	0	397	0	2	12	6	0	0	0	0	296	0	0	174	0	298	0	4	40	0	0	0	0	0	0	0	0	0	4	0	0	0	0	0	0	19	213	0	0	0	0	14	4	390	0	0	0	0	0	0	0	0	0	0	1	0	6	1	46
89	9	0	0	0	163	0	0	0	16	0	0	23	15	23	0	639	0	12	51	441	0	0	0	0	368	0	0	298	0	12	0	15	82	0	0	0	0	0	0	0	0	0	0	0	0	0	0	0	0	0	279	0	0	0	16	1	0	0	0	0	0	0	0	0	0	0	0	0	0	2	9	2	230
0	10	1	0	0	0	0	0	0	0	0	0	0	0	0	0	0	11	0	2	0	0	0	0	0	0	0	0	0	0	0	174	0	0	0	0	0	2	0	0	0	1	0	1	0	0	0	0	0	0	0	0	0	0	0	0	0	0	0	0	0	3	0	0	0	0	0	0	0	0	0	11	9	0
1	23	4	0	0	20	0	0	0	426	0	0	90	19	53	0	12	1	20	490	17	0	0	0	0	15	0	0	0	0	62	4	2	7	0	0	0	1	0	0	0	2	0	92	0	0	0	12	0	0	1	0	6	0	0	39	365	8	184	0	0	0	0	0	0	0	1	0	0	0	2	7	0	36
0	43	0	0	1	29	0	0	0	37	0	0	300	0	0	0	47	1	8	331	460	0	0	0	0	285	0	0	14	1	0	0	196	108	0	0	0	72	0	246	0	0	0	0	0	0	0	0	0	0	0	50	0	0	0	10	12	0	16	0	0	0	0	0	0	0	0	2	0	2	0	164	9	26
0	0	62	0	201	2	0	15	0	6	28	0	262	166	3	13	17	20	5	51	2	1	0	0	1	3	0	0	11	20	1	0	23	65	10	10	0	37	0	43	0	186	0	41	3	13	0	3	0	0	1	3	1	0	4	7	41	52	26	0	88	197	0	37	0	8	6	9	11	7	164	0	80	10
0	54	24	7	41	0	0	0	0	26	24	0	5	41	3	4	5	37	0	6	1	1	0	0	0	8	0	0	2	150	0	4	4	16	2	8	0	30	0	8	0	11	0	17	1	6	0	0	0	3	0	0	0	0	0	0	6	14	1	0	47	90	0	1	0	0	1	2	9	0	9	80	0	0
5	1	4	0	0	34	0	0	0	1	0	0	15	1	4	0	22	2	564	88	10	81	2	0	1	2	0	0	25	0	875	0	4	6	1	21	0	0	0	17	0	2	0	837	61	1	0	0	0	0	184	0	407	0	10	2	332	251	7	0	4	27	0	0	0	1	46	230	0	36	26	10	0	0
