0	0	0	7	1	20	16	0	0	8	0	0	24	0	1	10	16	0	29	1	41	252	0	330	70	12	0	0	43	0	27	0	26	5	177	0	0	0	0	31	23	1	0	0	2	0	0	0	0	5	13	90	74	0	249	53	1	45	1	0	0	0	0	0	0	0	128	265	0	1	0	8	0	76
0	0	4	0	22	0	1	17	0	6	4	0	8	8	0	2	0	1	0	3	0	2	1	0	0	0	0	0	2	0	2	0	8	14	0	0	0	0	0	9	1	9	0	2	0	1	2	1	0	0	0	0	0	0	0	0	7	5	6	9	0	5	0	4	0	5	3	2	4	7	7	0	3	2
0	4	0	0	1	0	0	5	0	264	15	0	0	72	208	0	0	8	0	0	6	0	0	0	0	0	55	0	2	0	41	0	1	0	0	0	0	0	0	1	89	0	0	0	1	0	0	0	0	0	0	1	0	0	1	0	96	0	8	5	0	134	0	0	0	0	0	0	16	4	0	0	7	0
7	0	0	0	0	0	0	0	0	0	0	0	0	0	0	0	0	0	0	0	0	0	0	0	0	1	0	0	0	0	0	0	0	0	10	1	0	0	0	0	0	0	0	0	0	0	0	0	0	0	0	0	0	0	0	1	0	0	0	124	0	1	0	0	0	1	4	0	0	0	23	0	0	1
1	22	1	0	0	0	0	86	0	4	322	0	279	42	3	23	4	5	14	1	18	0	0	0	2	7	10	0	47	0	21	0	34	124	12	0	0	0	0	142	1	80	0	0	8	0	5	0	0	0	0	0	0	0	12	0	14	5	0	31	0	357	0	102	0	0	0	0	32	4	8	43	640	1
20	0	0	0	0	0	0	0	0	0	0	0	1	0	13	0	323	0	0	9	226	52	0	8	0	267	0	0	66	0	2	0	1	0	5	0	0	0	0	7	0	0	0	0	44	0	0	0	0	0	0	413	0	0	3	0	1	0	0	0	0	0	0	0	0	0	0	0	0	0	0	0	1	0
16	1	0	0	0	0	0	38	0	6	1	0	53	2	73	0	8	3	0	0	0	0	0	0	0	0	0	0	0	0	0	0	0	0	1	0	0	0	0	0	109	0	0	118	74	0	0	0	0	0	0	0	0	0	0	0	0	0	0	0	0	0	0	0	0	0	0	0	0	0	0	0	0	0
0	17	5	0	86	0	38	0	0	15	1	0	458	12	4	0	175	43	6	102	323	2	0	0	0	34	0	0	65	0	8	0	50	0	1	3	0	0	0	189	2	0	0	8	20	0	1	0	0	0	1	22	0	0	16	2	19	0	14	240	0	8	0	0	0	0	1	1	31	14	1	22	1	0
0	0	0	0	0	0	0	0	0	0	0	0	0	0	0	0	0	1	0	0	0	0	0	0	0	0	0	0	0	0	0	0	0	0	0	0	0	0	0	0	0	0	0	0	0	0	0	0	0	4	1	0	0	0	0	0	0	0	0	0	0	0	0	0	0	0	0	0	0	0	0	0	0	0
8	6	264	0	4	0	6	15	0	0	9	0	1	18	870	16	0	56	174	7	0	0	0	0	0	0	6	0	0	0	294	0	27	4	0	55	0	0	0	0	265	168	0	435	6	0	2	567	0	5	417	0	439	0	0	4	537	17	0	0	0	59	0	0	0	169	4	0	13	13	117	30	7	2
0	4	15	0	322	0	1	1	0	9	0	0	4	219	17	31	0	0	2	26	1	0	2	0	0	1	0	0	0	0	6	0	34	79	0	0	0	0	0	3	6	189	0	18	0	0	14	0	0	0	0	1	0	0	4	0	6	3	4	0	0	819	0	23	0	0	0	0	5	3	30	83	535	0
0	0	0	0	0	0	0	0	0	0	0	0	0	0	0	0	0	0	0	0	0	0	0	0	0	0	0	0	0	0	0	0	0	0	0	0	0	0	0	0	0	0	0	0	0	0	0	0	0	0	0	0	0	0	0	0	0	0	0	0	0	0	0	0	0	0	0	0	0	0	0	0	0	0
24	8	0	0	279	1	53	458	0	1	4	0	0	5	12	22	336	0	130	42	266	5	5	5	0	10	1	0	168	0	1	0	323	382	65	0	0	0	0	981	42	7	0	1	5	82	0	1	0	0	0	9	0	0	46	4	76	61	72	444	0	6	0	19	0	0	8	1	5	10	150	85	12	15
0	8	72	0	42	0	2	12	0	18	219	0	5	0	89	0	0	2	1	1	1	1	12	0	0	0	8	0	0	0	95	0	1	0	1	3	0	0	0	3	16	87	0	1	3	0	42	2	0	0	0	4	0	0	0	22	12	0	57	9	0	842	0	0	0	1	0	0	40	10	0	9	119	0
1	0	208	0	3	13	73	4	0	870	17	0	12	89	0	18	18	36	85	4	6	16	0	2	0	14	4	0	25	0	24	0	15	3	19	284	0	0	0	12	85	629	0	758	30	0	5	626	0	0	1	33	13	0	4	0	415	72	22	1	0	20	0	4	0	157	5	0	10	133	50	9	4	35
10	2	0	0	23	0	0	0	0	16	31	0	22	0	18	0	1	0	0	0	0	0	0	0	0	1	0	0	0	0	0	0	0	0	10	0	0	0	0	3	5	0	0	0	2	0	0	0	0	0	0	0	0	0	7	0	0	0	0	0	0	109	0	0	0	0	0	0	0	0	0	0	124	0
16	0	0	0	4	323	8	175	0	0	0	0	336	0	18	1	0	0	103	5	600	73	1	25	1	483	0	0	118	0	2	0	280	89	54	0	0	0	0	523	4	5	0	8	40	0	0	0	0	0	3	949	52	0	165	2	9	39	1	40	0	1	0	1	0	1	102	12	1	4	86	10	3	0
0	1	8	0	5	0	3	43	1	56	0	0	0	2	36	0	0	0	0	1	0	0	1	0	0	0	2	0	0	0	62	0	14	1	0	16	0	0	0	0	28	17	0	48	14	4	22	56	0	644	25	0	44	0	0	4	4	3	0	0	0	58	0	0	0	0	1	0	24	12	0	17	18	6
29	0	0	0	14	0	0	6	0	174	2	0	130	1	85	0	103	0	0	74	177	42	0	58	2	144	2	0	188	0	93	0	6	0	141	0	0	0	0	299	3	0	0	0	26	0	0	0	0	0	177	463	2	0	3	3	97	0	8	352	0	3	0	0	0	0	0	0	0	0	0	0	0	0
1	3	0	0	1	9	0	102	0	7	26	0	42	1	4	0	5	1	74	0	314	28	3	21	4	158	0	0	15	0	1	0	252	20	137	0	0	0	0	420	32	2	0	0	16	0	0	17	0	0	0	100	54	0	17	126	40	66	21	105	0	8	0	0	0	5	4	51	15	14	229	18	1	11
41	0	6	0	18	226	0	323	0	0	1	0	266	1	6	0	600	0	177	314	0	230	1	8	1	880	0	0	151	0	13	0	604	303	183	1	0	0	0	964	47	0	0	0	45	9	3	0	0	0	0	1200	71	0	62	45	9	134	11	17	0	1	0	0	0	0	13	1	0	1	215	2	2	10
252	2	0	0	0	52	0	2	0	0	0	0	5	1	16	0	73	0	42	28	230	0	0	1410	408	290	0	0	269	0	156	0	48	40	403	0	0	0	0	81	5	0	0	0	84	0	0	0	0	0	191	656	49	0	413	36	11	546	4	361	0	0	0	0	0	0	455	395	58	5	2	2	1	145
0	1	0	0	0	0	0	0	0	0	2	0	5	12	0	0	1	1	0	3	1	0	0	114	0	6	0	0	7	0	0	0	0	0	2	0	0	0	0	10	0	0	0	0	0	0	0	0	0	0	0	16	0	0	1	0	2	37	2	270	0	3	0	0	0	0	0	0	81	0	0	0	6	0
330	0	0	0	0	8	0	0	0	0	0	0	5	0	2	0	25	0	58	21	8	1410	114	0	1431	19	0	0	64	0	152	0	42	24	185	0	0	0	0	31	7	0	0	0	201	0	0	0	0	0	34	273	376	0	795	1048	57	41	0	6	0	0	0	2	0	0	6	1286	0	2	253	0	4	152
70	0	0	0	2	0	0	0	0	0	0	0	0	0	0	0	1	0	2	4	1	408	0	1431	0	2	0	0	4	0	13	0	0	0	6	0	0	0	0	0	0	0	0	1	14	0	0	0	0	0	54	10	65	0	111	72	78	1	0	5	0	0	0	0	0	0	0	73	0	0	4	0	0	3
12	0	0	1	7	267	0	34	0	0	1	0	10	0	14	1	483	0	144	158	880	290	6	19	2	0	0	0	140	0	10	0	759	79	208	0	0	0	0	1062	20	1	0	0	20	0	1	0	0	0	2	1213	126	0	139	39	11	146	14	89	0	47	0	0	0	0	244	10	28	5	143	7	1	8
0	0	55	0	10	0	0	0	0	6	0	0	1	8	4	0	0	2	2	0	0	0	0	0	0	0	0	0	3	0	8	0	1	0	2	89	0	0	0	2	344	2	0	4	1	0	14	14	0	0	0	0	0	0	0	0	0	1	5	0	0	7	0	0	0	181	0	0	0	0	0	2	1	0
0	0	0	0	0	0	0	0	0	0	0	0	0	0	0	0	0	0	0	0	0	0	0	0	0	0	0	0	0	0	0	0	0	0	0	0	0	0	0	0	0	0	0	0	0	0	0	0	0	0	0	0	0	0	0	0	0	0	0	0	0	0	0	0	0	0	0	0	0	0	0	0	0	0
43	2	2	0	47	66	0	65	0	0	0	0	168	0	25	0	118	0	188	15	151	269	7	64	4	140	3	0	0	0	13	0	189	16	522	1	0	0	0	590	9	20	0	0	11	4	1	0	0	0	1	625	2	0	25	62	38	301	257	239	0	3	0	0	0	0	239	203	1	3	32	6	6	0
0	0	0	0	0	0	0	0	0	0	0	0	0	0	0	0	0	0	0	0	0	0	0	0	0	0	0	0	0	0	0	0	0	0	0	0	0	0	0	0	0	0	0	0	0	0	0	0	0	0	0	0	0	0	0	0	0	0	0	0	0	0	0	0	0	0	0	0	0	0	0	0	0	0
27	2	41	0	21	2	0	8	0	294	6	0	1	95	24	0	2	62	93	1	13	156	0	152	13	10	8	0	13	0	0	0	10	9	8	1	0	0	0	8	6	3	0	165	155	0	101	37	0	0	975	15	563	0	263	0	288	10	1	1	0	112	0	1	0	0	192	96	51	33	22	21	6	105
0	0	0	0	0	0	0	0	0	0	0	0	0	0	0	0	0	0	0	0	0	0	0	0	0	0	0	0	0	0	0	0	0	0	0	0	0	0	0	0	0	0	0	0	0	0	0	0	0	0	0	0	0	0	0	0	0	0	0	0	0	0	0	0	0	0	0	0	0	0	0	0	0	0
26	8	1	0	34	1	0	50	0	27	34	0	323	1	15	0	280	14	6	252	604	48	0	42	0	759	1	0	189	0	10	0	10	3	85	0	0	0	0	249	12	4	0	2	35	0	2	1	0	0	0	734	0	0	3	22	6	116	6	236	0	168	0	2	0	0	4	0	102	9	13	8	25	2
5	14	0	0	124	0	0	0	0	4	79	0	382	0	3	0	89	1	0	20	303	40	0	24	0	79	0	0	16	0	9	0	3	0	10	0	0	0	0	176	1	0	0	0	11	0	0	0	0	0	0	106	0	0	5	2	3	74	4	310	0	13	0	0	0	0	0	0	94	0	0	0	406	0
177	0	0	10	12	5	1	1	0	0	0	0	65	1	19	10	54	0	141	137	183	403	2	185	6	208	2	0	522	0	8	0	85	10	0	0	0	0	0	416	19	3	0	1	10	0	0	0	0	0	1	831	45	0	24	39	25	307	105	734	0	17	0	0	0	0	56	73	84	6	2	0	6	2
0	0	0	1	0	0	0	3	0	55	0	0	0	3	284	0	0	16	0	0	1	0	0	0	0	0	89	0	1	0	1	0	0	0	0	0	0	0	0	0	64	0	0	202	0	0	0	0	0	0	0	0	0	0	0	0	6	0	0	0	0	0	0	0	0	22	0	0	1	0	0	0	2	0
0	0	0	0	0	0	0	0	0	0	0	0	0	0	0	0	0	0	0	0	0	0	0	0	0	0	0	0	0	0	0	0	0	0	0	0	0	0	0	0	0	0	0	0	0	0	0	0	0	0	0	0	0	0	0	0	0	0	0	0	0	0	0	0	0	0	0	0	0	0	0	0	0	0
0	0	0	0	0	0	0	0	0	0	0	0	0	0	0	0	0	0	0	0	0	0	0	0	0	0	0	0	0	0	0	0	0	0	0	0	0	0	0	0	0	0	0	0	0	0	0	0	0	0	0	0	0	0	0	0	0	0	0	0	0	0	0	0	0	0	0	0	0	0	0	0	0	0
0	0	0	0	0	0	0	0	0	0	0	0	0	0	0	0	0	0	0	0	0	0	0	0	0	0	0	0	0	0	0	0	0	0	0	0	0	0	0	0	0	0	0	0	0	0	0	0	0	0	0	0	0	0	0	0	0	0	0	0	0	0	0	0	0	0	0	0	0	0	0	0	0	0
31	9	1	0	142	7	0	189	0	0	3	0	981	3	12	3	523	0	299	420	964	81	10	31	0	1062	2	0	590	0	8	0	249	176	416	0	0	0	0	0	12	0	0	0	43	11	0	0	0	0	0	1218	19	0	57	9	49	119	9	1265	0	52	0	1	0	0	0	0	60	5	92	15	2	4
23	1	89	0	1	0	109	2	0	265	6	0	42	16	85	5	4	28	3	32	47	5	0	7	0	20	344	0	9	0	6	0	12	1	19	64	0	0	0	12	0	2	0	267	54	0	18	271	0	0	12	34	0	0	0	25	18	16	6	11	0	85	0	0	0	107	0	0	11	2	3	11	6	7
1	9	0	0	80	0	0	0	0	168	189	0	7	87	629	0	5	17	0	2	0	0	0	0	0	1	2	0	20	0	3	0	4	0	3	0	0	0	0	0	2	0	0	46	9	0	59	4	0	0	0	1	0	0	0	0	34	18	116	6	0	436	0	0	0	0	7	0	25	1	0	0	66	0
0	0	0	0	0	0	0	0	0	0	0	0	0	0	0	0	0	0	0	0	0	0	0	0	0	0	0	0	0	0	0	0	0	0	0	0	0	0	0	0	0	0	0	0	0	0	0	0	0	0	0	0	0	0	0	0	0	0	0	0	0	0	0	0	0	0	0	0	0	0	0	0	0	0
0	2	0	0	0	0	118	8	0	435	18	0	1	1	758	0	8	48	0	0	0	0	0	0	1	0	4	0	0	0	165	0	2	0	1	202	0	0	0	0	267	46	0	0	64	0	0	264	0	0	100	0	24	0	1	0	49	0	0	0	0	33	0	0	0	3	0	0	15	1	0	7	22	0
2	0	1	0	8	44	74	20	0	6	0	0	5	3	30	2	40	14	26	16	45	84	0	201	14	20	1	0	11	0	155	0	35	11	10	0	0	0	0	43	54	9	0	64	0	13	0	0	0	0	84	103	84	0	61	13	58	25	3	25	0	49	0	1	0	1	60	48	1	0	10	14	1	13
0	1	0	0	0	0	0	0	0	0	0	0	82	0	0	0	0	4	0	0	9	0	0	0	0	0	0	0	4	0	0	0	0	0	0	0	0	0	0	11	0	0	0	0	13	0	0	0	0	0	0	1	0	0	0	0	0	0	0	11	0	3	0	0	0	0	0	0	0	0	0	0	111	0
0	2	0	0	5	0	0	1	0	2	14	0	0	42	5	0	0	22	0	0	3	0	0	0	0	1	14	0	1	0	101	0	2	0	0	0	0	0	0	0	18	59	0	0	0	0	0	0	0	0	0	0	0	0	4	0	3	0	6	3	0	61	0	0	0	0	0	0	16	4	0	0	3	0
0	1	0	0	0	0	0	0	0	567	0	0	1	2	626	0	0	56	0	17	0	0	0	0	0	0	14	0	0	0	37	0	1	0	0	0	0	0	0	0	271	4	0	264	0	0	0	0	0	0	49	0	0	0	0	0	238	0	0	0	0	1	0	0	0	29	0	0	2	3	0	0	2	0
0	0	0	0	0	0	0	0	0	0	0	0	0	0	0	0	0	0	0	0	0	0	0	0	0	0	0	0	0	0	0	0	0	0	0	0	0	0	0	0	0	0	0	0	0	0	0	0	0	0	0	0	0	0	0	0	0	0	0	0	0	0	0	0	0	0	0	0	0	0	0	0	0	0
5	0	0	0	0	0	0	0	4	5	0	0	0	0	0	0	0	644	0	0	0	0	0	0	0	0	0	0	0	0	0	0	0	0	0	0	0	0	0	0	0	0	0	0	0	0	0	0	0	0	0	0	0	0	0	0	0	0	0	0	0	0	0	0	0	0	0	0	0	0	0	0	0	0
13	0	0	0	0	0	0	1	1	417	0	0	0	0	1	0	3	25	177	0	0	191	0	34	54	2	0	0	1	0	975	0	0	0	1	0	0	0	0	0	12	0	0	100	84	0	0	49	0	0	0	1	339	0	180	5	240	36	0	0	0	0	0	0	0	0	144	106	0	3	31	3	0	128
90	0	1	0	0	413	0	22	0	0	1	0	9	4	33	0	949	0	463	100	1200	656	16	273	10	1213	0	0	625	0	15	0	734	106	831	0	0	0	0	1218	34	1	0	0	103	1	0	0	0	0	1	0	150	0	230	95	31	274	4	5	0	0	0	0	0	0	531	2	154	5	15	9	1	21
74	0	0	0	0	0	0	0	0	439	0	0	0	0	13	0	52	44	2	54	71	49	0	376	65	126	0	0	2	0	563	0	0	0	45	0	0	0	0	19	0	0	0	24	84	0	0	0	0	0	339	150	0	0	10	0	216	50	0	2	0	0	0	0	0	0	0	0	1	1	0	0	0	0
0	0	0	0	0	0	0	0	0	0	0	0	0	0	0	0	0	0	0	0	0	0	0	0	0	0	0	0	0	0	0	0	0	0	0	0	0	0	0	0	0	0	0	0	0	0	0	0	0	0	0	0	0	0	0	0	0	0	0	0	0	0	0	0	0	0	0	0	0	0	0	0	0	0
249	0	1	0	12	3	0	16	0	0	4	0	46	0	4	7	165	0	3	17	62	413	1	795	111	139	0	0	25	0	263	0	3	5	24	0	0	0	0	57	0	0	0	1	61	0	4	0	0	0	180	230	10	0	0	185	0	5	0	63	0	0	0	0	0	0	7	100	0	0	79	0	4	0
53	0	0	1	0	0	0	2	0	4	0	0	4	22	0	0	2	4	3	126	45	36	0	1048	72	39	0	0	62	0	0	0	22	2	39	0	0	0	0	9	25	0	0	0	13	0	0	0	0	0	5	95	0	0	185	0	90	57	74	197	0	0	0	0	0	0	0	15	37	10	32	0	0	0
1	7	96	0	14	1	0	19	0	537	6	0	76	12	415	0	9	4	97	40	9	11	2	57	78	11	0	0	38	0	288	0	6	3	25	6	0	0	0	49	18	34	0	49	58	0	3	238	0	0	240	31	216	0	0	90	0	56	51	71	0	67	0	0	0	38	11	6	3	102	109	2	3	85
45	5	0	0	5	0	0	0	0	17	3	0	61	0	72	0	39	3	0	66	134	546	37	41	1	146	1	0	301	0	10	0	116	74	307	0	0	0	0	119	16	18	0	0	25	0	0	0	0	0	36	274	50	0	5	57	56	0	255	819	0	82	0	0	0	0	281	0	186	2	0	0	15	247
1	6	8	0	0	0	0	14	0	0	4	0	72	57	22	0	1	0	8	21	11	4	2	0	0	14	5	0	257	0	1	0	6	4	105	0	0	0	0	9	6	116	0	0	3	0	6	0	0	0	0	4	0	0	0	74	51	255	0	1092	0	37	0	0	0	0	180	4	50	5	14	4	1	0
0	9	5	124	31	0	0	240	0	0	0	0	444	9	1	0	40	0	352	105	17	361	270	6	5	89	0	0	239	0	1	0	236	310	734	0	0	0	0	1265	11	6	0	0	25	11	3	0	0	0	0	5	2	0	63	197	71	819	1092	0	0	0	0	65	0	0	303	126	292	25	67	104	1	2
0	0	0	0	0	0	0	0	0	0	0	0	0	0	0	0	0	0	0	0	0	0	0	0	0	0	0	0	0	0	0	0	0	0	0	0	0	0	0	0	0	0	0	0	0	0	0	0	0	0	0	0	0	0	0	0	0	0	0	0	0	0	0	0	0	0	0	0	0	0	0	0	0	0
0	5	134	1	357	0	0	8	0	59	819	0	6	842	20	109	1	58	3	8	1	0	3	0	0	47	7	0	3	0	112	0	168	13	17	0	0	0	0	52	85	436	0	33	49	3	61	1	0	0	0	0	0	0	0	0	67	82	37	0	0	0	0	3	0	2	1	0	39	10	7	87	500	24
0	0	0	0	0	0	0	0	0	0	0	0	0	0	0	0	0	0	0	0	0	0	0	0	0	0	0	0	0	0	0	0	0	0	0	0	0	0	0	0	0	0	0	0	0	0	0	0	0	0	0	0	0	0	0	0	0	0	0	0	0	0	0	0	0	0	0	0	0	0	0	0	0	0
0	4	0	0	102	0	0	0	0	0	23	0	19	0	4	0	1	0	0	0	0	0	0	2	0	0	0	0	0	0	1	0	2	0	0	0	0	0	0	1	0	0	0	0	1	0	0	0	0	0	0	0	0	0	0	0	0	0	0	65	0	3	0	0	0	0	0	0	13	0	0	0	150	0
0	0	0	0	0	0	0	0	0	0	0	0	0	0	0	0	0	0	0	0	0	0	0	0	0	0	0	0	0	0	0	0	0	0	0	0	0	0	0	0	0	0	0	0	0	0	0	0	0	0	0	0	0	0	0	0	0	0	0	0	0	0	0	0	0	0	0	0	0	0	0	0	0	0
0	5	0	1	0	0	0	0	0	169	0	0	0	1	157	0	1	0	0	5	0	0	0	0	0	0	181	0	0	0	0	0	0	0	0	22	0	0	0	0	107	0	0	3	1	0	0	29	0	0	0	0	0	0	0	0	38	0	0	0	0	2	0	0	0	0	0	0	0	0	0	1	1	0
128	3	0	4	0	0	0	1	0	4	0	0	8	0	5	0	102	1	0	4	13	455	0	6	0	244	0	0	239	0	192	0	4	0	56	0	0	0	0	0	0	7	0	0	60	0	0	0	0	0	144	531	0	0	7	0	11	281	180	303	0	1	0	0	0	0	0	0	100	0	0	0	1	0
265	2	0	0	0	0	0	1	0	0	0	0	1	0	0	0	12	0	0	51	1	395	0	1286	73	10	0	0	203	0	96	0	0	0	73	0	0	0	0	0	0	0	0	0	48	0	0	0	0	0	106	2	0	0	100	15	6	0	4	126	0	0	0	0	0	0	0	0	0	0	0	0	0	0
0	4	16	0	32	0	0	31	0	13	5	0	5	40	10	0	1	24	0	15	0	58	81	0	0	28	0	0	1	0	51	0	102	94	84	1	0	0	0	60	11	25	0	15	1	0	16	2	0	0	0	154	1	0	0	37	3	186	50	292	0	39	0	13	0	0	100	0	0	17	0	7	22	0
1	7	4	0	4	0	0	14	0	13	3	0	10	10	133	0	4	12	0	14	1	5	0	2	0	5	0	0	3	0	33	0	9	0	6	0	0	0	0	5	2	1	0	1	0	0	4	3	0	0	3	5	1	0	0	10	102	2	5	25	0	10	0	0	0	0	0	0	17	0	2	6	3	0
0	7	0	23	8	0	0	1	0	117	30	0	150	0	50	0	86	0	0	229	215	2	0	253	4	143	0	0	32	0	22	0	13	0	2	0	0	0	0	92	3	0	0	0	10	0	0	0	0	0	31	15	0	0	79	32	109	0	14	67	0	7	0	0	0	0	0	0	0	2	0	0	1	0
8	0	0	0	43	0	0	22	0	30	83	0	85	9	9	0	10	17	0	18	2	2	0	0	0	7	2	0	6	0	21	0	8	0	0	0	0	0	0	15	11	0	0	7	14	0	0	0	0	0	3	9	0	0	0	0	2	0	4	104	0	87	0	0	0	1	0	0	7	6	0	0	119	0
0	3	7	0	640	1	0	1	0	7	535	0	12	119	4	124	3	18	0	1	2	1	6	4	0	1	1	0	6	0	6	0	25	406	6	2	0	0	0	2	6	66	0	22	1	111	3	2	0	0	0	1	0	0	4	0	3	15	1	1	0	500	0	150	0	1	1	0	22	3	1	119	0	2
76	2	0	1	1	0	0	0	0	2	0	0	15	0	35	0	0	6	0	11	10	145	0	152	3	8	0	0	0	0	105	0	2	0	2	0	0	0	0	4	7	0	0	0	13	0	0	0	0	0	128	21	0	0	0	0	85	247	0	2	0	24	0	0	0	0	0	0	0	0	0	0	2	0
