0	0	0	0	0	0	0	2	0	0	0	0	108	0	0	0	0	0	7	3	0	0	0	31	24	0	0	0	102	0	2	0	18	68	52	0	0	0	0	42	0	0	0	0	31	0	0	0	0	0	0	125	0	0	127	8	1	2	0	0	0	0	0	0	0	0	135	0	0	1	72	0	0	0
0	6	18	3	168	0	8	336	0	2	1	0	334	17	6	32	150	1	15	5	112	4	0	3	1	81	1	0	98	0	0	0	163	142	187	1	0	0	0	319	30	7	0	2	12	6	13	3	0	0	0	316	3	0	7	1	19	10	74	0	25	35	0	169	0	1	2	1	1	2	257	3	3	0
0	18	0	2	216	0	5	17	0	491	61	0	46	647	437	106	13	17	10	28	6	0	25	0	0	14	775	0	64	0	40	0	209	12	45	271	0	0	0	43	338	142	0	285	9	0	183	374	0	0	0	28	1	0	11	2	435	4	7	0	217	370	0	42	0	248	0	4	7	86	23	151	48	0
0	3	2	0	9	0	0	0	0	3	0	0	0	0	4	0	1	1	0	0	0	0	0	0	0	0	92	0	0	0	0	0	1	0	6	0	0	0	0	0	1	0	0	0	0	0	0	0	0	0	0	0	0	0	1	1	2	5	0	0	0	8	0	0	0	0	0	0	0	0	8	0	4	1
0	168	216	9	0	0	0	2	0	31	372	0	457	186	21	357	13	56	1	2	7	0	19	0	0	0	17	0	0	0	13	0	57	680	3	15	0	0	0	418	99	272	0	3	1	10	18	3	0	0	0	0	0	0	9	1	50	94	2	0	156	1236	0	405	0	0	2	2	198	21	61	339	1282	6
0	0	0	0	0	0	0	0	0	0	0	0	0	0	0	0	0	0	0	0	0	0	0	0	0	0	0	0	0	0	0	0	0	0	0	0	0	0	0	0	0	0	0	0	0	0	0	0	0	0	0	0	0	0	0	0	0	0	0	0	0	0	0	0	0	0	0	0	0	0	0	0	0	0
0	8	5	0	0	0	0	0	0	1	35	0	0	0	5	0	21	26	0	0	9	0	0	12	1	5	2	0	1	0	1	0	5	0	1	0	0	0	0	1	128	20	0	22	16	0	0	0	0	0	0	4	0	0	0	0	0	33	0	0	0	4	0	0	0	0	0	0	0	0	0	0	4	0
2	336	17	0	2	0	0	0	0	0	3	0	758	0	1	0	218	1	0	10	49	1	0	14	1	117	7	0	90	0	3	0	48	76	34	0	0	0	0	233	1	0	0	0	4	0	0	0	0	0	0	90	0	0	1	2	3	64	52	0	0	1	0	0	0	0	0	0	0	4	164	0	1	0
0	0	0	0	0	0	0	0	0	0	0	0	0	0	0	0	0	0	0	0	0	0	0	0	0	0	0	0	0	0	0	0	0	0	0	0	0	0	0	0	0	0	0	0	0	0	0	0	0	1	0	0	0	0	0	0	0	0	0	0	0	0	0	0	0	0	0	0	0	0	0	0	0	0
0	2	491	3	31	0	1	0	0	0	0	0	7	40	741	20	7	35	229	168	13	0	30	0	0	0	28	0	20	0	87	0	4	0	4	356	0	0	0	3	190	333	0	472	5	12	6	484	0	0	52	1	110	0	1	0	630	23	0	0	38	164	0	0	0	339	1	16	1	36	0	54	0	0
0	1	61	0	372	0	35	3	0	0	0	0	22	182	4	131	9	0	3	30	0	4	0	0	0	3	1	0	5	0	18	0	4	7	25	1	0	0	0	29	24	214	0	7	0	0	9	0	0	0	0	88	0	0	1	0	21	110	0	0	79	149	0	38	0	12	26	5	67	0	44	11	302	0
0	0	0	0	0	0	0	0	0	0	0	0	0	0	0	0	0	0	0	0	0	0	0	0	0	0	0	0	0	0	0	0	0	0	0	0	0	0	0	0	0	0	0	0	0	0	0	0	0	0	0	0	0	0	0	0	0	0	0	0	0	0	0	0	0	0	0	0	0	0	0	0	0	0
108	334	46	0	457	0	0	758	0	7	22	0	0	4	4	110	247	9	192	9	279	1	9	4	1	18	0	0	28	0	2	0	578	977	122	1	0	0	0	1185	62	9	0	3	3	75	1	2	0	0	0	21	7	0	14	7	95	108	81	0	3	30	0	36	0	1	22	54	0	6	754	209	47	11
0	17	647	0	186	0	0	0	0	40	182	0	4	0	39	25	0	5	0	5	0	0	10	0	0	1	32	0	0	0	26	0	83	2	4	9	0	0	0	1	46	99	0	7	1	0	239	61	0	0	0	3	0	0	1	44	36	17	0	0	699	1630	0	132	0	8	1	0	38	2	2	263	66	0
0	6	437	4	21	0	5	1	0	741	4	0	4	39	0	18	2	52	257	3	2	0	1	0	0	1	0	0	1	0	5	0	9	0	4	583	0	0	0	2	161	620	0	719	0	11	4	641	0	0	0	3	17	0	1	0	427	23	3	0	25	63	0	1	0	342	37	0	6	87	1	18	11	3
0	32	106	0	357	0	0	0	0	20	131	0	110	25	18	0	10	9	0	3	4	0	0	0	0	28	2	0	3	0	30	0	12	125	1	0	0	0	0	21	1	6	0	0	43	0	0	0	0	0	0	38	0	0	6	0	4	13	4	0	1	339	0	0	0	0	0	0	5	0	0	0	260	0
0	150	13	1	13	0	21	218	0	7	9	0	247	0	2	10	0	7	267	4	712	65	1	57	16	523	1	0	88	0	30	0	387	188	108	1	0	0	0	734	31	0	0	4	26	27	0	0	0	0	2	851	23	0	221	6	24	94	1	0	10	2	0	0	0	1	148	186	0	23	95	11	2	12
0	1	17	1	56	0	26	1	0	35	0	0	9	5	52	9	7	0	1	2	0	0	16	0	1	2	2	0	0	0	22	0	23	1	1	21	0	0	0	1	64	13	0	97	15	0	15	71	0	818	9	0	40	0	0	0	44	25	0	0	26	146	0	0	0	2	6	10	12	9	2	10	55	3
7	15	10	0	1	0	0	0	0	229	3	0	192	0	257	0	267	1	0	184	157	6	0	26	0	324	0	0	336	0	59	0	13	28	11	0	0	0	0	234	0	15	0	0	43	0	0	0	0	0	61	182	0	0	10	38	118	44	228	0	0	1	0	0	0	0	0	0	0	11	23	0	1	0
3	5	28	0	2	0	0	10	0	168	30	0	9	5	3	3	4	2	184	0	2	3	164	284	190	21	0	0	53	0	35	0	36	0	38	4	0	0	0	52	2	26	0	0	28	0	2	129	0	0	34	43	172	0	43	302	418	11	6	0	7	41	0	0	0	21	1	0	0	35	63	3	4	10
0	112	6	0	7	0	9	49	0	13	0	0	279	0	2	4	712	0	157	2	0	11	0	19	1	722	3	0	21	0	4	0	188	207	41	1	0	0	0	567	0	1	0	1	51	0	0	0	0	0	1	431	1	0	80	1	14	71	1	0	4	17	0	0	0	1	1	38	0	4	79	0	3	1
0	4	0	0	0	0	0	1	0	0	4	0	1	0	0	0	65	0	6	3	11	0	6	753	129	121	3	0	150	0	119	0	2	12	24	0	0	0	0	8	1	0	0	0	55	0	0	0	0	0	43	152	1	0	351	16	0	100	6	0	0	0	0	0	0	0	57	14	0	2	1	1	1	7
0	0	25	0	19	0	0	0	0	30	0	0	9	10	1	0	1	16	0	164	0	6	0	352	104	1	2	0	3	0	0	0	0	2	0	0	0	0	0	0	21	0	0	0	1	0	0	0	0	0	0	2	0	0	155	189	13	4	0	0	0	52	0	0	0	0	0	0	0	3	0	0	2	0
31	3	0	0	0	0	12	14	0	0	0	0	4	0	0	0	57	0	26	284	19	753	352	0	2152	18	14	0	65	0	26	0	24	16	145	0	0	0	0	67	0	0	0	0	421	0	0	2	0	0	68	23	386	0	1057	1158	124	10	0	0	2	4	0	0	0	0	22	308	0	0	48	6	0	8
24	1	0	0	0	0	1	1	0	0	0	0	1	0	0	0	16	1	0	190	1	129	104	2152	0	7	4	0	4	0	7	0	2	1	13	0	0	0	0	3	0	0	0	0	127	0	0	0	0	0	11	13	5	0	273	284	13	3	0	0	0	2	0	0	0	0	0	92	0	2	0	0	0	0
0	81	14	0	0	0	5	117	0	0	3	0	18	1	1	28	523	2	324	21	722	121	1	18	7	0	1	0	150	0	9	0	564	72	246	0	0	0	0	705	28	0	0	2	8	29	0	1	0	0	0	909	23	0	226	26	28	47	0	0	1	20	0	0	0	1	181	157	1	3	217	12	2	7
0	1	775	92	17	0	2	7	0	28	1	0	0	32	0	2	1	2	0	0	3	3	2	14	4	1	0	0	2	0	4	0	10	4	7	666	0	0	0	15	802	6	0	11	1	1	7	307	0	0	0	4	3	0	3	0	12	8	0	0	20	32	0	2	0	478	6	6	9	3	12	14	1	1
0	0	0	0	0	0	0	0	0	0	0	0	0	0	0	0	0	0	0	0	0	0	0	0	0	0	0	0	0	0	0	0	0	0	0	0	0	0	0	0	0	0	0	0	0	0	0	0	0	0	0	0	0	0	0	0	0	0	0	0	0	0	0	0	0	0	0	0	0	0	0	0	0	0
102	98	64	0	0	0	1	90	0	20	5	0	28	0	1	3	88	0	336	53	21	150	3	65	4	150	2	0	0	0	2	0	224	47	507	0	0	0	0	607	10	8	0	0	7	45	0	0	0	0	0	399	3	0	58	48	54	583	181	0	0	0	0	0	0	0	392	53	0	16	221	14	0	3
0	0	0	0	0	0	0	0	0	0	0	0	0	0	0	0	0	0	0	0	0	0	0	0	0	0	0	0	0	0	0	0	0	0	0	0	0	0	0	0	0	0	0	0	0	0	0	0	0	0	0	0	0	0	0	0	0	0	0	0	0	0	0	0	0	0	0	0	0	0	0	0	0	0
2	0	40	0	13	0	1	3	0	87	18	0	2	26	5	30	30	22	59	35	4	119	0	26	7	9	4	0	2	0	0	0	1	14	6	14	0	0	0	3	11	62	0	244	147	0	124	45	0	0	1073	16	136	0	202	0	261	40	9	0	8	50	0	31	0	0	274	11	10	48	2	7	3	219
0	0	0	0	0	0	0	0	0	0	0	0	0	0	0	0	0	0	0	0	0	0	0	0	0	0	0	0	0	0	0	0	0	0	0	0	0	0	0	0	0	0	0	0	0	0	0	0	0	0	0	0	0	0	0	0	0	0	0	0	0	0	0	0	0	0	0	0	0	0	0	0	0	0
18	163	209	1	57	0	5	48	0	4	4	0	578	83	9	12	387	23	13	36	188	2	0	24	2	564	10	0	224	0	1	0	0	24	104	4	0	0	0	297	17	5	0	0	20	3	1	0	0	0	0	341	3	0	27	9	14	82	18	0	1	216	0	0	0	0	2	4	19	6	180	3	20	0
68	142	12	0	680	0	0	76	0	0	7	0	977	2	0	125	188	1	28	0	207	12	2	16	1	72	4	0	47	0	14	0	24	0	24	0	0	0	0	316	4	0	0	15	21	98	0	0	0	0	10	165	13	0	34	0	31	407	9	0	0	13	0	0	0	0	41	15	0	11	226	85	882	7
52	187	45	6	3	0	1	34	0	4	25	0	122	4	4	1	108	1	11	38	41	24	0	145	13	246	7	0	507	0	6	0	104	24	0	0	0	0	0	126	3	12	0	1	12	1	0	0	0	0	0	394	0	0	28	2	36	373	332	0	1	46	0	0	0	0	35	2	0	11	67	2	1	0
0	1	271	0	15	0	0	0	0	356	1	0	1	9	583	0	1	21	0	4	1	0	0	0	0	0	666	0	0	0	14	0	4	0	0	0	0	0	0	0	81	103	0	1	1	0	0	0	0	0	0	1	0	0	0	0	61	20	0	0	0	6	0	0	0	0	0	0	2	0	0	0	32	0
0	0	0	0	0	0	0	0	0	0	0	0	0	0	0	0	0	0	0	0	0	0	0	0	0	0	0	0	0	0	0	0	0	0	0	0	0	0	0	0	0	0	0	0	0	0	0	0	0	0	0	0	0	0	0	0	0	0	0	0	0	0	0	0	0	0	0	0	0	0	0	0	0	0
0	0	0	0	0	0	0	0	0	0	0	0	0	0	0	0	0	0	0	0	0	0	0	0	0	0	0	0	0	0	0	0	0	0	0	0	0	0	0	0	0	0	0	0	0	0	0	0	0	0	0	0	0	0	0	0	0	0	0	0	0	0	0	0	0	0	0	0	0	0	0	0	0	0
0	0	0	0	0	0	0	0	0	0	0	0	0	0	0	0	0	0	0	0	0	0	0	0	0	0	0	0	0	0	0	0	0	0	0	0	0	0	0	0	0	0	0	0	0	0	0	0	0	0	0	0	0	0	0	0	0	0	0	0	0	0	0	0	0	0	0	0	0	0	0	0	0	0
42	319	43	0	418	0	1	233	0	3	29	0	1185	1	2	21	734	1	234	52	567	8	0	67	3	705	15	0	607	0	3	0	297	316	126	0	0	0	0	0	3	2	0	0	16	30	0	0	0	0	0	610	1	0	41	4	79	206	49	0	0	0	0	0	0	0	0	0	0	21	421	51	9	2
0	30	338	1	99	0	128	1	0	190	24	0	62	46	161	1	31	64	0	2	0	1	21	0	0	28	802	0	10	0	11	0	17	4	3	81	0	0	0	3	0	13	0	113	13	0	0	146	0	0	0	39	16	0	1	1	15	42	18	0	11	203	0	0	0	0	0	0	10	0	2	10	25	4
0	7	142	0	272	0	20	0	0	333	214	0	9	99	620	6	0	13	15	26	1	0	0	0	0	0	6	0	8	0	62	0	5	0	12	103	0	0	0	2	13	0	0	250	0	25	90	88	0	0	0	0	0	0	0	0	83	147	326	1	0	145	0	0	0	5	4	0	37	0	7	9	95	0
0	0	0	0	0	0	0	0	0	0	0	0	0	0	0	0	0	0	0	0	0	0	0	0	0	0	0	0	0	0	0	0	0	0	0	0	0	0	0	0	0	0	0	0	0	0	0	0	0	0	0	0	0	0	0	0	0	0	0	0	0	0	0	0	0	0	0	0	0	0	0	0	0	0
0	2	285	0	3	0	22	0	0	472	7	0	3	7	719	0	4	97	0	0	1	0	0	0	0	2	11	0	0	0	244	0	0	15	1	1	0	0	0	0	113	250	0	0	14	0	0	7	0	0	85	0	0	0	0	0	260	285	0	0	0	53	0	0	0	0	0	0	42	8	0	0	29	0
31	12	9	0	1	0	16	4	0	5	0	0	3	1	0	43	26	15	43	28	51	55	1	421	127	8	1	0	7	0	147	0	20	21	12	1	0	0	0	16	13	0	0	14	0	0	0	7	0	0	34	10	225	0	369	17	301	26	3	0	31	32	0	0	0	0	98	24	1	19	15	6	2	36
0	6	0	0	10	0	0	0	0	12	0	0	75	0	11	0	27	0	0	0	0	0	0	0	0	29	1	0	45	0	0	0	3	98	1	0	0	0	0	30	0	25	0	0	0	0	0	0	0	0	0	6	0	0	0	0	6	111	0	0	0	10	0	0	0	0	0	0	0	8	1	0	23	0
0	13	183	0	18	0	0	0	0	6	9	0	1	239	4	0	0	15	0	2	0	0	0	0	0	0	7	0	0	0	124	0	1	0	0	0	0	0	0	0	0	90	0	0	0	0	0	0	0	0	0	0	0	0	0	0	1	2	134	0	0	18	0	0	0	0	0	0	14	0	0	0	16	0
0	3	374	0	3	0	0	0	0	484	0	0	2	61	641	0	0	71	0	129	0	0	0	2	0	1	307	0	0	0	45	0	0	0	0	0	0	0	0	0	146	88	0	7	7	0	0	0	0	0	5	0	0	0	0	0	409	6	0	0	0	88	0	0	0	0	0	0	0	22	0	0	6	0
0	0	0	0	0	0	0	0	0	0	0	0	0	0	0	0	0	0	0	0	0	0	0	0	0	0	0	0	0	0	0	0	0	0	0	0	0	0	0	0	0	0	0	0	0	0	0	0	0	0	0	0	0	0	0	0	0	0	0	0	0	0	0	0	0	0	0	0	0	0	0	0	0	0
0	0	0	0	0	0	0	0	1	0	0	0	0	0	0	0	0	818	0	0	0	0	0	0	0	0	0	0	0	0	0	0	0	0	0	0	0	0	0	0	0	0	0	0	0	0	0	0	0	0	0	0	0	0	0	0	0	0	0	0	0	1	0	0	0	0	0	0	0	0	0	0	0	0
0	0	0	0	0	0	0	0	0	52	0	0	0	0	0	0	2	9	61	34	1	43	0	68	11	0	0	0	0	0	1073	0	0	10	0	0	0	0	0	0	0	0	0	85	34	0	0	5	0	0	0	2	79	0	59	0	109	7	0	0	3	0	0	0	0	0	83	0	0	36	0	0	0	63
125	316	28	0	0	0	4	90	0	1	88	0	21	3	3	38	851	0	182	43	431	152	2	23	13	909	4	0	399	0	16	0	341	165	394	1	0	0	0	610	39	0	0	0	10	6	0	0	0	0	2	0	21	0	241	7	78	436	0	0	1	0	0	0	0	0	680	173	0	3	350	7	1	9
0	3	1	0	0	0	0	0	0	110	0	0	7	0	17	0	23	40	0	172	1	1	0	386	5	23	3	0	3	0	136	0	3	13	0	0	0	0	0	1	16	0	0	0	225	0	0	0	0	0	79	21	0	0	115	1	135	16	0	0	0	0	0	0	0	0	0	0	0	35	0	0	1	0
0	0	0	0	0	0	0	0	0	0	0	0	0	0	0	0	0	0	0	0	0	0	0	0	0	0	0	0	0	0	0	0	0	0	0	0	0	0	0	0	0	0	0	0	0	0	0	0	0	0	0	0	0	0	0	0	0	0	0	0	0	0	0	0	0	0	0	0	0	0	0	0	0	0
127	7	11	1	9	0	0	1	0	1	1	0	14	1	1	6	221	0	10	43	80	351	155	1057	273	226	3	0	58	0	202	0	27	34	28	0	0	0	0	41	1	0	0	0	369	0	0	0	0	0	59	241	115	0	0	464	4	43	0	0	0	1	0	0	0	0	94	183	0	9	8	0	4	1
8	1	2	1	1	0	0	2	0	0	0	0	7	44	0	0	6	0	38	302	1	16	189	1158	284	26	0	0	48	0	0	0	9	0	2	0	0	0	0	4	1	0	0	0	17	0	0	0	0	0	0	7	1	0	464	0	540	0	0	0	5	1	0	0	0	0	0	8	0	122	4	1	2	0
1	19	435	2	50	0	0	3	0	630	21	0	95	36	427	4	24	44	118	418	14	0	13	124	13	28	12	0	54	0	261	0	14	31	36	61	0	0	0	79	15	83	0	260	301	6	1	409	0	0	109	78	135	0	4	540	0	196	76	0	3	130	0	1	0	63	10	0	6	236	23	9	12	81
2	10	4	5	94	0	33	64	0	23	110	0	108	17	23	13	94	25	44	11	71	100	4	10	3	47	8	0	583	0	40	0	82	407	373	20	0	0	0	206	42	147	0	285	26	111	2	6	0	0	7	436	16	0	43	0	196	0	104	0	51	52	0	13	0	2	466	43	42	19	377	57	29	292
0	74	7	0	2	0	0	52	0	0	0	0	81	0	3	4	1	0	228	6	1	6	0	0	0	0	0	0	181	0	9	0	18	9	332	0	0	0	0	49	18	326	0	0	3	0	134	0	0	0	0	0	0	0	0	0	76	104	0	0	0	3	0	0	0	0	408	0	0	61	76	6	0	0
0	0	0	0	0	0	0	0	0	0	0	0	0	0	0	0	0	0	0	0	0	0	0	0	0	0	0	0	0	0	0	0	0	0	0	0	0	0	0	0	0	1	0	0	0	0	0	0	0	0	0	0	0	0	0	0	0	0	0	0	0	0	0	0	0	0	0	0	0	0	0	0	0	0
0	25	217	0	156	0	0	0	0	38	79	0	3	699	25	1	10	26	0	7	4	0	0	2	0	1	20	0	0	0	8	0	1	0	1	0	0	0	0	0	11	0	0	0	31	0	0	0	0	0	3	1	0	0	0	5	3	51	0	0	0	466	0	0	0	0	0	0	19	0	0	0	8	0
0	35	370	8	1236	0	4	1	0	164	149	0	30	1630	63	339	2	146	1	41	17	0	52	4	2	20	32	0	0	0	50	0	216	13	46	6	0	0	0	0	203	145	0	53	32	10	18	88	0	1	0	0	0	0	1	1	130	52	3	0	466	0	0	11	0	3	0	0	149	16	2	217	578	34
0	0	0	0	0	0	0	0	0	0	0	0	0	0	0	0	0	0	0	0	0	0	0	0	0	0	0	0	0	0	0	0	0	0	0	0	0	0	0	0	0	0	0	0	0	0	0	0	0	0	0	0	0	0	0	0	0	0	0	0	0	0	0	0	0	0	0	0	0	0	0	0	0	0
0	169	42	0	405	0	0	0	0	0	38	0	36	132	1	0	0	0	0	0	0	0	0	0	0	0	2	0	0	0	31	0	0	0	0	0	0	0	0	0	0	0	0	0	0	0	0	0	0	0	0	0	0	0	0	0	1	13	0	0	0	11	0	0	0	0	0	0	0	0	0	0	241	0
0	0	0	0	0	0	0	0	0	0	0	0	0	0	0	0	0	0	0	0	0	0	0	0	0	0	0	0	0	0	0	0	0	0	0	0	0	0	0	0	0	0	0	0	0	0	0	0	0	0	0	0	0	0	0	0	0	0	0	0	0	0	0	0	0	0	0	0	0	0	0	0	0	0
0	1	248	0	0	0	0	0	0	339	12	0	1	8	342	0	1	2	0	21	1	0	0	0	0	1	478	0	0	0	0	0	0	0	0	0	0	0	0	0	0	5	0	0	0	0	0	0	0	0	0	0	0	0	0	0	63	2	0	0	0	3	0	0	0	0	0	0	0	0	0	0	4	0
135	2	0	0	2	0	0	0	0	1	26	0	22	1	37	0	148	6	0	1	1	57	0	22	0	181	6	0	392	0	274	0	2	41	35	0	0	0	0	0	0	4	0	0	98	0	0	0	0	0	83	680	0	0	94	0	10	466	408	0	0	0	0	0	0	0	0	0	4	7	1	0	2	0
0	1	4	0	2	0	0	0	0	16	5	0	54	0	0	0	186	10	0	0	38	14	0	308	92	157	6	0	53	0	11	0	4	15	2	0	0	0	0	0	0	0	0	0	24	0	0	0	0	0	0	173	0	0	183	8	0	43	0	0	0	0	0	0	0	0	0	0	0	2	0	0	7	0
0	1	7	0	198	0	0	0	0	1	67	0	0	38	6	5	0	12	0	0	0	0	0	0	0	1	9	0	0	0	10	0	19	0	0	2	0	0	0	0	10	37	0	42	1	0	14	0	0	0	0	0	0	0	0	0	6	42	0	0	19	149	0	0	0	0	4	0	0	0	1	6	108	0
1	2	86	0	21	0	0	4	0	36	0	0	6	2	87	0	23	9	11	35	4	2	3	0	2	3	3	0	16	0	48	0	6	11	11	0	0	0	0	21	0	0	0	8	19	8	0	22	0	0	36	3	35	0	9	122	236	19	61	0	0	16	0	0	0	0	7	2	0	0	16	1	1	4
72	257	23	8	61	0	0	164	0	0	44	0	754	2	1	0	95	2	23	63	79	1	0	48	0	217	12	0	221	0	2	0	180	226	67	0	0	0	0	421	2	7	0	0	15	1	0	0	0	0	0	350	0	0	8	4	23	377	76	0	0	2	0	0	0	0	1	0	1	16	0	0	1	0
0	3	151	0	339	0	0	0	0	54	11	0	209	263	18	0	11	10	0	3	0	1	0	6	0	12	14	0	14	0	7	0	3	85	2	0	0	0	0	51	10	9	0	0	6	0	0	0	0	0	0	7	0	0	0	1	9	57	6	0	0	217	0	0	0	0	0	0	6	1	0	0	47	0
0	3	48	4	1282	0	4	1	0	0	302	0	47	66	11	260	2	55	1	4	3	1	2	0	0	2	1	0	0	0	3	0	20	882	1	32	0	0	0	9	25	95	0	29	2	23	16	6	0	0	0	1	1	0	4	2	12	29	0	0	8	578	0	241	0	4	2	7	108	1	1	47	0	0
0	0	0	1	6	0	0	0	0	0	0	0	11	0	3	0	12	3	0	10	1	7	0	8	0	7	1	0	3	0	219	0	0	7	0	0	0	0	0	2	4	0	0	0	36	0	0	0	0	0	63	9	0	0	1	0	81	292	0	0	0	34	0	0	0	0	0	0	0	4	0	0	0	0
