0	0	0	0	0	22	0	1	4	0	0	0	0	0	0	0	32	0	12	0	26	160	0	164	20	4	0	0	29	0	16	0	4	15	39	0	0	0	0	10	0	0	0	0	6	0	0	0	0	0	0	121	11	0	148	0	0	15	0	0	1	0	0	0	0	0	16	131	0	0	0	0	0	1
0	0	25	3	126	3	0	72	3	21	0	0	82	41	0	0	19	1	1	5	2	4	4	1	0	0	0	0	4	10	15	0	8	86	12	1	0	20	0	54	0	40	0	95	0	62	7	1	0	8	0	1	1	0	4	2	18	7	55	0	49	119	0	56	0	7	3	32	0	21	44	9	28	15
0	25	0	0	0	7	0	0	2	567	0	0	4	228	95	0	6	15	0	7	2	0	0	0	0	0	7	0	18	0	0	46	0	5	0	0	0	0	0	0	0	0	0	0	2	0	0	1	0	0	0	0	0	0	0	0	171	0	10	0	0	40	0	0	0	58	0	0	0	12	0	25	33	7
0	3	0	0	0	0	0	0	2	1	0	0	0	4	5	0	0	0	0	3	0	0	0	0	0	1	7	0	0	482	4	9	0	1	0	0	0	0	0	0	0	0	0	0	0	0	0	0	0	0	0	0	0	0	0	0	0	0	0	0	0	1	0	0	0	37	0	0	0	0	0	3	17	0
0	126	0	0	0	1	0	0	0	31	4	0	218	47	1	0	6	1	2	5	1	0	0	0	0	0	0	0	0	0	0	904	1	1873	0	0	0	0	0	0	0	0	0	0	0	0	0	1	0	0	0	0	0	0	0	0	0	0	0	0	0	113	0	0	0	0	0	0	0	1	0	109	35	0
22	3	7	0	1	0	0	1	0	203	0	0	3	0	0	0	1161	47	112	7	673	118	2	85	58	635	0	0	198	0	51	0	267	322	307	0	0	0	0	531	0	0	7	28	420	5	0	0	0	0	190	455	284	0	169	43	188	258	0	0	1	5	0	0	0	6	183	98	0	109	56	6	9	309
0	0	0	0	0	0	0	0	0	0	0	0	0	0	0	0	0	0	0	0	0	0	0	0	0	0	0	0	0	1	0	0	0	0	0	0	0	0	0	0	0	0	0	0	0	0	0	0	0	0	0	0	0	0	0	0	0	0	0	0	0	0	0	0	0	0	0	0	0	0	0	0	0	0
1	72	0	0	0	1	0	0	1	0	0	0	518	0	0	0	148	0	6	70	75	0	0	0	0	4	0	0	2	0	0	1331	6	807	0	0	0	0	0	0	0	0	0	0	0	0	0	0	0	0	0	0	0	0	0	0	0	0	30	0	0	0	0	0	0	0	0	0	0	0	0	58	0	0
4	3	2	2	0	0	0	1	0	3	0	0	5	10	0	0	0	0	2	0	0	0	0	0	0	0	0	0	1	0	0	7	2	1	1	0	0	0	0	5	0	1	0	0	0	0	1	0	0	2	0	0	0	0	0	0	19	0	0	0	4	16	0	1	0	0	0	1	0	0	1	7	0	0
0	21	567	1	31	203	0	0	3	0	0	0	2	3	176	0	5	100	295	175	2	0	3	0	0	3	2	0	0	14	106	1	3	0	1	234	0	16	0	1	0	186	0	394	0	5	5	0	0	9	62	0	741	0	0	0	565	40	3	0	63	130	0	2	0	421	1	16	0	626	1	61	24	1
0	0	0	0	4	0	0	0	0	0	0	0	0	0	0	0	0	0	0	10	0	0	0	0	0	0	0	0	0	0	0	0	0	0	0	0	0	0	0	0	0	2	0	6	0	0	0	0	0	0	0	0	0	0	0	0	0	0	0	0	0	20	0	0	0	0	0	0	0	0	0	0	0	0
0	0	0	0	0	0	0	0	0	0	0	0	0	0	0	0	0	0	0	0	0	0	0	0	0	0	0	0	0	0	0	0	0	0	0	0	0	0	0	0	0	0	0	0	0	0	0	0	0	0	0	0	0	0	0	0	0	0	0	0	0	0	0	0	0	0	0	0	0	0	0	0	0	0
0	82	4	0	218	3	0	518	5	2	0	0	0	5	6	1	89	1	122	203	137	0	12	0	1	8	0	0	29	0	1	1696	562	4027	58	0	0	1	0	915	0	1	0	3	2	300	0	0	0	21	0	2	0	0	17	22	74	16	61	0	3	5	0	1	0	7	2	2	0	56	417	156	0	34
0	41	228	4	47	0	0	0	10	3	0	0	5	0	1	0	0	1	4	0	2	0	16	0	0	1	0	0	1	0	72	1080	3	6	2	39	0	209	0	3	0	209	1	445	2	3	9	8	0	9	0	0	0	0	0	61	45	5	17	0	546	1281	0	75	0	18	1	0	0	9	1	128	70	0
0	0	95	5	1	0	0	0	0	176	0	0	6	1	0	0	5	7	37	1	0	0	16	15	16	0	2	0	1	0	0	0	3	0	4	173	0	6	0	4	0	39	0	26	0	0	0	0	0	0	0	0	0	0	0	0	36	19	0	0	2	5	0	0	0	122	6	33	0	2	0	3	3	0
0	0	0	0	0	0	0	0	0	0	0	0	1	0	0	0	0	0	0	0	0	0	0	0	0	0	0	0	0	0	0	1	0	8	0	0	0	0	0	0	0	0	0	0	0	0	0	0	0	0	0	0	0	0	0	0	0	0	0	0	0	0	0	0	0	0	0	0	0	0	0	0	1	0
32	19	6	0	6	1161	0	148	0	5	0	0	89	0	5	0	0	3	186	3	1293	97	4	54	1	752	0	0	54	0	12	0	373	412	76	1	0	19	0	719	0	0	0	49	95	29	0	0	0	0	0	332	73	0	160	27	37	201	43	0	30	89	0	0	5	0	201	208	0	4	104	56	8	43
0	1	15	0	1	47	0	0	0	100	0	0	1	1	7	0	3	0	0	0	0	0	1	0	0	0	0	0	0	1	5	0	9	0	1	4	0	27	0	0	0	2	0	96	0	29	0	0	0	669	1	0	39	0	0	0	8	13	0	0	30	28	0	0	0	1	0	0	0	1	1	3	4	4
12	1	0	0	2	112	0	6	2	295	0	0	122	4	37	0	186	0	0	294	192	26	4	10	2	164	0	0	285	7	23	1	39	210	20	0	0	6	0	20	0	76	0	4	4	0	0	0	0	0	2	4	32	0	2	26	339	22	296	0	0	0	0	0	0	6	36	132	0	23	36	1	1	648
0	5	7	3	5	7	0	70	0	175	10	0	203	0	1	0	3	0	294	0	24	46	1	104	215	6	0	0	22	0	31	8	99	334	60	1	0	0	0	212	0	2	0	2	37	28	0	0	0	0	4	2	217	0	164	239	346	136	115	0	11	2	0	0	0	41	124	114	0	319	224	21	1	0
26	2	2	0	1	673	0	75	0	2	0	0	137	2	0	0	1293	0	192	24	0	67	1	7	1	980	0	0	53	2	1	0	864	948	82	0	0	2	0	920	0	1	0	10	40	38	0	0	0	0	0	161	47	0	97	52	15	150	8	0	3	4	0	4	0	0	17	84	0	10	281	10	0	5
160	4	0	0	0	118	0	0	0	0	0	0	0	0	0	0	97	0	26	46	67	0	0	128	103	134	0	0	6	0	35	0	4	308	0	0	0	0	0	0	0	0	6	0	156	0	0	0	0	0	2	387	0	0	0	0	0	0	8	0	0	0	0	0	0	0	0	0	0	0	0	4	0	110
0	4	0	0	0	2	0	0	0	3	0	0	12	16	16	0	4	1	4	1	1	0	0	0	0	1	0	0	13	0	0	0	0	5	0	0	0	0	0	0	0	0	0	0	0	0	0	0	0	0	0	3	0	0	0	71	2	0	0	0	0	0	0	0	0	0	0	0	0	0	0	4	0	1
164	1	0	0	0	85	0	0	0	0	0	0	0	0	15	0	54	0	10	104	7	128	0	0	838	5	0	0	0	3	0	0	15	3	8	0	0	0	0	0	0	0	0	0	72	0	0	0	0	0	0	483	0	0	241	370	15	0	0	0	0	0	0	0	0	0	0	233	0	0	0	1	0	4
20	0	0	0	0	58	0	0	0	0	0	0	1	0	16	0	1	0	2	215	1	103	0	838	0	0	0	0	0	0	1	0	2	7	2	0	0	0	0	0	0	0	0	2	52	0	0	0	0	0	0	1	42	0	95	134	2	0	0	0	0	0	0	0	0	0	0	128	0	1	0	0	1	0
4	0	0	1	0	635	0	4	0	3	0	0	8	1	0	0	752	0	164	6	980	134	1	5	0	0	0	0	67	1	5	0	562	73	97	0	0	3	0	507	0	0	0	1	67	5	0	0	0	0	0	186	65	0	161	25	25	183	1	0	0	1	0	0	0	0	195	91	0	9	242	4	0	4
0	0	7	7	0	0	0	0	0	2	0	0	0	0	2	0	0	0	0	0	0	0	0	0	0	0	0	0	0	228	0	0	0	0	0	6	0	0	0	0	0	0	0	3	0	0	0	0	0	0	0	0	0	0	0	0	0	0	0	0	1	0	0	0	0	16	0	0	0	0	0	0	0	0
0	0	0	0	0	0	0	0	0	0	0	0	0	0	0	0	0	0	0	0	0	0	0	0	0	0	0	0	0	0	0	0	0	0	0	0	0	0	0	0	0	0	0	0	0	0	0	0	0	0	0	0	0	0	0	0	0	0	0	0	0	0	0	0	0	0	0	0	0	0	0	0	0	0
29	4	18	0	0	198	0	2	1	0	0	0	29	1	1	0	54	0	285	22	53	6	13	0	0	67	0	0	0	2	0	0	144	191	283	0	0	187	0	341	0	0	0	0	37	2	0	0	0	0	0	99	0	0	1	76	20	192	249	0	0	0	0	0	0	0	180	291	0	1	14	4	0	2
0	10	0	482	0	0	1	0	0	14	0	0	0	0	0	0	0	1	7	0	2	0	0	3	0	1	228	0	2	0	11	6	0	8	6	1050	0	10	0	0	0	0	0	6	0	0	0	0	0	0	0	1	9	0	1	0	0	0	0	0	0	1	0	0	0	1446	10	4	0	0	0	43	3	1
16	15	0	4	0	51	0	0	0	106	0	0	1	72	0	0	12	5	23	31	1	35	0	0	1	5	0	0	0	11	0	80	0	55	0	0	0	13	0	5	0	0	0	0	51	0	0	0	0	0	103	5	98	0	80	0	142	2	2	0	0	4	0	0	0	0	146	2	0	1	0	15	0	324
0	0	46	9	904	0	0	1331	7	1	0	0	1696	1080	0	1	0	0	1	8	0	0	0	0	0	0	0	0	0	6	80	0	1	603	0	0	0	0	0	2276	0	0	1	162	1	756	49	0	0	0	0	0	0	0	0	0	60	42	0	0	8	432	0	2586	0	1	0	0	486	11	2	74	18	1
4	8	0	0	1	267	0	6	2	3	0	0	562	3	3	0	373	9	39	99	864	4	0	15	2	562	0	0	144	0	0	1	0	227	23	0	0	6	0	66	0	0	12	0	2	6	0	0	0	0	0	144	0	0	5	2	6	9	12	1	1	7	0	0	0	1	1	9	0	1	16	6	4	3
15	86	5	1	1873	322	0	807	1	0	0	0	4027	6	0	8	412	0	210	334	948	308	5	3	7	73	0	0	191	8	55	603	227	0	242	0	0	4	0	2962	0	0	4	11	1	1682	0	0	0	185	10	496	60	0	339	5	286	1558	75	0	3	4	0	2	0	42	1103	85	3	410	980	215	5	153
39	12	0	0	0	307	0	0	1	1	0	0	58	2	4	0	76	1	20	60	82	0	0	8	2	97	0	0	283	6	0	0	23	242	0	0	0	0	0	0	0	0	0	0	2	0	0	0	0	0	0	84	0	0	0	0	16	0	272	1	0	10	0	0	0	0	0	0	0	0	0	12	0	0
0	1	0	0	0	0	0	0	0	234	0	0	0	39	173	0	1	4	0	1	0	0	0	0	0	0	6	0	0	1050	0	0	0	0	0	0	0	0	0	0	0	0	0	0	0	0	0	0	0	0	1	0	0	0	0	0	2	0	0	0	0	5	0	0	0	193	0	0	0	0	0	1	12	2
0	0	0	0	0	0	0	0	0	0	0	0	0	0	0	0	0	0	0	0	0	0	0	0	0	0	0	0	0	0	0	0	0	0	0	0	0	0	0	0	0	0	0	0	0	0	0	0	0	0	0	0	0	0	0	0	0	0	0	0	0	0	0	0	0	0	0	0	0	0	0	0	0	0
0	20	0	0	0	0	0	0	0	16	0	0	1	209	6	0	19	27	6	0	2	0	0	0	0	3	0	0	187	10	13	0	6	4	0	0	0	0	0	0	0	0	0	0	2	0	0	0	0	0	0	0	0	0	0	2	3	0	74	0	0	2	0	0	0	0	0	0	0	0	0	19	10	0
0	0	0	0	0	0	0	0	0	0	0	0	0	0	0	0	0	0	0	0	0	0	0	0	0	0	0	0	0	0	0	0	0	0	0	0	0	0	0	0	0	0	0	0	0	0	0	0	0	0	0	0	0	0	0	0	0	0	0	0	0	0	0	0	0	0	0	0	0	0	0	0	0	0
10	54	0	0	0	531	0	0	5	1	0	0	915	3	4	0	719	0	20	212	920	0	0	0	0	507	0	0	341	0	5	2276	66	2962	0	0	0	0	0	0	0	0	12	0	6	0	0	0	0	0	0	104	0	0	0	1	7	0	54	2	0	0	0	0	0	1	0	0	0	4	0	28	1	25
0	0	0	0	0	0	0	0	0	0	0	0	0	0	0	0	0	0	0	0	0	0	0	0	0	0	0	0	0	0	0	0	0	0	0	0	0	0	0	0	0	0	0	0	0	0	0	0	0	0	0	0	0	0	0	0	0	0	0	0	0	0	0	0	0	0	0	0	0	0	0	0	0	0
0	40	0	0	0	0	0	0	1	186	2	0	1	209	39	0	0	2	76	2	1	0	0	0	0	0	0	0	0	0	0	0	0	0	0	0	0	0	0	0	0	0	0	0	0	0	0	0	0	0	0	0	0	0	0	0	14	0	154	0	0	1	0	0	0	0	0	0	0	0	0	40	1	0
0	0	0	0	0	7	0	0	0	0	0	0	0	1	0	0	0	0	0	0	0	6	0	0	0	0	0	0	0	0	0	1	12	4	0	0	0	0	0	12	0	0	0	1	0	0	0	0	0	0	0	12	0	0	0	0	1	0	0	0	0	1	0	0	0	0	1	0	0	0	0	4	0	0
0	95	0	0	0	28	0	0	0	394	6	0	3	445	26	0	49	96	4	2	10	0	0	0	2	1	3	0	0	6	0	162	0	11	0	0	0	0	0	0	0	0	1	0	0	0	0	5	0	0	3	0	0	0	0	0	76	0	0	0	0	310	0	0	0	2	0	0	3	4	0	95	60	227
6	0	2	0	0	420	0	0	0	0	0	0	2	2	0	0	95	0	4	37	40	156	0	72	52	67	0	0	37	0	51	1	2	1	2	0	0	2	0	6	0	0	0	0	428	3	0	0	0	0	170	64	206	0	181	9	81	1	0	0	0	2	0	0	0	0	14	14	0	2	4	0	2	54
0	62	0	0	0	5	0	0	0	5	0	0	300	3	0	0	29	29	0	28	38	0	0	0	0	5	0	0	2	0	0	756	6	1682	0	0	0	0	0	0	0	0	0	0	3	0	0	0	0	0	0	13	0	0	0	0	0	0	0	0	0	40	0	0	0	0	0	0	0	2	0	49	25	0
0	7	0	0	0	0	0	0	1	5	0	0	0	9	0	0	0	0	0	0	0	0	0	0	0	0	0	0	0	0	0	49	0	0	0	0	0	0	0	0	0	0	0	0	0	0	0	0	0	0	0	0	0	0	0	0	0	0	0	0	0	4	0	0	0	0	0	0	0	0	0	7	0	0
0	1	1	0	1	0	0	0	0	0	0	0	0	8	0	0	0	0	0	0	0	0	0	0	0	0	0	0	0	0	0	0	0	0	0	0	0	0	0	0	0	0	0	5	0	0	0	0	0	0	0	0	0	0	0	0	0	0	0	0	2	5	0	0	0	0	0	0	1	0	0	4	0	0
0	0	0	0	0	0	0	0	0	0	0	0	0	0	0	0	0	0	0	0	0	0	0	0	0	0	0	0	0	0	0	0	0	0	0	0	0	0	0	0	0	0	0	0	0	0	0	0	0	0	0	0	0	0	0	0	0	0	0	0	0	0	0	0	0	0	0	0	0	0	0	0	0	0
0	8	0	0	0	0	0	0	2	9	0	0	21	9	0	0	0	669	0	0	0	0	0	0	0	0	0	0	0	0	0	0	0	185	0	0	0	0	0	0	0	0	0	0	0	0	0	0	0	0	0	0	0	0	0	0	3	0	0	0	0	0	0	0	0	0	0	0	0	0	0	8	0	0
0	0	0	0	0	190	0	0	0	62	0	0	0	0	0	0	0	1	2	4	0	2	0	0	0	0	0	0	0	0	103	0	0	10	0	1	0	0	0	0	0	0	0	3	170	0	0	0	0	0	0	1	119	0	6	0	35	0	0	0	0	0	0	0	0	0	0	0	0	22	0	0	0	188
121	1	0	0	0	455	0	0	0	0	0	0	2	0	0	0	332	0	4	2	161	387	3	483	1	186	0	0	99	1	5	0	144	496	84	0	0	0	0	104	0	0	12	0	64	13	0	0	0	0	1	0	12	0	396	7	7	36	1	0	0	0	0	0	0	0	121	303	0	0	10	7	0	1
11	1	0	0	0	284	0	0	0	741	0	0	0	0	0	0	73	39	32	217	47	0	0	0	42	65	0	0	0	9	98	0	0	60	0	0	0	0	0	0	0	0	0	0	206	0	0	0	0	0	119	12	0	0	0	0	370	0	0	0	0	0	0	0	0	0	0	0	0	12	0	1	0	725
0	0	0	0	0	0	0	0	0	0	0	0	0	0	0	0	0	0	0	0	0	0	0	0	0	0	0	0	0	0	0	0	0	0	0	0	0	0	0	0	0	0	0	0	0	0	0	0	0	0	0	0	0	0	0	0	0	0	0	0	0	0	0	0	0	0	0	0	0	0	0	0	0	0
148	4	0	0	0	169	0	0	0	0	0	0	17	0	0	0	160	0	2	164	97	0	0	241	95	161	0	0	1	1	80	0	5	339	0	0	0	0	0	0	0	0	0	0	181	0	0	0	0	0	6	396	0	0	0	85	0	0	4	0	0	0	0	0	0	0	0	0	0	0	0	4	1	9
0	2	0	0	0	43	0	0	0	0	0	0	22	61	0	0	27	0	26	239	52	0	71	370	134	25	0	0	76	0	0	0	2	5	0	0	0	2	0	1	0	0	0	0	9	0	0	0	0	0	0	7	0	0	85	0	121	0	0	0	0	1	0	0	0	0	0	11	0	39	0	2	0	1
0	18	171	0	0	188	0	0	19	565	0	0	74	45	36	0	37	8	339	346	15	0	2	15	2	25	0	0	20	0	142	60	6	286	16	2	0	3	0	7	0	14	1	76	81	0	0	0	0	3	35	7	370	0	0	121	0	13	90	0	2	80	0	0	0	23	9	2	4	352	12	20	21	149
15	7	0	0	0	258	0	0	0	40	0	0	16	5	19	0	201	13	22	136	150	0	0	0	0	183	0	0	192	0	2	42	9	1558	0	0	0	0	0	0	0	0	0	0	1	0	0	0	0	0	0	36	0	0	0	0	13	0	244	0	0	8	0	0	0	3	0	0	0	3	0	7	11	276
0	55	10	0	0	0	0	30	0	3	0	0	61	17	0	0	43	0	296	115	8	8	0	0	0	1	0	0	249	0	2	0	12	75	272	0	0	74	0	54	0	154	0	0	0	0	0	0	0	0	0	1	0	0	4	0	90	244	0	0	22	2	0	0	0	18	428	20	0	228	64	85	7	24
0	0	0	0	0	0	0	0	0	0	0	0	0	0	0	0	0	0	0	0	0	0	0	0	0	0	0	0	0	0	0	0	1	0	1	0	0	0	0	2	0	0	0	0	0	0	0	0	0	0	0	0	0	0	0	0	0	0	0	0	0	0	0	0	0	0	0	0	0	0	0	0	0	0
1	49	0	0	0	1	0	0	4	63	0	0	3	546	2	0	30	30	0	11	3	0	0	0	0	0	1	0	0	0	0	8	1	3	0	0	0	0	0	0	0	0	0	0	0	0	0	2	0	0	0	0	0	0	0	0	2	0	22	0	0	180	0	0	0	6	0	0	0	1	0	49	21	0
0	119	40	1	113	5	0	0	16	130	20	0	5	1281	5	0	89	28	0	2	4	0	0	0	0	1	0	0	0	1	4	432	7	4	10	5	0	2	0	0	0	1	1	310	2	40	4	5	0	0	0	0	0	0	0	1	80	8	2	0	180	0	0	4	0	13	0	34	63	27	0	153	72	4
0	0	0	0	0	0	0	0	0	0	0	0	0	0	0	0	0	0	0	0	0	0	0	0	0	0	0	0	0	0	0	0	0	0	0	0	0	0	0	0	0	0	0	0	0	0	0	0	0	0	0	0	0	0	0	0	0	0	0	0	0	0	0	0	0	0	0	0	0	0	0	0	0	0
0	56	0	0	0	0	0	0	1	2	0	0	1	75	0	0	0	0	0	0	4	0	0	0	0	0	0	0	0	0	0	2586	0	2	0	0	0	0	0	0	0	0	0	0	0	0	0	0	0	0	0	0	0	0	0	0	0	0	0	0	0	4	0	0	0	0	0	0	0	0	0	49	0	0
0	0	0	0	0	0	0	0	0	0	0	0	0	0	0	0	5	0	0	0	0	0	0	0	0	0	0	0	0	0	0	0	0	0	0	0	0	0	0	0	0	0	0	0	0	0	0	0	0	0	0	0	0	0	0	0	0	0	0	0	0	0	0	0	0	0	0	0	0	0	0	0	0	0
0	7	58	37	0	6	0	0	0	421	0	0	7	18	122	0	0	1	6	41	0	0	0	0	0	0	16	0	0	1446	0	1	1	42	0	193	0	0	0	1	0	0	0	2	0	0	0	0	0	0	0	0	0	0	0	0	23	3	18	0	6	13	0	0	0	0	0	0	0	0	1	7	1	1
16	3	0	0	0	183	0	0	0	1	0	0	2	1	6	0	201	0	36	124	17	0	0	0	0	195	0	0	180	10	146	0	1	1103	0	0	0	0	0	0	0	0	1	0	14	0	0	0	0	0	0	121	0	0	0	0	9	0	428	0	0	0	0	0	0	0	0	0	0	0	0	3	0	105
131	32	0	0	0	98	0	0	1	16	0	0	2	0	33	0	208	0	132	114	84	0	0	233	128	91	0	0	291	4	2	0	9	85	0	0	0	0	0	0	0	0	0	0	14	0	0	0	0	0	0	303	0	0	0	11	2	0	20	0	0	34	0	0	0	0	0	0	0	0	0	32	0	439
0	0	0	0	0	0	0	0	0	0	0	0	0	0	0	0	0	0	0	0	0	0	0	0	0	0	0	0	0	0	0	486	0	3	0	0	0	0	0	0	0	0	0	3	0	0	0	1	0	0	0	0	0	0	0	0	4	0	0	0	0	63	0	0	0	0	0	0	0	1	0	3	11	0
0	21	12	0	1	109	0	0	0	626	0	0	56	9	2	0	4	1	23	319	10	0	0	0	1	9	0	0	1	0	1	11	1	410	0	0	0	0	0	4	0	0	0	4	2	2	0	0	0	0	22	0	12	0	0	39	352	3	228	0	1	27	0	0	0	0	0	0	1	0	4	20	2	15
0	44	0	0	0	56	0	0	1	1	0	0	417	1	0	0	104	1	36	224	281	0	0	0	0	242	0	0	14	0	0	2	16	980	0	0	0	0	0	0	0	0	0	0	4	0	0	0	0	0	0	10	0	0	0	0	12	0	64	0	0	0	0	0	0	1	0	0	0	4	0	37	1	24
0	9	25	3	109	6	0	58	7	61	0	0	156	128	3	0	56	3	1	21	10	4	4	1	0	4	0	0	4	43	15	74	6	215	12	1	0	19	0	28	0	40	4	95	0	49	7	4	0	8	0	7	1	0	4	2	20	7	85	0	49	153	0	49	0	7	3	32	3	20	37	0	81	36
0	28	33	17	35	9	0	0	0	24	0	0	0	70	3	1	8	4	1	1	0	0	0	0	1	0	0	0	0	3	0	18	4	5	0	12	0	10	0	1	0	1	0	60	2	25	0	0	0	0	0	0	0	0	1	0	21	11	7	0	21	72	0	0	0	1	0	0	11	2	1	81	0	0
1	15	7	0	0	309	0	0	0	1	0	0	34	0	0	0	43	4	648	0	5	110	1	4	0	4	0	0	2	1	324	1	3	153	0	2	0	0	0	25	0	0	0	227	54	0	0	0	0	0	188	1	725	0	9	1	149	276	24	0	0	4	0	0	0	1	105	439	0	15	24	36	0	0
