0	0	0	0	0	0	0	0	0	21	0	0	0	2	0	0	9	0	10	1	9	280	0	96	79	22	0	0	235	0	8	0	4	10	5	0	0	0	0	0	2	0	0	0	33	1	0	0	0	4	0	0	4	0	182	0	0	7	0	0	5	0	0	0	0	0	78	194	0	1	0	0	0	7
0	0	11	0	11	0	0	12	0	1	0	0	67	2	0	0	4	6	5	2	0	0	0	0	1	0	0	0	10	0	0	0	37	69	2	6	0	16	0	50	0	21	0	2	0	0	0	0	0	0	0	0	1	0	0	7	6	12	3	0	8	15	0	31	0	1	1	1	0	6	21	0	2	0
0	11	0	0	0	0	0	0	0	501	0	0	5	349	42	0	0	18	2	2	0	0	0	0	0	4	0	0	0	3	2	24	0	5	0	0	0	0	0	0	0	0	0	8	0	61	0	37	0	0	0	0	0	0	0	0	274	12	6	0	0	0	0	0	0	34	0	0	5	4	0	11	14	0
0	0	0	0	0	0	0	0	0	5	0	0	0	0	1	0	1	2	0	0	0	0	0	0	0	0	0	0	0	164	0	0	0	4	0	0	0	0	0	0	0	0	0	0	0	0	0	5	0	0	0	0	0	0	0	0	0	0	0	0	0	0	0	0	0	83	0	0	0	0	0	0	7	0
0	11	0	0	0	0	0	0	0	3	6	0	111	203	4	0	0	0	2	1	0	0	0	0	0	0	0	0	0	0	2	82	7	1015	0	0	0	0	0	0	0	0	0	0	0	166	0	7	0	0	0	0	0	0	0	0	0	2	2	0	0	0	0	0	0	0	0	0	0	0	0	10	0	1
0	0	0	0	0	0	0	0	0	187	0	0	0	0	21	0	0	0	9	225	0	0	0	112	0	0	0	0	0	0	324	0	0	0	0	0	0	0	0	0	0	0	0	0	0	1	0	3	0	0	0	0	2	0	0	0	58	114	0	0	0	0	0	0	0	0	0	0	0	0	0	0	0	213
0	0	0	0	0	0	0	0	0	0	0	0	0	0	0	0	0	0	0	0	0	0	0	0	0	0	0	0	0	0	0	0	0	0	0	0	0	0	0	0	0	0	0	0	0	0	0	0	0	0	0	0	0	0	0	0	0	0	0	0	0	0	0	0	0	0	0	0	0	0	0	0	0	0
0	12	0	0	0	0	0	0	0	2	0	0	496	3	1	0	62	0	12	87	13	0	0	0	0	20	0	0	28	0	0	37	32	323	3	0	0	0	0	0	0	0	0	0	0	12	0	0	0	0	0	1	0	0	0	1	0	20	74	0	0	0	0	0	0	0	0	0	0	0	3	5	0	0
0	0	0	0	0	0	0	0	0	0	0	0	12	0	0	0	0	1	17	0	0	0	0	0	0	0	0	0	13	0	0	0	0	0	0	0	0	0	0	0	0	0	0	0	0	0	0	0	0	4	0	0	0	0	0	0	0	0	0	0	0	0	0	0	0	0	0	0	0	0	0	0	0	0
21	1	501	5	3	187	0	2	0	0	9	0	2	23	496	0	7	94	264	427	2	0	1	0	0	0	0	0	4	7	52	0	8	15	5	171	0	1	0	1	167	297	24	1498	18	27	0	81	0	18	2	0	715	0	10	0	813	29	39	0	48	44	0	1	0	469	9	12	0	511	70	21	2	1
0	0	0	0	6	0	0	0	0	9	0	0	1	16	0	0	0	6	0	0	0	0	0	0	0	0	0	0	0	0	0	0	0	0	0	0	0	2	0	0	0	22	0	0	0	4	0	0	0	0	0	0	0	0	0	0	0	0	0	0	38	24	0	18	0	0	0	0	0	0	0	22	24	0
0	0	0	0	0	0	0	0	0	0	0	0	0	0	0	0	0	0	0	0	0	0	0	0	0	0	0	0	0	0	0	0	0	0	0	0	0	0	0	0	0	0	0	0	0	0	0	0	0	0	0	0	0	0	0	0	0	0	0	0	0	0	0	0	0	0	0	0	0	0	0	0	0	0
0	67	5	0	111	0	0	496	12	2	1	0	0	4	2	1	177	3	276	35	163	1	10	0	2	23	0	109	236	0	2	0	722	2441	26	0	0	8	0	280	48	5	137	1	4	420	0	9	0	0	0	0	0	0	13	8	57	144	53	0	7	9	0	23	0	25	12	8	0	74	186	264	7	33
2	2	349	0	203	0	0	3	0	23	16	0	4	0	8	0	1	20	1	2	3	0	2	0	2	0	0	0	4	0	5	43	19	84	2	3	0	128	0	2	12	95	0	21	12	45	0	1	0	4	0	0	0	0	1	69	1	191	15	1	977	752	0	130	0	10	0	1	5	20	1	106	46	1
0	0	42	1	4	21	0	1	0	496	0	0	2	8	0	0	2	8	149	30	2	0	0	0	0	0	0	0	4	0	3	0	4	6	1	65	0	0	0	0	4	295	23	1043	0	0	0	5	0	0	0	0	20	0	3	0	118	3	30	0	5	13	0	2	0	48	3	49	4	54	3	0	0	1
0	0	0	0	0	0	0	0	0	0	0	0	1	0	0	0	0	0	0	0	0	0	0	0	0	0	0	0	0	0	0	0	0	0	0	0	0	0	0	0	0	0	0	0	0	3	0	0	0	0	0	0	0	0	0	0	0	0	0	0	0	0	0	0	0	0	0	0	0	0	0	0	2	0
9	4	0	1	0	0	0	62	0	7	0	0	177	1	2	0	0	7	94	18	542	81	0	0	35	599	0	0	151	0	106	0	368	197	45	0	0	9	0	255	7	4	0	0	19	30	0	0	0	0	0	50	10	0	173	10	11	133	6	0	18	1	0	0	0	7	201	281	0	2	24	31	0	14
0	6	18	2	0	0	0	0	1	94	6	0	3	20	8	0	7	0	0	2	0	0	0	0	0	0	0	0	0	0	6	0	0	3	0	0	0	0	0	2	0	0	0	53	0	33	0	17	0	0	0	0	16	0	0	0	1	4	0	0	8	10	0	1	0	15	0	0	0	1	0	6	18	2
10	5	2	0	2	9	0	12	17	264	0	0	276	1	149	0	94	0	0	438	8	10	0	0	0	103	0	0	370	0	51	0	30	261	36	0	0	4	0	4	0	3	11	98	6	80	0	5	0	0	0	0	16	0	4	57	445	335	132	0	0	0	0	0	0	3	24	10	0	18	14	5	2	558
1	2	2	0	1	225	0	87	0	427	0	0	35	2	30	0	18	2	438	0	54	12	14	161	83	45	0	6	66	0	189	0	107	53	22	0	0	11	0	8	4	2	92	2	398	47	0	18	0	0	12	2	473	0	351	640	685	38	17	0	31	36	0	0	0	30	17	92	0	351	352	39	1	85
9	0	0	0	0	0	0	13	0	2	0	0	163	3	2	0	542	0	8	54	0	56	0	2	0	821	0	0	28	1	12	0	94	515	19	0	0	0	0	102	0	0	0	0	0	33	0	0	0	0	0	105	0	0	25	17	0	41	56	0	0	0	0	0	0	0	0	30	0	0	183	0	0	7
280	0	0	0	0	0	0	0	0	0	0	0	1	0	0	0	81	0	10	12	56	0	0	104	0	115	0	0	206	0	142	0	5	9	6	0	0	0	0	0	0	0	0	2	0	28	0	0	0	0	0	62	0	0	0	4	3	163	0	0	0	0	0	0	0	0	0	0	0	0	0	0	0	78
0	0	0	0	0	0	0	0	0	1	0	0	10	2	0	0	0	0	0	14	0	0	0	0	0	0	0	0	0	0	0	0	0	41	0	0	0	0	0	0	0	0	0	0	0	66	0	0	0	0	0	0	0	0	0	1	0	65	0	0	0	0	0	0	0	0	0	0	0	0	0	0	0	5
96	0	0	0	0	112	0	0	0	0	0	0	0	0	0	0	0	0	0	161	2	104	0	0	30	3	0	0	0	0	0	0	2	55	2	0	0	0	0	0	0	0	0	0	26	0	0	0	0	0	0	0	50	0	142	129	0	11	0	0	0	0	0	0	0	0	0	106	0	0	0	0	0	0
79	1	0	0	0	0	0	0	0	0	0	0	2	2	0	0	35	0	0	83	0	0	0	30	0	15	0	0	0	0	0	0	2	2	0	0	0	0	0	0	0	0	0	0	0	1	0	0	0	0	0	0	0	0	0	9	47	0	0	0	0	0	0	0	0	0	0	0	0	0	0	1	0	1
22	0	4	0	0	0	0	20	0	0	0	0	23	0	0	0	599	0	103	45	821	115	0	3	15	0	0	0	200	0	4	0	571	37	46	0	0	1	0	215	0	1	9	1	112	8	0	4	0	0	0	17	111	0	209	37	8	16	3	0	1	0	0	0	0	8	302	122	0	8	169	2	0	6
0	0	0	0	0	0	0	0	0	0	0	0	0	0	0	0	0	0	0	0	0	0	0	0	0	0	0	0	0	0	0	0	0	0	0	0	0	0	0	0	0	0	0	0	0	0	0	0	0	0	0	0	0	0	0	0	0	0	0	0	0	0	0	0	0	0	0	0	0	0	0	0	0	0
0	0	0	0	0	0	0	0	0	0	0	0	109	0	0	0	0	0	0	6	0	0	0	0	0	0	0	0	0	0	0	0	0	718	0	0	0	0	0	0	0	0	0	0	0	93	0	0	0	0	0	0	0	0	0	0	0	0	0	0	0	0	0	0	0	0	0	0	0	0	0	0	0	0
235	10	0	0	0	0	0	28	13	4	0	0	236	4	4	0	151	0	370	66	28	206	0	0	0	200	0	0	0	0	4	0	362	771	552	0	0	0	0	6	0	0	0	14	39	99	0	0	0	0	0	25	0	0	0	3	27	575	307	0	0	0	0	0	0	1	508	297	0	0	31	9	1	27
0	0	3	164	0	0	0	0	0	7	0	0	0	0	0	0	0	0	0	0	1	0	0	0	0	0	0	0	0	0	0	0	0	7	0	292	0	0	0	0	106	0	0	0	0	0	0	10	0	0	0	0	0	0	0	2	0	0	0	0	0	0	0	0	0	412	0	0	0	0	0	0	5	0
8	0	2	0	2	324	0	0	0	52	0	0	2	5	3	0	106	6	51	189	12	142	0	0	0	4	0	0	4	0	0	0	10	14	2	0	0	0	0	0	2	0	0	230	254	137	0	0	0	0	525	0	652	0	368	0	360	113	0	0	2	2	0	0	0	0	224	16	0	144	24	0	0	412
0	0	24	0	82	0	0	37	0	0	0	0	0	43	0	0	0	0	0	0	0	0	0	0	0	0	0	0	0	0	0	0	0	29	0	0	0	0	0	0	0	0	0	0	0	0	0	0	0	0	0	0	0	0	0	0	0	0	2	0	0	30	0	82	0	0	0	0	0	0	0	0	0	0
4	37	0	0	7	0	0	32	0	8	0	0	722	19	4	0	368	0	30	107	94	5	0	2	2	571	0	0	362	0	10	0	0	120	24	0	0	14	0	12	0	9	2	4	1	6	0	7	0	0	0	43	4	0	4	7	16	21	19	0	5	3	0	0	0	2	4	7	0	3	195	17	0	4
10	69	5	4	1015	0	0	323	0	15	0	0	2441	84	6	0	197	3	261	53	515	9	41	55	2	37	0	718	771	7	14	29	120	0	14	0	0	59	0	10	15	13	174	59	102	1915	0	0	0	0	0	17	0	0	233	5	19	1417	6	0	103	88	0	1	0	37	166	16	61	0	641	54	12	18
5	2	0	0	0	0	0	3	0	5	0	0	26	2	1	0	45	0	36	22	19	6	0	2	0	46	0	0	552	0	2	0	24	14	0	0	0	0	0	0	0	0	0	0	2	46	0	1	0	0	0	36	1	0	2	3	17	311	16	0	0	0	0	0	0	0	16	0	0	1	1	2	0	5
0	6	0	0	0	0	0	0	0	171	0	0	0	3	65	0	0	0	0	0	0	0	0	0	0	0	0	0	0	292	0	0	0	0	0	0	0	0	0	0	0	0	0	170	0	1	0	27	0	0	0	0	0	0	0	0	12	1	0	0	0	0	0	0	0	125	0	0	0	0	0	6	1	3
0	0	0	0	0	0	0	0	0	0	0	0	0	0	0	0	0	0	0	0	0	0	0	0	0	0	0	0	0	0	0	0	0	0	0	0	0	0	0	0	0	0	0	0	0	0	0	0	0	0	0	0	0	0	0	0	0	0	0	0	0	0	0	0	0	0	0	0	0	0	0	0	0	0
0	16	0	0	0	0	0	0	0	1	2	0	8	128	0	0	9	0	4	11	0	0	0	0	0	1	0	0	0	0	0	0	14	59	0	0	0	0	0	0	0	0	0	4	0	22	0	0	0	0	0	0	0	0	0	5	3	175	66	0	0	0	0	0	0	0	0	0	0	1	72	16	0	0
0	0	0	0	0	0	0	0	0	0	0	0	0	0	0	0	0	0	0	0	0	0	0	0	0	0	0	0	0	0	0	0	0	0	0	0	0	0	0	0	0	0	0	0	0	0	0	0	0	0	0	0	0	0	0	0	0	0	0	0	0	0	0	0	0	0	0	0	0	0	0	0	0	0
0	50	0	0	0	0	0	0	0	1	0	0	280	2	0	0	255	2	4	8	102	0	0	0	0	215	0	0	6	0	0	0	12	10	0	0	0	0	0	0	0	0	0	0	0	0	0	0	0	0	0	51	0	0	0	4	5	0	2	0	0	0	0	0	0	0	0	0	0	0	246	33	7	0
2	0	0	0	0	0	0	0	0	167	0	0	48	12	4	0	7	0	0	4	0	0	0	0	0	0	0	0	0	106	2	0	0	15	0	0	0	0	0	0	0	0	0	0	0	10	0	38	0	0	0	0	0	0	0	8	12	4	0	0	0	0	0	0	0	153	0	0	0	0	0	0	0	0
0	21	0	0	0	0	0	0	0	297	22	0	5	95	295	0	4	0	3	2	0	0	0	0	0	1	0	0	0	0	0	0	9	13	0	0	0	0	0	0	0	0	0	376	0	2	0	6	0	0	0	0	0	0	0	0	30	308	238	0	0	0	0	0	0	0	0	0	5	2	0	21	3	0
0	0	0	0	0	0	0	0	0	24	0	0	137	0	23	0	0	0	11	92	0	0	0	0	0	9	0	0	0	0	0	0	2	174	0	0	0	0	0	0	0	0	0	0	0	42	0	0	0	0	0	0	0	0	0	0	34	235	0	0	0	0	0	0	0	1	0	0	0	0	0	0	0	2
0	2	8	0	0	0	0	0	0	1498	0	0	1	21	1043	0	0	53	98	2	0	2	0	0	0	1	0	0	14	0	230	0	4	59	0	170	0	4	0	0	0	376	0	0	0	9	0	121	0	0	0	0	738	0	0	2	283	137	10	0	0	0	0	0	0	60	4	0	0	92	0	8	0	583
33	0	0	0	0	0	0	0	0	18	0	0	4	12	0	0	19	0	6	398	0	0	0	26	0	112	0	0	39	0	254	0	1	102	2	0	0	0	0	0	0	0	0	0	0	60	0	0	0	0	0	0	0	0	0	8	151	5	0	0	0	0	0	0	0	0	0	0	0	0	0	0	0	57
1	0	61	0	166	1	0	12	0	27	4	0	420	45	0	3	30	33	80	47	33	28	66	0	1	8	0	93	99	0	137	0	6	1915	46	1	0	22	0	0	10	2	42	9	60	0	0	6	0	16	0	0	38	0	21	7	9	255	12	0	149	155	0	0	0	29	85	15	9	0	27	17	12	4
0	0	0	0	0	0	0	0	0	0	0	0	0	0	0	0	0	0	0	0	0	0	0	0	0	0	0	0	0	0	0	0	0	0	0	0	0	0	0	0	0	0	0	0	0	0	0	0	0	0	0	0	0	0	0	0	0	0	0	0	0	0	0	0	0	0	0	0	0	0	0	0	0	0
0	0	37	5	7	3	0	0	0	81	0	0	9	1	5	0	0	17	5	18	0	0	0	0	0	4	0	0	0	10	0	0	7	0	1	27	0	0	0	0	38	6	0	121	0	6	0	0	0	0	1	0	31	0	0	0	43	0	1	0	0	0	0	2	0	49	1	0	0	51	0	3	0	0
0	0	0	0	0	0	0	0	0	0	0	0	0	0	0	0	0	0	0	0	0	0	0	0	0	0	0	0	0	0	0	0	0	0	0	0	0	0	0	0	0	0	0	0	0	0	0	0	0	0	0	0	0	0	0	0	0	0	0	0	0	0	0	0	0	0	0	0	0	0	0	0	0	0
4	0	0	0	0	0	0	0	4	18	0	0	0	4	0	0	0	0	0	0	0	0	0	0	0	0	0	0	0	0	0	0	0	0	0	0	0	0	0	0	0	0	0	0	0	16	0	0	0	0	0	0	0	0	0	0	0	3	0	0	0	0	0	0	0	0	0	0	0	0	0	0	0	2
0	0	0	0	0	0	0	0	0	2	0	0	0	0	0	0	0	0	0	12	0	0	0	0	0	0	0	0	0	0	525	0	0	0	0	0	0	0	0	0	0	0	0	0	0	0	0	1	0	0	0	0	0	0	0	0	0	0	0	0	0	0	0	0	0	0	0	0	0	0	0	0	0	7
0	0	0	0	0	0	0	1	0	0	0	0	0	0	0	0	50	0	0	2	105	62	0	0	0	17	0	0	25	0	0	0	43	17	36	0	0	0	0	51	0	0	0	0	0	0	0	0	0	0	0	0	0	0	50	28	0	9	0	0	0	0	0	0	0	0	47	28	0	0	20	0	0	0
4	1	0	0	0	2	0	0	0	715	0	0	0	0	20	0	10	16	16	473	0	0	0	50	0	111	0	0	0	0	652	0	4	0	1	0	0	0	0	0	0	0	0	738	0	38	0	31	0	0	0	0	0	0	0	0	424	72	0	0	0	0	0	0	0	0	0	0	0	6	0	1	0	819
0	0	0	0	0	0	0	0	0	0	0	0	0	0	0	0	0	0	0	0	0	0	0	0	0	0	0	0	0	0	0	0	0	0	0	0	0	0	0	0	0	0	0	0	0	0	0	0	0	0	0	0	0	0	0	0	0	0	0	0	0	0	0	0	0	0	0	0	0	0	0	0	0	0
182	0	0	0	0	0	0	0	0	10	0	0	13	1	3	0	173	0	4	351	25	0	0	142	0	209	0	0	0	0	368	0	4	233	2	0	0	0	0	0	0	0	0	0	0	21	0	0	0	0	0	50	0	0	0	69	9	20	2	0	0	0	0	0	0	0	0	0	0	0	0	0	0	4
0	7	0	0	0	0	0	1	0	0	0	0	8	69	0	0	10	0	57	640	17	4	1	129	9	37	0	0	3	2	0	0	7	5	3	0	0	5	0	4	8	0	0	2	8	7	0	0	0	0	0	28	0	0	69	0	308	2	0	0	3	3	0	0	0	0	0	23	0	38	7	8	0	0
0	6	274	0	0	58	0	0	0	813	0	0	57	1	118	0	11	1	445	685	0	3	0	0	47	8	0	0	27	0	360	0	16	19	17	12	0	3	0	5	12	30	34	283	151	9	0	43	0	0	0	0	424	0	9	308	0	15	166	2	4	11	0	1	0	137	18	1	0	411	25	19	0	274
7	12	12	0	2	114	0	20	0	29	0	0	144	191	3	0	133	4	335	38	41	163	65	11	0	16	0	0	575	0	113	0	21	1417	311	1	0	175	0	0	4	308	235	137	5	255	0	0	0	3	0	9	72	0	20	2	15	0	244	4	167	29	0	0	0	11	391	241	8	12	173	24	13	293
0	3	6	0	2	0	0	74	0	39	0	0	53	15	30	0	6	0	132	17	56	0	0	0	0	3	0	0	307	0	0	2	19	6	16	0	0	66	0	2	0	238	0	10	0	12	0	1	0	0	0	0	0	0	2	0	166	244	0	3	14	10	0	0	0	0	500	0	0	208	15	19	0	7
0	0	0	0	0	0	0	0	0	0	0	0	0	1	0	0	0	0	0	0	0	0	0	0	0	0	0	0	0	0	0	0	0	0	0	0	0	0	0	0	0	0	0	0	0	0	0	0	0	0	0	0	0	0	0	0	2	4	3	0	0	0	0	0	0	0	0	0	0	0	0	0	0	0
5	8	0	0	0	0	0	0	0	48	38	0	7	977	5	0	18	8	0	31	0	0	0	0	0	1	0	0	0	0	2	0	5	103	0	0	0	0	0	0	0	0	0	0	0	149	0	0	0	0	0	0	0	0	0	3	4	167	14	0	0	0	0	0	0	0	0	0	0	0	1	8	15	7
0	15	0	0	0	0	0	0	0	44	24	0	9	752	13	0	1	10	0	36	0	0	0	0	0	0	0	0	0	0	2	30	3	88	0	0	0	0	0	0	0	0	0	0	0	155	0	0	0	0	0	0	0	0	0	3	11	29	10	0	0	0	0	0	0	0	0	0	2	0	0	15	45	22
0	0	0	0	0	0	0	0	0	0	0	0	0	0	0	0	0	0	0	0	0	0	0	0	0	0	0	0	0	0	0	0	0	0	0	0	0	0	0	0	0	0	0	0	0	0	0	0	0	0	0	0	0	0	0	0	0	0	0	0	0	0	0	0	0	0	0	0	0	0	0	0	0	0
0	31	0	0	0	0	0	0	0	1	18	0	23	130	2	0	0	1	0	0	0	0	0	0	0	0	0	0	0	0	0	82	0	1	0	0	0	0	0	0	0	0	0	0	0	0	0	2	0	0	0	0	0	0	0	0	1	0	0	0	0	0	0	0	0	0	0	0	3	0	0	31	1	1
0	0	0	0	0	0	0	0	0	0	0	0	0	0	0	0	0	0	0	0	0	0	0	0	0	0	0	0	0	0	0	0	0	0	0	0	0	0	0	0	0	0	0	0	0	0	0	0	0	0	0	0	0	0	0	0	0	0	0	0	0	0	0	0	0	0	0	0	0	0	0	0	0	0
0	1	34	83	0	0	0	0	0	469	0	0	25	10	48	0	7	15	3	30	0	0	0	0	0	8	0	0	1	412	0	0	2	37	0	125	0	0	0	0	153	0	1	60	0	29	0	49	0	0	0	0	0	0	0	0	137	11	0	0	0	0	0	0	0	0	0	0	0	0	0	1	0	1
78	1	0	0	0	0	0	0	0	9	0	0	12	0	3	0	201	0	24	17	0	0	0	0	0	302	0	0	508	0	224	0	4	166	16	0	0	0	0	0	0	0	0	4	0	85	0	1	0	0	0	47	0	0	0	0	18	391	500	0	0	0	0	0	0	0	0	0	0	1	1	1	0	40
194	1	0	0	0	0	0	0	0	12	0	0	8	1	49	0	281	0	10	92	30	0	0	106	0	122	0	0	297	0	16	0	7	16	0	0	0	0	0	0	0	0	0	0	0	15	0	0	0	0	0	28	0	0	0	23	1	241	0	0	0	0	0	0	0	0	0	0	0	0	2	1	0	191
0	0	5	0	0	0	0	0	0	0	0	0	0	5	4	0	0	0	0	0	0	0	0	0	0	0	0	0	0	0	0	0	0	61	0	0	0	0	0	0	0	5	0	0	0	9	0	0	0	0	0	0	0	0	0	0	0	8	0	0	0	2	0	3	0	0	0	0	0	0	0	0	0	0
1	6	4	0	0	0	0	0	0	511	0	0	74	20	54	0	2	1	18	351	0	0	0	0	0	8	0	0	0	0	144	0	3	0	1	0	0	1	0	0	0	2	0	92	0	0	0	51	0	0	0	0	6	0	0	38	411	12	208	0	0	0	0	0	0	0	1	0	0	0	2	4	0	35
0	21	0	0	0	0	0	3	0	70	0	0	186	1	3	0	24	0	14	352	183	0	0	0	0	169	0	0	31	0	24	0	195	641	1	0	0	72	0	246	0	0	0	0	0	27	0	0	0	0	0	20	0	0	0	7	25	173	15	0	1	0	0	0	0	0	1	2	0	2	0	142	0	10
0	0	11	0	10	0	0	5	0	21	22	0	264	106	0	0	31	6	5	39	0	0	0	0	1	2	0	0	9	0	0	0	17	54	2	6	0	16	0	33	0	21	0	8	0	17	0	3	0	0	0	0	1	0	0	8	19	24	19	0	8	15	0	31	0	1	1	1	0	4	142	0	2	7
0	2	14	7	0	0	0	0	0	2	24	0	7	46	0	2	0	18	2	1	0	0	0	0	0	0	0	0	1	5	0	0	0	12	0	1	0	0	0	7	0	3	0	0	0	12	0	0	0	0	0	0	0	0	0	0	0	13	0	0	15	45	0	1	0	0	0	0	0	0	0	2	0	1
7	0	0	0	1	213	0	0	0	1	0	0	33	1	1	0	14	2	558	85	7	78	5	0	1	6	0	0	27	0	412	0	4	18	5	3	0	0	0	0	0	0	2	583	57	4	0	0	0	2	7	0	819	0	4	0	274	293	7	0	7	22	0	1	0	1	40	191	0	35	10	7	1	0
