0	0	0	0	0	9	0	0	0	0	0	0	0	0	0	0	6	0	11	0	4	161	0	162	20	4	0	0	29	0	16	0	3	1	39	0	0	0	0	3	0	0	0	0	6	0	0	0	0	2	0	110	1	0	146	0	0	16	0	0	1	0	0	0	0	0	14	137	0	0	0	0	0	1
0	0	18	3	134	1	0	71	0	10	0	0	91	45	0	0	19	1	1	11	1	4	4	1	0	0	0	0	4	10	16	3	11	94	11	1	0	28	0	52	0	41	0	97	0	77	0	0	0	8	0	0	1	0	7	2	19	6	55	0	46	116	0	56	0	8	6	32	8	32	45	9	33	15
0	18	0	0	0	24	0	0	2	487	0	0	4	201	97	0	6	15	0	7	7	0	0	0	0	1	7	0	56	0	0	14	0	3	0	0	0	0	0	0	0	0	0	0	2	0	0	0	0	0	0	0	0	0	0	0	154	0	10	0	0	13	0	0	0	20	0	0	1	3	0	18	31	11
0	3	0	0	0	0	0	0	2	1	0	0	0	4	5	0	0	0	0	3	0	0	0	0	0	1	7	0	0	786	4	9	0	1	0	0	0	0	0	0	0	0	0	0	0	0	0	0	0	0	0	0	0	0	0	0	0	0	0	0	0	1	0	0	0	37	0	0	0	0	0	3	17	0
0	134	0	0	0	1	0	0	0	31	4	0	244	38	2	0	6	5	2	8	1	0	0	0	0	0	0	0	0	3	0	862	0	1871	0	0	0	0	0	0	0	0	0	0	0	0	0	0	0	0	0	0	0	0	0	0	2	0	0	0	0	83	0	0	0	0	0	0	0	1	0	116	37	0
9	1	24	0	1	0	0	1	0	203	0	0	7	0	0	0	1211	47	163	9	649	109	12	85	57	634	0	0	268	0	50	0	246	184	332	0	0	4	0	589	0	0	0	28	532	3	0	0	0	0	190	99	280	0	179	57	181	275	0	0	0	3	0	0	0	0	117	135	0	115	60	4	9	315
0	0	0	0	0	0	0	0	0	0	0	0	0	0	0	0	0	0	0	0	0	0	0	0	0	0	0	0	0	3	0	0	0	0	0	0	0	0	0	0	0	0	0	0	0	0	0	0	0	0	0	0	0	0	0	0	0	0	0	0	0	0	0	0	0	0	0	0	0	0	0	0	0	0
0	71	0	0	0	1	0	0	0	0	0	0	580	0	0	0	153	0	6	70	76	0	0	0	0	4	0	0	10	0	0	1164	7	811	0	0	0	0	0	0	0	0	0	0	0	0	0	0	0	0	0	0	0	0	0	0	0	0	30	0	0	0	0	0	0	0	0	0	0	0	0	55	0	0
0	0	2	2	0	0	0	0	0	1	0	0	0	2	0	0	0	0	1	0	0	0	0	0	0	0	0	0	1	0	0	0	0	0	1	0	0	0	0	1	0	1	0	0	0	0	0	0	0	4	0	0	0	0	0	0	16	0	0	0	0	6	0	0	0	0	0	0	0	0	1	0	0	0
0	10	487	1	31	203	0	0	1	0	0	0	2	38	223	0	5	123	272	148	2	0	3	0	0	3	2	0	0	14	120	1	7	0	1	183	0	17	0	1	0	189	0	401	0	0	0	0	0	9	63	0	682	0	0	0	465	6	3	0	34	107	0	2	0	378	1	17	0	530	1	33	24	1
0	0	0	0	4	0	0	0	0	0	0	0	0	0	0	0	0	0	0	48	0	0	0	0	0	0	0	0	0	0	0	0	0	0	0	0	0	0	0	0	0	2	0	6	0	0	0	0	0	0	0	0	0	0	0	0	0	0	0	0	0	20	0	0	0	0	0	0	0	0	0	6	0	0
0	0	0	0	0	0	0	0	0	0	0	0	0	0	0	0	0	0	0	0	0	0	0	0	0	0	0	0	0	0	0	0	0	0	0	0	0	0	0	0	0	0	0	0	0	0	0	0	0	0	0	0	0	0	0	0	0	0	0	0	0	0	0	0	0	0	0	0	0	0	0	0	0	0
0	91	4	0	244	7	0	580	0	2	0	0	0	5	6	1	107	1	132	202	137	1	16	0	1	8	0	0	44	0	1	944	578	3832	66	0	0	7	0	855	0	2	0	3	3	305	0	0	0	21	0	1	0	0	18	22	66	29	61	0	3	5	0	2	0	7	3	4	0	72	460	153	0	0
0	45	201	4	38	0	0	0	2	38	0	0	5	0	1	0	0	2	4	5	1	0	22	0	0	1	0	0	1	0	64	659	5	1	2	43	0	269	0	4	0	260	1	444	2	3	0	0	0	9	0	0	0	0	0	43	42	6	17	0	601	1260	0	54	0	15	1	15	0	9	1	135	69	0
0	0	97	5	2	0	0	0	0	223	0	0	6	1	0	0	5	23	43	1	0	0	16	15	16	0	2	0	1	0	7	0	3	1	4	198	0	10	0	4	0	57	0	33	0	0	0	0	0	0	0	0	0	0	0	0	36	19	0	0	5	5	0	0	0	128	6	33	0	2	0	3	3	3
0	0	0	0	0	0	0	0	0	0	0	0	1	0	0	0	0	0	0	0	0	0	0	0	0	0	0	0	0	0	0	0	0	8	0	0	0	0	0	0	0	0	0	0	0	0	0	0	0	0	0	0	0	0	0	0	0	0	0	0	0	0	0	0	0	0	0	0	0	0	0	0	1	0
6	19	6	0	6	1211	0	153	0	5	0	0	107	0	5	0	0	3	203	2	1353	91	4	48	0	759	0	0	59	0	12	0	365	290	73	4	0	19	0	708	0	0	0	49	199	30	0	0	0	0	0	88	62	0	137	27	27	210	43	0	29	89	0	0	5	0	183	223	0	4	105	59	8	36
0	1	15	0	5	47	0	0	0	123	0	0	1	2	23	0	3	0	0	0	0	0	3	0	0	0	0	0	0	2	14	0	10	1	1	4	0	34	0	1	0	3	0	124	2	32	0	0	0	759	1	0	39	0	0	0	8	13	0	0	35	36	0	0	0	2	0	0	0	1	1	3	4	4
11	1	0	0	2	163	0	6	1	272	0	0	132	4	43	0	203	0	0	151	222	24	6	10	0	170	0	0	467	7	33	1	38	154	20	0	0	6	0	20	0	76	0	4	4	0	0	0	0	0	2	4	30	0	2	35	309	22	296	0	0	0	0	0	0	6	36	130	0	10	38	1	1	692
0	11	7	3	8	9	0	70	0	148	48	0	202	5	1	0	2	0	151	0	24	45	12	33	117	6	0	0	23	0	18	10	105	291	61	1	0	13	0	221	0	3	0	2	28	16	0	0	0	0	2	1	134	0	89	145	214	111	115	0	14	6	0	0	0	41	123	53	2	183	240	44	2	0
4	1	7	0	1	649	0	76	0	2	0	0	137	1	0	0	1353	0	222	24	0	48	2	4	0	956	0	0	85	2	2	0	873	671	108	0	0	4	0	912	0	1	0	10	111	42	0	0	0	0	0	63	41	0	87	60	14	158	8	0	3	4	0	3	0	0	13	129	0	16	431	10	0	11
161	4	0	0	0	109	0	0	0	0	0	0	1	0	0	0	91	0	24	45	48	0	0	4	84	131	0	0	39	0	37	0	1	218	0	0	0	0	0	0	0	0	0	0	156	0	0	0	0	0	2	355	0	0	0	1	0	0	8	0	0	0	0	0	0	0	0	0	0	0	0	4	0	85
0	4	0	0	0	12	0	0	0	3	0	0	16	22	16	0	4	3	6	12	2	0	0	0	0	2	0	0	27	0	4	0	0	6	0	0	0	0	0	0	0	0	0	0	0	0	0	0	0	0	0	3	0	0	0	73	4	0	0	0	0	0	0	0	0	0	0	0	0	0	0	4	0	2
162	1	0	0	0	85	0	0	0	0	0	0	0	0	15	0	48	0	10	33	4	4	0	0	636	5	0	0	0	3	0	0	13	1	6	0	0	0	0	0	0	0	0	0	70	0	0	0	0	0	0	482	0	0	42	139	13	0	0	0	0	0	0	0	0	0	0	40	0	0	0	1	0	4
20	0	0	0	0	57	0	0	0	0	0	0	1	0	16	0	0	0	0	117	0	84	0	636	0	0	0	0	0	0	1	0	2	6	2	0	0	0	0	0	0	0	0	2	48	0	0	0	0	0	0	0	32	0	76	116	0	0	0	0	0	0	0	0	0	0	0	103	0	1	0	0	1	0
4	0	1	1	0	634	0	4	0	3	0	0	8	1	0	0	759	0	170	6	956	131	2	5	0	0	0	0	70	1	5	0	591	76	97	0	0	3	0	518	0	0	0	1	143	5	0	0	0	0	0	112	64	0	147	25	25	178	1	0	0	1	0	0	0	0	196	103	0	9	324	4	0	4
0	0	7	7	0	0	0	0	0	2	0	0	0	0	2	0	0	0	0	0	0	0	0	0	0	0	0	0	0	228	0	0	0	0	0	6	0	0	0	0	0	0	0	3	0	0	0	0	0	0	0	0	0	0	0	0	0	0	0	0	1	0	0	0	0	16	0	0	0	0	0	0	0	0
0	0	0	0	0	0	0	0	0	0	0	0	0	0	0	0	0	0	0	0	0	0	0	0	0	0	0	0	0	0	0	0	0	0	0	0	0	0	0	0	0	0	0	0	0	0	0	0	0	0	0	0	0	0	0	0	0	0	0	0	0	0	0	0	0	0	0	0	0	0	0	0	0	0
29	4	56	0	0	268	0	10	1	0	0	0	44	1	1	0	59	0	467	23	85	39	27	0	0	70	0	0	0	2	0	2	202	86	305	0	0	247	0	435	0	0	0	0	38	2	0	0	0	0	0	82	0	0	8	126	21	214	249	0	0	0	0	0	0	0	178	298	0	1	14	4	0	2
0	10	0	786	3	0	3	0	0	14	0	0	0	0	0	0	0	2	7	0	2	0	0	3	0	1	228	0	2	0	11	6	0	9	6	1511	0	10	0	0	0	0	0	6	0	0	0	0	0	0	0	1	9	0	1	0	0	1	0	0	6	1	0	0	0	2259	10	4	0	0	1	43	27	1
16	16	0	4	0	50	0	0	0	120	0	0	1	64	7	0	12	14	33	18	2	37	4	0	1	5	0	0	0	11	0	51	0	8	0	0	0	13	0	5	0	0	0	8	53	0	0	0	0	0	102	0	98	0	142	0	206	6	2	0	0	4	0	0	0	0	198	6	0	6	0	16	0	470
0	3	14	9	862	0	0	1164	0	1	0	0	944	659	0	0	0	0	1	10	0	0	0	0	0	0	0	0	2	6	51	0	1	904	2	0	0	0	0	1090	0	19	1	150	0	1117	0	0	0	0	0	0	0	0	0	0	8	13	0	0	7	433	0	1507	0	0	0	0	305	15	2	55	11	0
3	11	0	0	0	246	0	7	0	7	0	0	578	5	3	0	365	10	38	105	873	1	0	13	2	591	0	0	202	0	0	1	0	116	22	0	0	6	0	59	0	0	0	2	2	3	0	0	0	0	0	72	0	0	5	3	8	9	12	1	1	9	0	0	0	1	1	5	0	1	21	5	4	3
1	94	3	1	1871	184	0	811	0	0	0	0	3832	1	1	8	290	1	154	291	671	218	6	1	6	76	0	0	86	9	8	904	116	0	195	0	0	4	0	2284	0	0	0	1	0	1039	0	0	0	185	10	214	51	0	336	5	100	973	75	0	1	2	0	2	0	42	612	39	0	412	981	216	4	35
39	11	0	0	0	332	0	0	1	1	0	0	66	2	4	0	73	1	20	61	108	0	0	6	2	97	0	0	305	6	0	2	22	195	0	0	0	0	0	0	0	0	0	0	2	0	0	0	0	0	0	63	0	0	0	0	15	0	272	1	0	10	0	0	0	0	0	0	0	0	0	10	0	0
0	1	0	0	0	0	0	0	0	183	0	0	0	43	198	0	4	4	0	1	0	0	0	0	0	0	6	0	0	1511	0	0	0	0	0	0	0	0	0	0	0	0	0	0	0	0	0	0	0	0	1	0	0	0	0	0	2	0	0	0	0	4	0	0	0	62	0	0	0	0	0	1	7	9
0	0	0	0	0	0	0	0	0	0	0	0	0	0	0	0	0	0	0	0	0	0	0	0	0	0	0	0	0	0	0	0	0	0	0	0	0	0	0	0	0	0	0	0	0	0	0	0	0	0	0	0	0	0	0	0	0	0	0	0	0	0	0	0	0	0	0	0	0	0	0	0	0	0
0	28	0	0	0	4	0	0	0	17	0	0	7	269	10	0	19	34	6	13	4	0	0	0	0	3	0	0	247	10	13	0	6	4	0	0	0	0	0	0	0	0	0	0	2	0	0	0	0	0	0	0	0	0	0	9	3	0	74	0	0	2	0	0	0	0	0	0	2	0	0	27	14	0
0	0	0	0	0	0	0	0	0	0	0	0	0	0	0	0	0	0	0	0	0	0	0	0	0	0	0	0	0	0	0	0	0	0	0	0	0	0	0	0	0	0	0	0	0	0	0	0	0	0	0	0	0	0	0	0	0	0	0	0	0	0	0	0	0	0	0	0	0	0	0	0	0	0
3	52	0	0	0	589	0	0	1	1	0	0	855	4	4	0	708	1	20	221	912	0	0	0	0	518	0	0	435	0	5	1090	59	2284	0	0	0	0	0	0	0	0	0	0	6	0	0	0	0	0	0	73	0	0	0	2	7	0	54	2	0	0	0	0	0	1	0	0	0	4	0	23	1	19
0	0	0	0	0	0	0	0	0	0	0	0	0	0	0	0	0	0	0	0	0	0	0	0	0	0	0	0	0	0	0	0	0	0	0	0	0	0	0	0	0	0	0	0	0	0	0	0	0	0	0	0	0	0	0	0	0	0	0	0	0	0	0	0	0	0	0	0	0	0	0	0	0	0
0	41	0	0	0	0	0	0	1	189	2	0	2	260	57	0	0	3	76	3	1	0	0	0	0	0	0	0	0	0	0	19	0	0	0	0	0	0	0	0	0	0	0	2	0	0	0	0	0	0	0	0	0	0	0	0	14	0	154	0	0	1	0	0	0	0	0	0	1	0	0	41	9	2
0	0	0	0	0	0	0	0	0	0	0	0	0	1	0	0	0	0	0	0	0	0	0	0	0	0	0	0	0	0	0	1	0	0	0	0	0	0	0	0	0	0	0	1	0	0	0	0	0	0	0	0	0	0	0	0	1	0	0	0	0	1	0	0	0	0	0	0	0	0	0	1	0	0
0	97	0	0	0	28	0	0	0	401	6	0	3	444	33	0	49	124	4	2	10	0	0	0	2	1	3	0	0	6	8	150	2	1	0	0	0	0	0	0	0	2	1	0	0	0	0	0	0	0	3	0	0	0	0	0	114	0	0	0	2	158	0	0	0	2	0	0	2	4	0	97	58	252
6	0	2	0	0	532	0	0	0	0	0	0	3	2	0	0	199	2	4	28	111	156	0	70	48	143	0	0	38	0	53	0	2	0	2	0	0	2	0	6	0	0	0	0	428	3	0	0	0	0	170	50	206	0	181	9	78	1	0	0	0	2	0	0	0	0	14	14	0	2	4	0	2	58
0	77	0	0	0	3	0	0	0	0	0	0	305	3	0	0	30	32	0	16	42	0	0	0	0	5	0	0	2	0	0	1117	3	1039	0	0	0	0	0	0	0	0	0	0	3	0	0	0	0	0	0	3	0	0	0	0	2	0	0	0	0	38	0	0	0	0	0	0	0	2	0	60	30	0
0	0	0	0	0	0	0	0	0	0	0	0	0	0	0	0	0	0	0	0	0	0	0	0	0	0	0	0	0	0	0	0	0	0	0	0	0	0	0	0	0	0	0	0	0	0	0	0	0	0	0	0	0	0	0	0	0	0	0	0	0	0	0	0	0	0	0	0	0	0	0	0	0	0
0	0	0	0	0	0	0	0	0	0	0	0	0	0	0	0	0	0	0	0	0	0	0	0	0	0	0	0	0	0	0	0	0	0	0	0	0	0	0	0	0	0	0	0	0	0	0	0	0	0	0	0	0	0	0	0	0	0	0	0	0	0	0	0	0	0	0	0	0	0	0	0	0	0
0	0	0	0	0	0	0	0	0	0	0	0	0	0	0	0	0	0	0	0	0	0	0	0	0	0	0	0	0	0	0	0	0	0	0	0	0	0	0	0	0	0	0	0	0	0	0	0	0	0	0	0	0	0	0	0	0	0	0	0	0	0	0	0	0	0	0	0	0	0	0	0	0	0
2	8	0	0	0	0	0	0	4	9	0	0	21	9	0	0	0	759	0	0	0	0	0	0	0	0	0	0	0	0	0	0	0	185	0	0	0	0	0	0	0	0	0	0	0	0	0	0	0	0	0	0	0	0	0	0	3	0	0	0	0	0	0	0	0	0	0	0	0	0	0	8	3	0
0	0	0	0	0	190	0	0	0	63	0	0	0	0	0	0	0	1	2	2	0	2	0	0	0	0	0	0	0	0	102	0	0	10	0	1	0	0	0	0	0	0	0	3	170	0	0	0	0	0	0	1	119	0	6	0	35	0	0	0	0	0	0	0	0	0	0	0	0	22	0	0	0	188
110	0	0	0	0	99	0	0	0	0	0	0	1	0	0	0	88	0	4	1	63	355	3	482	0	112	0	0	82	1	0	0	72	214	63	0	0	0	0	73	0	0	0	0	50	3	0	0	0	0	1	0	2	0	369	6	3	25	1	0	0	0	0	0	0	0	60	290	0	0	10	2	0	1
1	1	0	0	0	280	0	0	0	682	0	0	0	0	0	0	62	39	30	134	41	0	0	0	32	64	0	0	0	9	98	0	0	51	0	0	0	0	0	0	0	0	0	0	206	0	0	0	0	0	119	2	0	0	0	0	320	0	0	0	0	0	0	0	0	0	0	0	0	3	0	1	0	676
0	0	0	0	0	0	0	0	0	0	0	0	0	0	0	0	0	0	0	0	0	0	0	0	0	0	0	0	0	0	0	0	0	0	0	0	0	0	0	0	0	0	0	0	0	0	0	0	0	0	0	0	0	0	0	0	0	0	0	0	0	0	0	0	0	0	0	0	0	0	0	0	0	0
146	7	0	0	0	179	0	0	0	0	0	0	18	0	0	0	137	0	2	89	87	0	0	42	76	147	0	0	8	1	142	0	5	336	0	0	0	0	0	0	0	0	0	0	181	0	0	0	0	0	6	369	0	0	0	90	0	0	4	0	0	0	0	0	0	0	0	0	0	0	0	7	1	9
0	2	0	0	0	57	0	0	0	0	0	0	22	43	0	0	27	0	35	145	60	1	73	139	116	25	0	0	126	0	0	0	3	5	0	0	0	9	0	2	0	0	0	0	9	0	0	0	0	0	0	6	0	0	90	0	98	0	0	0	0	1	0	0	0	0	0	12	0	38	3	2	0	2
0	19	154	0	2	181	0	0	16	465	0	0	66	42	36	0	27	8	309	214	14	0	4	13	0	25	0	0	21	0	206	8	8	100	15	2	0	3	0	7	0	14	1	114	78	2	0	0	0	3	35	3	320	0	0	98	0	15	90	0	7	69	0	0	0	16	9	2	1	292	12	21	22	137
16	6	0	0	0	275	0	0	0	6	0	0	29	6	19	0	210	13	22	111	158	0	0	0	0	178	0	0	214	1	6	13	9	973	0	0	0	0	0	0	0	0	0	0	1	0	0	0	0	0	0	25	0	0	0	0	15	0	244	0	0	8	0	0	0	3	0	0	0	3	0	6	13	308
0	55	10	0	0	0	0	30	0	3	0	0	61	17	0	0	43	0	296	115	8	8	0	0	0	1	0	0	249	0	2	0	12	75	272	0	0	74	0	54	0	154	0	0	0	0	0	0	0	0	0	1	0	0	4	0	90	244	0	0	22	2	0	0	0	18	428	20	0	228	64	85	7	24
0	0	0	0	0	0	0	0	0	0	0	0	0	0	0	0	0	0	0	0	0	0	0	0	0	0	0	0	0	0	0	0	1	0	1	0	0	0	0	2	0	0	0	0	0	0	0	0	0	0	0	0	0	0	0	0	0	0	0	0	0	0	0	0	0	0	0	0	0	0	0	0	0	0
1	46	0	0	0	0	0	0	0	34	0	0	3	601	5	0	29	35	0	14	3	0	0	0	0	0	1	0	0	6	0	7	1	1	0	0	0	0	0	0	0	0	0	2	0	0	0	0	0	0	0	0	0	0	0	0	7	0	22	0	0	43	0	0	0	0	0	0	0	1	0	46	23	2
0	116	13	1	83	3	0	0	6	107	20	0	5	1260	5	0	89	36	0	6	4	0	0	0	0	1	0	0	0	1	4	433	9	2	10	4	0	2	0	0	0	1	1	158	2	38	0	0	0	0	0	0	0	0	0	1	69	8	2	0	43	0	0	0	0	11	0	0	30	27	0	134	63	28
0	0	0	0	0	0	0	0	0	0	0	0	0	0	0	0	0	0	0	0	0	0	0	0	0	0	0	0	0	0	0	0	0	0	0	0	0	0	0	0	0	0	0	0	0	0	0	0	0	0	0	0	0	0	0	0	0	0	0	0	0	0	0	0	0	0	0	0	0	0	0	0	0	0
0	56	0	0	0	0	0	0	0	2	0	0	2	54	0	0	0	0	0	0	3	0	0	0	0	0	0	0	0	0	0	1507	0	2	0	0	0	0	0	0	0	0	0	0	0	0	0	0	0	0	0	0	0	0	0	0	0	0	0	0	0	0	0	0	0	0	0	0	0	0	0	49	0	0
0	0	0	0	0	0	0	0	0	0	0	0	0	0	0	0	5	0	0	0	0	0	0	0	0	0	0	0	0	0	0	0	0	0	0	0	0	0	0	0	0	0	0	0	0	0	0	0	0	0	0	0	0	0	0	0	0	0	0	0	0	0	0	0	0	0	0	0	0	0	0	0	0	0
0	8	20	37	0	0	0	0	0	378	0	0	7	15	128	0	0	2	6	41	0	0	0	0	0	0	16	0	0	2259	0	0	1	42	0	62	0	0	0	1	0	0	0	2	0	0	0	0	0	0	0	0	0	0	0	0	16	3	18	0	0	11	0	0	0	0	0	0	0	0	1	8	0	2
14	6	0	0	0	117	0	0	0	1	0	0	3	1	6	0	183	0	36	123	13	0	0	0	0	196	0	0	178	10	198	0	1	612	0	0	0	0	0	0	0	0	0	0	14	0	0	0	0	0	0	60	0	0	0	0	9	0	428	0	0	0	0	0	0	0	0	0	0	0	0	6	0	103
137	32	0	0	0	135	0	0	0	17	0	0	4	15	33	0	223	0	130	53	129	0	0	40	103	103	0	0	298	4	6	0	5	39	0	0	0	0	0	0	0	0	0	0	14	0	0	0	0	0	0	290	0	0	0	12	2	0	20	0	0	0	0	0	0	0	0	0	0	0	0	32	0	496
0	8	1	0	0	0	0	0	0	0	0	0	0	0	0	0	0	0	0	2	0	0	0	0	0	0	0	0	0	0	0	305	0	0	0	0	0	2	0	0	0	1	0	2	0	0	0	0	0	0	0	0	0	0	0	0	1	0	0	0	0	30	0	0	0	0	0	0	0	1	0	10	8	0
0	32	3	0	1	115	0	0	0	530	0	0	72	9	2	0	4	1	10	183	16	0	0	0	1	9	0	0	1	0	6	15	1	412	0	0	0	0	0	4	0	0	0	4	2	2	0	0	0	0	22	0	3	0	0	38	292	3	228	0	1	27	0	0	0	0	0	0	1	0	4	22	2	16
0	45	0	0	0	60	0	0	1	1	0	0	460	1	0	0	105	1	38	240	431	0	0	0	0	324	0	0	14	1	0	2	21	981	0	0	0	0	0	0	0	0	0	0	4	0	0	0	0	0	0	10	0	0	0	3	12	0	64	0	0	0	0	0	0	1	0	0	0	4	0	38	1	25
0	9	18	3	116	4	0	55	0	33	6	0	153	135	3	0	59	3	1	44	10	4	4	1	0	4	0	0	4	43	16	55	5	216	10	1	0	27	0	23	0	41	1	97	0	60	0	0	0	8	0	2	1	0	7	2	21	6	85	0	46	134	0	49	0	8	6	32	10	22	38	0	85	36
0	33	31	17	37	9	0	0	0	24	0	0	0	69	3	1	8	4	1	2	0	0	0	0	1	0	0	0	0	27	0	11	4	4	0	7	0	14	0	1	0	9	0	58	2	30	0	0	0	3	0	0	0	0	1	0	22	13	7	0	23	63	0	0	0	0	0	0	8	2	1	85	0	0
1	15	11	0	0	315	0	0	0	1	0	0	0	0	3	0	36	4	692	0	11	85	2	4	0	4	0	0	2	1	470	0	3	35	0	9	0	0	0	19	0	2	0	252	58	0	0	0	0	0	188	1	676	0	9	2	137	308	24	0	2	28	0	0	0	2	103	496	0	16	25	36	0	0
