0	6	0	0	0	165	25	0	0	0	0	0	4	1	0	2	149	0	70	7	5	800	2	368	205	15	0	0	0	0	16	0	60	16	411	0	0	0	1	48	2	0	0	0	45	5	0	4	0	4	3	87	23	0	566	31	0	244	2	4	0	1	0	0	0	0	160	643	0	14	4	5	1	7
6	28	33	0	426	3	9	213	9	7	48	0	1216	53	11	280	17	30	80	99	5	2	25	0	1	7	5	0	0	0	8	0	104	429	21	35	0	0	5	777	12	13	0	10	7	484	25	0	0	1	0	1	1	0	12	3	171	126	61	774	11	84	0	183	0	2	7	10	16	49	312	36	703	2
0	33	0	0	0	0	0	6	13	548	24	0	6	221	369	0	5	8	0	15	8	0	0	0	0	0	458	0	0	0	41	0	7	0	2	4	0	0	0	0	139	19	0	28	19	0	0	471	0	0	0	0	0	0	0	0	326	8	126	25	0	152	0	38	0	64	0	0	9	3	0	26	57	0
0	0	0	0	0	0	0	0	0	3	0	0	0	0	1	0	5	2	0	0	0	0	0	0	0	0	0	0	0	0	0	0	0	0	19	0	0	0	0	0	0	0	0	0	0	0	0	0	0	0	0	0	0	0	0	0	0	0	0	0	8	0	0	0	0	1	0	3	0	0	3	0	1	0
0	426	0	0	0	0	0	33	9	8	472	0	139	109	8	0	8	6	0	4	0	0	0	2	0	5	11	0	0	0	5	0	0	0	0	0	0	0	0	0	19	58	0	0	12	0	0	35	0	0	0	0	0	0	2	0	0	15	6	13	0	695	0	270	0	0	0	0	4	0	0	20	552	0
165	3	0	0	0	0	0	0	0	1	0	0	1	0	0	0	487	0	6	15	249	26	0	14	0	265	0	0	0	0	6	0	29	0	19	0	0	0	0	0	2	0	0	0	119	0	0	0	0	0	3	112	0	0	3	1	0	18	0	0	0	0	0	0	0	0	0	0	0	0	0	3	0	0
25	9	0	0	0	0	0	0	11	1	0	0	1	0	97	0	47	11	0	1	0	10	0	0	0	20	0	0	0	0	0	0	1	0	6	4	0	0	0	0	435	1	0	346	31	0	0	1	0	0	0	61	0	0	12	0	4	0	0	3	0	1	0	0	0	2	0	0	0	0	0	7	1	0
0	213	6	0	33	0	0	0	33	0	0	0	1160	2	0	0	810	0	262	430	843	6	1	0	1	54	9	0	0	0	0	0	751	8	73	0	0	0	157	885	0	2	0	0	23	3	0	0	0	0	0	6	0	0	1	234	20	73	314	1600	0	1	0	6	0	0	0	1	0	72	694	32	0	0
0	9	13	0	9	0	11	33	0	1	0	0	10	6	0	4	3	14	5	58	4	0	0	0	0	1	0	0	0	0	11	0	68	19	44	3	0	0	0	0	24	21	0	16	109	0	11	1	0	4	0	0	1	0	2	13	25	0	39	42	0	8	0	14	0	0	5	6	0	39	35	32	17	14
0	7	548	3	8	1	1	0	1	0	77	0	11	15	1057	40	0	69	300	299	0	0	0	0	0	17	131	0	0	0	328	0	10	0	2	592	0	0	0	0	307	377	0	824	4	2	12	1359	0	2	64	3	727	0	13	3	976	6	6	0	0	86	0	1	0	340	0	28	7	660	3	16	35	0
0	48	24	0	472	0	0	0	0	77	0	0	3	301	74	150	0	78	0	78	0	0	28	0	2	0	0	0	0	0	0	0	28	142	0	76	0	0	0	0	31	415	0	40	0	62	114	0	0	2	0	0	0	0	0	0	45	0	18	0	122	571	0	101	0	56	0	0	12	4	0	119	408	2
0	0	0	0	0	0	0	0	0	0	0	0	0	0	0	0	0	0	0	0	0	0	0	0	0	0	0	0	0	0	0	0	0	0	0	0	0	0	0	0	0	0	0	0	0	0	0	0	0	0	0	0	0	0	0	0	0	0	0	0	0	0	0	0	0	0	0	0	0	0	0	0	0	0
4	1216	6	0	139	1	1	1160	10	11	3	0	0	7	8	93	428	3	197	60	159	2	2	0	8	10	0	0	0	0	2	0	379	465	55	2	0	0	170	563	16	6	0	9	6	373	2	1	0	0	0	18	0	0	23	41	74	74	81	685	0	25	0	12	0	3	2	16	0	63	471	44	40	11
1	53	221	0	109	0	0	2	6	15	301	0	7	0	173	8	0	24	0	8	1	0	1	0	0	3	30	0	0	0	77	0	21	0	1	18	0	0	16	1	9	226	0	3	31	11	184	1	0	2	0	4	0	0	2	48	34	40	45	1	200	1548	0	97	0	23	1	0	2	27	9	171	84	0
0	11	369	1	8	0	97	0	0	1057	74	0	8	173	0	21	1	130	128	4	0	1	0	0	0	36	167	0	0	0	9	0	5	0	1	660	0	0	0	1	462	787	0	912	10	0	69	1171	0	14	1	0	26	0	18	0	499	13	45	3	0	230	0	5	0	345	1	51	94	294	7	26	13	7
2	280	0	0	0	0	0	0	4	40	150	0	93	8	21	0	4	3	2	2	2	1	0	0	0	10	0	0	0	0	29	0	0	0	1	0	0	0	0	0	1	4	0	0	1	0	0	22	0	0	11	17	0	0	2	0	0	4	2	16	0	221	0	121	0	0	0	0	11	1	0	15	159	0
149	17	5	5	8	487	47	810	3	0	0	0	428	0	1	4	0	1	210	56	1198	151	3	41	30	824	0	0	0	0	14	0	609	264	198	2	0	0	248	709	7	30	0	0	420	34	2	2	0	0	4	1180	182	0	336	24	15	86	22	47	12	71	0	0	0	0	224	184	0	43	177	16	14	45
0	30	8	2	6	0	11	0	14	69	78	0	3	24	130	3	1	0	5	2	3	0	8	0	0	0	0	0	0	0	8	0	7	3	4	54	0	0	1	0	53	65	0	131	62	0	5	67	0	682	4	1	80	0	0	0	69	16	1	0	1	83	0	9	0	1	3	1	47	23	0	84	25	10
70	80	0	0	0	6	0	262	5	300	0	0	197	0	128	2	210	5	0	378	228	83	0	20	1	113	16	0	0	0	71	0	67	0	147	0	0	0	2	8	6	21	0	56	72	0	0	146	0	0	9	238	50	0	19	18	338	235	154	406	0	1	0	0	0	0	3	32	0	16	7	2	1	28
7	99	15	0	4	15	1	430	58	299	78	0	60	8	4	2	56	2	378	0	319	19	140	315	73	87	1	0	0	0	174	0	282	39	97	0	0	0	82	374	6	16	0	12	67	39	3	191	0	0	95	23	405	0	357	594	830	71	211	332	7	45	0	8	0	16	34	124	0	525	385	14	1	50
5	5	8	0	0	249	0	843	4	0	0	0	159	1	0	2	1198	3	228	319	0	48	0	19	21	717	0	0	0	0	2	0	552	259	121	3	0	0	248	454	9	1	0	4	332	94	0	0	0	0	1	548	57	0	142	63	3	34	9	55	0	0	0	0	0	1	21	127	0	13	415	10	0	26
800	2	0	0	0	26	10	6	0	0	0	0	2	0	1	1	151	0	83	19	48	0	7	1057	313	80	0	0	0	0	257	0	32	48	335	1	0	0	0	8	1	0	0	2	236	18	1	3	0	0	82	207	75	0	795	94	0	483	45	303	0	0	0	0	0	0	491	458	0	25	87	5	2	77
2	25	0	0	0	0	0	1	0	0	28	0	2	1	0	0	3	8	0	140	0	7	0	384	31	2	0	0	0	0	1	0	7	0	1	0	0	0	0	0	3	10	0	0	6	0	0	0	0	0	0	0	0	0	218	134	14	10	8	104	0	15	0	0	0	0	0	0	0	0	0	0	19	0
368	0	0	0	2	14	0	0	0	0	0	0	0	0	0	0	41	0	20	315	19	1057	384	0	1864	4	0	0	0	0	82	0	10	36	182	2	0	0	2	2	0	0	0	0	266	0	0	0	0	0	0	0	350	0	944	867	114	46	0	2	0	0	0	0	0	2	2	1102	0	48	38	0	0	2
205	1	0	0	0	0	0	1	0	0	2	0	8	0	0	0	30	0	1	73	21	313	31	1864	0	29	3	0	0	0	29	0	3	0	29	0	0	0	0	3	0	0	0	0	141	0	0	0	0	0	7	27	48	0	290	273	34	13	2	3	0	0	0	0	0	0	0	150	0	0	2	0	0	0
15	7	0	0	5	265	20	54	1	17	0	0	10	3	36	10	824	0	113	87	717	80	2	4	29	0	0	0	0	0	6	0	515	45	76	3	0	0	185	422	4	1	0	0	199	31	0	7	0	0	3	490	89	0	246	32	15	47	7	52	0	24	0	0	0	2	139	164	0	60	243	12	10	23
0	5	458	0	11	0	0	9	0	131	0	0	0	30	167	0	0	0	16	1	0	0	0	0	3	0	0	0	0	0	2	0	5	1	5	488	0	0	1	4	509	10	0	14	1	1	11	415	0	0	0	0	0	0	0	0	1	2	9	8	3	30	0	4	0	532	0	0	0	4	0	29	10	0
0	0	0	0	0	0	0	0	0	0	0	0	0	0	0	0	0	0	0	0	0	0	0	0	0	0	0	0	0	0	0	0	0	0	0	0	0	0	0	0	0	0	0	0	0	0	0	0	0	0	0	0	0	0	0	0	0	0	0	0	0	0	0	0	0	0	0	0	0	0	0	0	0	0
0	0	0	0	0	0	0	0	0	0	0	0	0	0	0	0	0	0	0	0	0	0	0	0	0	0	0	0	0	0	0	0	0	0	0	0	0	0	0	0	0	0	0	0	0	0	0	0	0	0	0	0	0	0	0	0	0	0	0	0	0	0	0	0	0	0	0	0	0	0	0	0	0	0
0	0	0	0	0	0	0	0	0	0	0	0	0	0	0	0	0	0	0	0	0	0	0	0	0	0	0	0	0	0	0	0	0	0	0	0	0	0	0	0	0	0	0	0	0	0	0	0	0	0	0	0	0	0	0	0	0	0	0	0	0	0	0	0	0	0	0	0	0	0	0	0	0	0
16	8	41	0	5	6	0	0	11	328	0	0	2	77	9	29	14	8	71	174	2	257	1	82	29	6	2	0	0	0	0	0	3	37	8	11	0	0	1	1	10	34	0	188	27	13	167	31	0	0	210	24	610	0	362	28	460	80	8	3	0	6	0	43	0	0	242	37	0	285	1	21	5	258
0	0	0	0	0	0	0	0	0	0	0	0	0	0	0	0	0	0	0	0	0	0	0	0	0	0	0	0	0	0	0	0	0	0	0	0	0	0	0	0	0	0	0	0	0	0	0	0	0	0	0	0	0	0	0	0	0	0	0	0	0	0	0	0	0	0	0	0	0	0	0	0	0	0
60	104	7	0	0	29	1	751	68	10	28	0	379	21	5	0	609	7	67	282	552	32	7	10	3	515	5	0	0	0	3	0	0	3	283	0	0	0	13	90	35	4	0	9	183	4	0	2	0	0	2	185	1	0	3	73	31	96	49	297	1	90	0	0	0	0	2	30	4	14	96	27	6	9
16	429	0	0	0	0	0	8	19	0	142	0	465	0	0	0	264	3	0	39	259	48	0	36	0	45	1	0	0	0	37	0	3	0	30	0	0	0	0	0	0	0	0	0	78	0	0	0	0	0	0	115	0	0	28	2	6	476	86	413	0	30	0	72	0	0	0	0	0	1	0	5	371	0
411	21	2	19	0	19	6	73	44	2	0	0	55	1	1	1	198	4	147	97	121	335	1	182	29	76	5	0	0	0	8	0	283	30	0	2	0	0	48	265	8	3	0	9	212	7	3	0	0	0	2	457	3	0	20	97	28	674	684	590	0	54	0	3	0	0	315	303	0	1	175	14	3	0
0	35	4	0	0	0	4	0	3	592	76	0	2	18	660	0	2	54	0	0	3	1	0	2	0	3	488	0	0	0	11	0	0	0	2	0	0	0	0	0	482	45	0	11	13	0	3	724	0	0	0	1	0	0	0	0	90	2	0	1	7	21	0	2	0	121	0	0	7	1	0	40	82	0
0	0	0	0	0	0	0	0	0	0	0	0	0	0	0	0	0	0	0	0	0	0	0	0	0	0	0	0	0	0	0	0	0	0	0	0	0	0	0	0	0	0	0	0	0	0	0	0	0	0	0	0	0	0	0	0	0	0	0	0	0	0	0	0	0	0	0	0	0	0	0	0	0	0
0	0	0	0	0	0	0	0	0	0	0	0	0	0	0	0	0	0	0	0	0	0	0	0	0	0	0	0	0	0	0	0	0	0	0	0	0	0	0	0	0	0	0	0	0	0	0	0	0	0	0	0	0	0	0	0	0	0	0	0	0	0	0	0	0	0	0	0	0	0	0	0	0	0
1	5	0	0	0	0	0	157	0	0	0	0	170	16	0	0	248	1	2	82	248	0	0	2	0	185	1	0	0	0	1	0	13	0	48	0	0	0	0	0	0	0	0	0	52	0	0	0	0	0	0	214	0	0	1	1	0	3	4	17	0	0	0	0	0	0	0	0	0	0	0	0	0	0
48	777	0	0	0	0	0	885	0	0	0	0	563	1	1	0	709	0	8	374	454	8	0	2	3	422	4	0	0	0	1	0	90	0	265	0	0	0	0	0	1	0	0	0	36	0	0	0	0	0	0	148	0	0	5	9	6	100	0	709	0	0	0	2	0	0	0	0	0	0	3	19	7	0
2	12	139	0	19	2	435	0	24	307	31	0	16	9	462	1	7	53	6	6	9	1	3	0	0	4	509	0	0	0	10	0	35	0	8	482	0	0	0	1	0	0	0	602	37	1	10	817	0	1	0	2	6	0	2	0	9	2	3	2	7	165	0	0	0	437	0	12	0	0	0	47	11	16
0	13	19	0	58	0	1	2	21	377	415	0	6	226	787	4	30	65	21	16	1	0	10	0	0	1	10	0	0	0	34	0	4	0	3	45	0	0	0	0	0	0	0	509	42	0	163	268	0	2	0	0	0	0	0	0	81	463	837	48	0	373	0	25	0	0	30	0	7	3	1	16	166	0
0	0	0	0	0	0	0	0	0	0	0	0	0	0	0	0	0	0	0	0	0	0	0	0	0	0	0	0	0	0	0	0	0	0	0	0	0	0	0	0	0	0	0	0	0	0	0	0	0	0	0	0	0	0	0	0	0	0	0	0	0	0	0	0	0	0	0	0	0	0	0	0	0	0
0	10	28	0	0	0	346	0	16	824	40	0	9	3	912	0	0	131	56	12	4	2	0	0	0	0	14	0	0	0	188	0	9	0	9	11	0	0	0	0	602	509	0	0	50	0	0	915	0	0	13	0	48	0	1	0	123	215	4	1	0	93	0	0	0	2	0	0	2	0	6	22	58	0
45	7	19	0	12	119	31	23	109	4	0	0	6	31	10	1	420	62	72	67	332	236	6	266	141	199	1	0	0	0	27	0	183	78	212	13	0	0	52	36	37	42	0	50	0	13	13	0	0	5	2	372	220	0	261	91	145	46	8	14	0	35	0	27	0	0	146	28	0	25	32	46	8	24
5	484	0	0	0	0	0	3	0	2	62	0	373	11	0	0	34	0	0	39	94	18	0	0	0	31	1	0	0	0	13	0	4	0	7	0	0	0	0	0	1	0	0	0	13	0	0	7	0	0	0	47	0	0	0	1	3	230	6	274	0	12	0	0	0	0	0	0	2	0	0	3	230	0
0	25	0	0	0	0	0	0	11	12	114	0	2	184	69	0	2	5	0	3	0	1	0	0	0	0	11	0	0	0	167	0	0	0	3	3	0	0	0	0	10	163	0	0	13	0	0	4	0	0	0	0	0	0	0	0	0	43	434	3	0	32	0	50	0	0	0	0	0	0	0	25	35	0
4	0	471	0	35	0	1	0	1	1359	0	0	1	1	1171	22	2	67	146	191	0	3	0	0	0	7	415	0	0	0	31	0	2	0	0	724	0	0	0	0	817	268	0	915	0	7	4	0	0	2	22	2	476	0	19	0	884	1	1	0	2	15	0	0	0	511	0	2	0	542	1	1	2	0
0	0	0	0	0	0	0	0	0	0	0	0	0	0	0	0	0	0	0	0	0	0	0	0	0	0	0	0	0	0	0	0	0	0	0	0	0	0	0	0	0	0	0	0	0	0	0	0	0	0	0	0	0	0	0	0	0	0	0	0	0	0	0	0	0	0	0	0	0	0	0	0	0	0
4	1	0	0	0	0	0	0	4	2	2	0	0	2	14	0	0	682	0	0	0	0	0	0	0	0	0	0	0	0	0	0	0	0	0	0	0	0	0	0	1	2	0	0	5	0	0	2	0	0	0	0	0	0	0	0	1	12	0	0	0	6	0	2	0	0	0	0	0	0	0	0	0	0
3	0	0	0	0	3	0	0	0	64	0	0	0	0	1	11	4	4	9	95	1	82	0	0	7	3	0	0	0	0	210	0	2	0	2	0	0	0	0	0	0	0	0	13	2	0	0	22	0	0	0	1	13	0	0	0	63	0	0	2	0	0	0	0	0	0	4	0	0	0	1	0	0	9
87	1	0	0	0	112	61	6	0	3	0	0	18	4	0	17	1180	1	238	23	548	207	0	0	27	490	0	0	0	0	24	0	185	115	457	1	0	0	214	148	2	0	0	0	372	47	0	2	0	0	1	0	76	0	304	104	27	195	5	47	1	3	0	0	0	0	314	80	0	52	96	8	1	42
23	1	0	0	0	0	0	0	1	727	0	0	0	0	26	0	182	80	50	405	57	75	0	350	48	89	0	0	0	0	610	0	1	0	3	0	0	0	0	0	6	0	0	48	220	0	0	476	0	0	13	76	0	0	152	0	507	67	0	1	0	2	0	0	0	0	0	0	0	7	0	1	3	0
0	0	0	0	0	0	0	0	0	0	0	0	0	0	0	0	0	0	0	0	0	0	0	0	0	0	0	0	0	0	0	0	0	0	0	0	0	0	0	0	0	0	0	0	0	0	0	0	0	0	0	0	0	0	0	0	0	0	0	0	0	0	0	0	0	0	0	0	0	0	0	0	0	0
566	12	0	0	2	3	12	1	2	13	0	0	23	2	18	2	336	0	19	357	142	795	218	944	290	246	0	0	0	0	362	0	3	28	20	0	0	0	1	5	2	0	0	1	261	0	0	19	0	0	0	304	152	0	0	365	8	65	28	87	0	14	0	1	0	0	38	433	0	28	31	2	20	1
31	3	0	0	0	1	0	234	13	3	0	0	41	48	0	0	24	0	18	594	63	94	134	867	273	32	0	0	0	0	28	0	73	2	97	0	0	0	1	9	0	0	0	0	91	1	0	0	0	0	0	104	0	0	365	0	346	55	293	234	1	0	0	1	0	0	0	13	0	79	7	1	2	1
0	171	326	0	0	0	4	20	25	976	45	0	74	34	499	0	15	69	338	830	3	0	14	114	34	15	1	0	0	0	460	0	31	6	28	90	0	0	0	6	9	81	0	123	145	3	0	884	0	1	63	27	507	0	8	346	0	226	339	263	0	116	0	2	0	134	19	11	5	430	13	40	77	84
244	126	8	0	15	18	0	73	0	6	0	0	74	40	13	4	86	16	235	71	34	483	10	46	13	47	2	0	0	0	80	0	96	476	674	2	0	0	3	100	2	463	0	215	46	230	43	1	0	12	0	195	67	0	65	55	226	0	922	883	5	123	0	1	0	0	659	264	14	87	283	28	27	219
2	61	126	0	6	0	0	314	39	6	18	0	81	45	45	2	22	1	154	211	9	45	8	0	2	7	9	0	0	0	8	0	49	86	684	0	0	0	4	0	3	837	0	4	8	6	434	1	0	0	0	5	0	0	28	293	339	922	0	2128	4	68	0	0	0	0	1088	4	8	817	574	11	86	2
4	774	25	0	13	0	3	1600	42	0	0	0	685	1	3	16	47	0	406	332	55	303	104	2	3	52	8	0	0	0	3	0	297	413	590	1	0	0	17	709	2	48	0	1	14	274	3	0	0	0	2	47	1	0	87	234	263	883	2128	0	0	0	0	161	0	0	380	202	0	324	650	60	0	13
0	11	0	8	0	0	0	0	0	0	122	0	0	200	0	0	12	1	0	7	0	0	0	0	0	0	3	0	0	0	0	0	1	0	0	7	0	0	0	0	7	0	0	0	0	0	0	2	0	0	0	1	0	0	0	1	0	5	4	0	0	226	0	0	0	0	0	0	0	0	0	11	54	0
1	84	152	0	695	0	1	1	8	86	571	0	25	1548	230	221	71	83	1	45	0	0	15	0	0	24	30	0	0	0	6	0	90	30	54	21	0	0	0	0	165	373	0	93	35	12	32	15	0	6	0	3	2	0	14	0	116	123	68	0	226	0	0	13	0	2	1	20	42	39	3	336	336	20
0	0	0	0	0	0	0	0	0	0	0	0	0	0	0	0	0	0	0	0	0	0	0	0	0	0	0	0	0	0	0	0	0	0	0	0	0	0	0	0	0	0	0	0	0	0	0	0	0	0	0	0	0	0	0	0	0	0	0	0	0	0	0	0	0	0	0	0	0	0	0	0	0	0
0	183	38	0	270	0	0	6	14	1	101	0	12	97	5	121	0	9	0	8	0	0	0	0	0	0	4	0	0	0	43	0	0	72	3	2	0	0	0	2	0	25	0	0	27	0	50	0	0	2	0	0	0	0	1	1	2	1	0	161	0	13	0	0	0	0	0	5	7	0	3	41	434	1
0	0	0	0	0	0	0	0	0	0	0	0	0	0	0	0	0	0	0	0	0	0	0	0	0	0	0	0	0	0	0	0	0	0	0	0	0	0	0	0	0	0	0	0	0	0	0	0	0	0	0	0	0	0	0	0	0	0	0	0	0	0	0	0	0	0	0	0	0	0	0	0	0	0
0	2	64	1	0	0	2	0	0	340	56	0	3	23	345	0	0	1	0	16	1	0	0	2	0	2	532	0	0	0	0	0	0	0	0	121	0	0	0	0	437	0	0	2	0	0	0	511	0	0	0	0	0	0	0	0	134	0	0	0	0	2	0	0	0	0	0	0	0	0	0	5	1	0
160	7	0	0	0	0	0	0	5	0	0	0	2	1	1	0	224	3	3	34	21	491	0	2	0	139	0	0	0	0	242	0	2	0	315	0	0	0	0	0	0	30	0	0	146	0	0	0	0	0	4	314	0	0	38	0	19	659	1088	380	0	1	0	0	0	0	0	0	0	3	4	7	2	0
643	10	0	3	0	0	0	1	6	28	0	0	16	0	51	0	184	1	32	124	127	458	0	1102	150	164	0	0	0	0	37	0	30	0	303	0	0	0	0	0	12	0	0	0	28	0	0	2	0	0	0	80	0	0	433	13	11	264	4	202	0	20	0	5	0	0	0	0	0	0	0	0	4	0
0	16	9	0	4	0	0	0	0	7	12	0	0	2	94	11	0	47	0	0	0	0	0	0	0	0	0	0	0	0	0	0	4	0	0	7	0	0	0	0	0	7	0	2	0	2	0	0	0	0	0	0	0	0	0	0	5	14	8	0	0	42	0	7	0	0	0	0	0	3	0	2	33	0
14	49	3	0	0	0	0	72	39	660	4	0	63	27	294	1	43	23	16	525	13	25	0	48	0	60	4	0	0	0	285	0	14	1	1	1	0	0	0	0	0	3	0	0	25	0	0	542	0	0	0	52	7	0	28	79	430	87	817	324	0	39	0	0	0	0	3	0	3	0	5	18	36	1
4	312	0	3	0	0	0	694	35	3	0	0	471	9	7	0	177	0	7	385	415	87	0	38	2	243	0	0	0	0	1	0	96	0	175	0	0	0	0	3	0	1	0	6	32	0	0	1	0	0	1	96	0	0	31	7	13	283	574	650	0	3	0	3	0	0	4	0	0	5	0	13	3	0
5	36	26	0	20	3	7	32	32	16	119	0	44	171	26	15	16	84	2	14	10	5	0	0	0	12	29	0	0	0	21	0	27	5	14	40	0	0	0	19	47	16	0	22	46	3	25	1	0	0	0	8	1	0	2	1	40	28	11	60	11	336	0	41	0	5	7	0	2	18	13	0	89	2
1	703	57	1	552	0	1	0	17	35	408	0	40	84	13	159	14	25	1	1	0	2	19	0	0	10	10	0	0	0	5	0	6	371	3	82	0	0	0	7	11	166	0	58	8	230	35	2	0	0	0	1	3	0	20	2	77	27	86	0	54	336	0	434	0	1	2	4	33	36	3	89	0	6
7	2	0	0	0	0	0	0	14	0	2	0	11	0	7	0	45	10	28	50	26	77	0	2	0	23	0	0	0	0	258	0	9	0	0	0	0	0	0	0	16	0	0	0	24	0	0	0	0	0	9	42	0	0	1	1	84	219	2	13	0	20	0	1	0	0	0	0	0	1	0	2	6	0
