0	0	0	0	0	23	0	1	4	0	0	0	0	0	0	0	36	0	12	2	25	22	0	18	1	6	0	0	0	0	0	0	5	19	9	0	0	0	2	7	0	0	0	0	3	13	0	1	0	0	0	17	17	0	29	10	0	5	0	0	0	0	0	0	0	0	30	31	0	0	2	0	4	2
0	58	29	1	74	3	0	57	4	18	0	0	844	8	3	0	36	15	16	105	1	1	0	0	1	4	4	0	1	0	7	1889	17	223	34	3	0	0	1	60	0	0	0	64	11	43	19	4	0	0	0	7	0	0	5	9	24	17	15	9	75	43	0	2	0	3	0	2	1	15	13	29	6	1
0	29	0	0	0	0	0	0	0	436	0	0	4	353	90	0	10	64	2	3	10	0	0	0	0	7	14	0	0	0	5	51	1	5	0	0	0	0	0	0	0	0	0	846	0	0	0	13	0	0	0	0	0	0	0	0	262	0	0	0	0	109	0	0	0	43	0	0	4	12	0	29	27	2
0	1	0	0	0	0	0	0	0	0	0	0	0	0	0	0	2	0	0	0	1	0	0	0	0	1	7	0	0	0	0	0	0	0	0	0	0	0	0	0	0	0	0	0	0	0	0	0	0	0	0	0	0	0	0	0	0	0	0	0	0	1	0	0	0	37	0	0	0	0	0	1	16	1
0	74	0	0	0	1	0	0	0	9	0	0	267	93	0	0	7	21	2	3	1	0	0	0	0	1	10	0	0	0	0	2863	1	343	0	0	1	0	0	0	0	0	0	134	0	0	0	12	0	0	0	1	0	0	0	0	0	0	0	0	0	413	0	0	0	0	0	0	13	1	0	74	84	1
23	3	0	0	1	0	0	0	0	87	0	0	0	0	0	0	628	7	150	178	367	72	0	2	8	375	0	0	42	0	304	0	246	369	138	0	0	0	175	129	0	0	19	878	31	5	0	3	0	0	64	660	473	0	108	30	224	42	0	1	1	5	0	0	0	6	128	64	0	16	43	6	5	339
0	0	0	0	0	0	0	0	0	0	0	0	0	0	0	0	0	0	0	0	0	0	0	0	0	0	0	0	0	0	0	0	0	0	0	0	0	0	0	0	0	0	0	0	0	0	0	0	0	0	0	0	0	0	0	0	0	0	0	0	0	0	0	0	0	0	0	0	0	0	0	0	0	0
1	57	0	0	0	0	0	0	1	23	0	0	752	0	0	0	239	0	20	127	355	0	0	0	0	45	0	0	0	0	4	2357	92	856	0	0	0	0	0	0	0	0	0	0	0	0	0	2	0	0	5	0	0	0	0	0	1	0	144	7	0	0	0	0	0	0	0	0	0	1	2	53	0	0
4	4	0	0	0	0	0	1	0	5	0	0	5	9	0	0	2	1	1	0	0	0	0	0	0	1	0	0	0	0	0	7	2	1	9	0	0	0	0	4	0	0	0	0	0	0	1	0	0	2	0	0	0	0	0	0	3	4	0	0	4	10	0	1	0	0	0	1	0	0	0	8	0	0
0	18	436	0	9	87	0	23	5	0	0	0	19	25	79	0	9	10	236	466	9	6	0	0	0	6	17	0	0	0	76	1	81	23	77	269	0	0	0	86	0	0	0	1367	0	30	13	206	0	1	85	89	369	0	21	0	699	56	2	0	59	94	0	0	0	409	0	18	0	380	57	39	0	2
0	0	0	0	0	0	0	0	0	0	0	0	0	0	0	0	0	0	0	10	0	0	0	0	0	0	0	0	0	0	0	0	0	0	0	0	0	0	0	0	0	0	0	6	0	0	0	0	0	0	0	0	0	0	0	0	0	0	0	0	0	19	0	0	0	0	0	4	6	0	0	0	0	0
0	0	0	0	0	0	0	0	0	0	0	0	0	0	0	0	0	0	0	0	0	0	0	0	0	0	0	0	0	0	0	0	0	0	0	0	0	0	0	0	0	0	0	0	0	0	0	0	0	0	0	0	0	0	0	0	0	0	0	0	0	0	0	0	0	0	0	0	0	0	0	0	0	0
0	844	4	0	267	0	0	752	5	19	0	0	0	0	0	21	178	0	143	139	205	1	2	0	1	70	0	0	0	0	43	2965	539	1657	131	1	0	0	45	1199	0	0	0	1	5	678	1	2	0	0	29	3	3	0	43	106	139	79	14	0	1	1	0	1	0	0	4	36	3	42	489	253	0	37
0	8	353	0	93	0	0	0	9	25	0	0	0	0	0	10	0	9	0	6	16	0	0	0	0	0	1	0	1	0	20	2300	3	5	0	36	0	0	0	4	0	0	1	492	5	8	131	14	0	9	0	0	0	0	0	45	40	4	10	0	578	1188	0	116	0	18	1	3	20	9	1	44	14	1
0	3	90	0	0	0	0	0	0	79	0	0	0	0	0	0	1	0	150	0	19	0	0	0	0	0	0	0	0	0	0	1	0	0	0	33	0	0	0	0	0	0	0	96	0	0	0	68	0	0	0	0	4	0	0	0	45	0	2	0	0	2	0	0	0	80	0	26	0	0	0	3	0	0
0	0	0	0	0	0	0	0	0	0	0	0	21	10	0	0	0	0	0	1	0	0	0	0	0	0	0	0	0	0	0	10	0	0	0	0	0	0	0	0	0	0	0	0	0	0	0	0	0	0	0	0	0	0	0	0	0	0	0	0	0	12	0	0	0	0	0	0	0	0	0	0	0	0
36	36	10	2	7	628	0	239	2	9	0	0	178	0	1	0	0	4	403	62	1330	42	0	15	1	694	1	0	4	0	67	0	417	337	121	0	0	0	168	812	0	0	5	54	37	36	3	0	0	5	47	775	200	0	224	17	35	113	2	0	28	91	0	0	0	2	159	200	0	10	24	74	3	81
0	15	64	0	21	7	0	0	1	10	0	0	0	9	0	0	4	0	0	10	0	0	0	0	0	0	0	0	0	0	0	0	3	1	2	22	0	0	0	0	0	0	0	280	4	5	19	23	0	269	0	0	0	0	0	0	26	42	0	0	47	23	0	0	0	6	0	0	7	0	0	50	70	4
12	16	2	0	2	150	0	20	1	236	0	0	143	0	150	0	403	0	0	491	418	84	0	10	2	338	0	0	6	0	38	3	175	105	32	0	0	0	2	36	0	0	0	158	2	0	0	0	0	0	11	213	198	0	2	10	180	144	24	9	0	1	0	0	0	0	14	192	0	27	14	14	1	244
2	105	3	0	3	178	0	127	0	466	10	0	139	6	0	1	62	10	491	0	59	20	1	303	250	25	0	0	2	0	61	14	129	134	84	0	0	0	1	160	0	0	0	38	119	44	2	115	0	0	149	2	467	0	427	460	912	85	43	0	6	22	0	0	0	30	9	168	2	351	122	34	1	34
25	1	10	1	1	367	0	355	0	9	0	0	205	16	19	0	1330	0	418	59	0	45	0	12	2	903	0	0	10	1	8	0	926	1032	204	0	0	0	139	1158	0	0	0	10	61	47	9	0	0	0	0	349	99	0	63	84	29	133	2	0	7	2	0	2	0	1	12	111	0	7	378	13	0	101
22	1	0	0	0	72	0	0	0	6	0	0	1	0	0	0	42	0	84	20	45	0	0	290	19	111	0	0	5	0	44	0	4	210	0	0	0	0	0	0	0	0	6	0	0	0	0	0	0	0	1	116	0	0	0	0	0	0	0	0	0	0	0	0	0	0	0	0	0	0	0	1	0	77
0	0	0	0	0	0	0	0	0	0	0	0	2	0	0	0	0	0	0	1	0	0	0	0	0	1	0	0	0	0	0	0	0	0	0	0	0	0	0	0	0	0	0	0	0	0	0	0	0	0	0	0	0	0	0	0	0	0	0	0	0	0	0	0	0	0	0	0	0	0	0	0	0	0
18	0	0	0	0	2	0	0	0	0	0	0	0	0	0	0	15	0	10	303	12	290	0	0	942	5	0	0	0	0	0	0	17	6	62	2	0	0	4	2	0	0	0	0	94	2	0	0	0	0	0	6	0	0	523	564	2	12	2	0	0	0	0	0	0	0	0	569	0	0	0	2	0	5
1	1	0	0	0	8	0	0	0	0	0	0	1	0	0	0	1	0	2	250	2	19	0	942	0	0	0	0	0	0	1	0	2	2	0	0	0	0	0	1	0	0	0	0	11	0	0	0	0	0	0	1	19	0	56	78	4	0	0	0	0	0	0	0	0	0	0	65	0	0	0	0	0	0
6	4	7	1	1	375	0	45	1	6	0	0	70	0	0	0	694	0	338	25	903	111	1	5	0	0	0	0	14	0	36	0	530	179	133	0	0	0	83	592	0	0	0	4	43	25	1	0	0	0	25	428	148	0	178	33	17	121	2	1	0	1	0	0	0	1	185	115	0	7	265	20	0	11
0	4	14	7	10	0	0	0	0	17	0	0	0	1	0	0	1	0	0	0	0	0	0	0	0	0	0	0	0	0	0	0	0	25	0	120	0	0	0	0	0	0	0	0	0	0	0	0	0	0	0	0	0	0	24	19	0	0	0	0	1	0	0	0	0	113	0	0	0	0	0	23	0	0
0	0	0	0	0	0	0	0	0	0	0	0	0	0	0	0	0	0	0	0	0	0	0	0	0	0	0	0	0	0	0	0	0	0	0	0	0	0	0	0	0	0	0	0	0	0	0	0	0	0	0	0	0	0	0	0	0	0	0	0	0	0	0	0	0	0	0	0	0	0	0	0	0	0
0	1	0	0	0	42	0	0	0	0	0	0	0	1	0	0	4	0	6	2	10	5	0	0	0	14	0	0	0	0	0	0	10	147	9	0	0	0	0	5	0	0	0	0	4	0	0	0	0	0	0	83	0	0	1	1	0	6	18	0	0	0	0	0	0	0	9	5	0	0	0	1	0	0
0	0	0	0	0	0	0	0	0	0	0	0	0	0	0	0	0	0	0	0	1	0	0	0	0	0	0	0	0	0	0	0	0	0	0	0	0	0	0	0	0	0	0	0	0	0	0	0	0	0	0	0	0	0	0	0	0	0	0	0	0	0	0	0	0	190	0	0	0	0	0	0	3	0
0	7	5	0	0	304	0	4	0	76	0	0	43	20	0	0	67	0	38	61	8	44	0	0	1	36	0	0	0	0	0	80	1	105	1	0	0	0	0	2	0	0	0	96	185	36	37	1	0	0	319	17	122	0	119	0	278	21	0	0	5	4	0	0	0	0	74	27	0	42	0	30	0	273
0	1889	51	0	2863	0	0	2357	7	1	0	0	2965	2300	1	10	0	0	3	14	0	0	0	0	0	0	0	0	0	0	80	0	16	944	0	0	0	0	0	2845	0	0	1	654	1	1700	135	0	0	0	0	0	0	0	0	2	100	56	2	0	3	865	0	3225	0	1	0	0	714	5	2	393	18	1
5	17	1	0	1	246	0	92	2	81	0	0	539	3	0	0	417	3	175	129	926	4	0	17	2	530	0	0	10	0	1	16	0	198	78	0	0	0	20	174	0	0	12	10	3	4	0	1	0	0	4	219	1	0	3	34	17	21	2	1	0	12	0	0	0	1	0	14	3	9	59	19	0	111
19	223	5	0	343	369	0	856	1	23	0	0	1657	5	0	0	337	1	105	134	1032	210	0	6	2	179	25	0	147	0	105	944	198	0	137	0	0	0	37	1409	0	0	4	21	13	1579	0	2	0	0	0	587	83	0	91	13	297	1478	61	0	2	3	0	0	0	0	964	113	3	31	441	136	3	163
9	34	0	0	0	138	0	0	9	77	0	0	131	0	0	0	121	2	32	84	204	0	0	62	0	133	0	0	9	0	1	0	78	137	0	0	0	0	10	0	0	0	0	0	0	0	0	0	0	0	2	250	0	0	0	0	11	0	70	8	0	13	0	0	0	0	0	0	0	4	0	34	1	74
0	3	0	0	0	0	0	0	0	269	0	0	1	36	33	0	0	22	0	0	0	0	0	2	0	0	120	0	0	0	0	0	0	0	0	0	0	0	0	0	0	0	0	2154	0	0	0	28	0	0	0	0	0	0	0	0	5	0	0	0	0	21	0	0	0	254	0	0	0	0	0	3	48	20
0	0	0	0	1	0	0	0	0	0	0	0	0	0	0	0	0	0	0	0	0	0	0	0	0	0	0	0	0	0	0	0	0	0	0	0	0	0	0	0	0	0	0	4	0	0	0	0	0	0	0	0	0	0	0	0	0	0	0	0	0	1	0	0	0	0	0	0	0	0	0	0	0	0
0	0	0	0	0	0	0	0	0	0	0	0	0	0	0	0	0	0	0	0	0	0	0	0	0	0	0	0	0	0	0	0	0	0	0	0	0	0	0	0	0	0	0	0	0	0	0	0	0	0	0	0	0	0	0	0	0	0	0	0	0	0	0	0	0	0	0	0	0	0	0	0	0	0
2	1	0	0	0	175	0	0	0	0	0	0	45	0	0	0	168	0	2	1	139	0	0	4	0	83	0	0	0	0	0	0	20	37	10	0	0	0	0	15	0	0	0	0	4	0	1	0	0	0	0	85	0	0	0	0	0	0	0	0	0	0	0	0	0	0	0	0	0	0	0	1	0	0
7	60	0	0	0	129	0	0	4	86	0	0	1199	4	0	0	812	0	36	160	1158	0	0	2	1	592	0	0	5	0	2	2845	174	1409	0	0	0	0	15	0	0	0	16	14	0	0	0	3	0	0	2	232	0	0	0	0	10	0	4	11	0	0	0	0	0	0	0	0	0	8	4	51	1	93
0	0	0	0	0	0	0	0	0	0	0	0	0	0	0	0	0	0	0	0	0	0	0	0	0	0	0	0	0	0	0	0	0	0	0	0	0	0	0	0	0	0	0	0	0	0	0	0	0	0	0	0	0	0	0	0	0	0	0	0	0	0	0	0	0	0	0	0	0	0	0	0	0	0
0	0	0	0	0	0	0	0	0	0	0	0	0	0	0	0	0	0	0	0	0	0	0	0	0	0	0	0	0	0	0	0	0	0	0	0	0	0	0	0	0	0	0	0	0	0	0	0	0	0	0	0	0	0	0	0	0	0	0	0	0	0	0	0	0	0	0	0	0	0	0	0	0	0
0	0	0	0	0	19	0	0	0	0	0	0	0	1	0	0	5	0	0	0	0	6	0	0	0	0	0	0	0	0	0	1	12	4	0	0	0	0	0	16	0	0	0	1	12	0	0	0	0	0	0	12	0	0	3	0	1	2	2	0	0	1	0	0	0	0	1	8	0	27	0	4	0	0
0	64	846	0	134	878	0	0	0	1367	6	0	1	492	96	0	54	280	158	38	10	0	0	0	0	4	0	0	0	0	96	654	10	21	0	2154	4	0	0	14	0	0	1	0	0	4	0	1265	0	0	139	0	700	0	0	0	1420	154	0	0	1928	703	0	0	0	795	2	66	31	21	0	64	65	1028
3	11	0	0	0	31	0	0	0	0	0	0	5	5	0	0	37	4	2	119	61	0	0	94	11	43	0	0	4	0	185	1	3	13	0	0	0	0	4	0	0	0	12	0	0	0	0	0	0	0	1	70	0	0	0	0	103	0	0	0	0	7	0	0	0	0	0	0	0	0	0	11	3	84
13	43	0	0	0	5	0	0	0	30	0	0	678	8	0	0	36	5	0	44	47	0	0	2	0	25	0	0	0	0	36	1700	4	1579	0	0	0	0	0	0	0	0	0	4	0	0	0	0	0	0	0	24	0	0	0	0	7	0	0	5	0	77	0	2	0	0	0	0	0	2	2	38	27	3
0	19	0	0	0	0	0	0	1	13	0	0	1	131	0	0	3	19	0	2	9	0	0	0	0	1	0	0	0	0	37	135	0	0	0	0	0	0	1	0	0	0	0	0	0	0	0	0	0	0	0	0	0	0	0	0	0	0	106	0	0	19	0	0	0	0	0	0	0	0	0	19	15	1
1	4	13	0	12	3	0	2	0	206	0	0	2	14	68	0	0	23	0	115	0	0	0	0	0	0	0	0	0	0	1	0	1	2	0	28	0	0	0	3	0	0	0	1265	0	0	0	0	0	0	0	0	0	0	0	0	118	0	0	0	2	21	0	0	0	14	0	0	1	0	0	4	0	0
0	0	0	0	0	0	0	0	0	0	0	0	0	0	0	0	0	0	0	0	0	0	0	0	0	0	0	0	0	0	0	0	0	0	0	0	0	0	0	0	0	0	0	0	0	0	0	0	0	0	0	0	0	0	0	0	0	0	0	0	0	0	0	0	0	0	0	0	0	0	0	0	0	0
0	0	0	0	0	0	0	0	2	1	0	0	0	9	0	0	5	269	0	0	0	0	0	0	0	0	0	0	0	0	0	0	0	0	0	0	0	0	0	0	0	0	0	0	0	0	0	0	0	0	0	0	0	0	0	0	0	0	0	0	0	0	0	0	0	0	0	0	0	0	0	0	0	0
0	0	0	0	0	64	0	5	0	85	0	0	29	0	0	0	47	0	11	149	0	1	0	0	0	25	0	0	0	0	319	0	4	0	2	0	0	0	0	2	0	0	0	139	1	0	0	0	0	0	0	31	81	0	27	0	210	0	0	0	0	0	0	0	0	0	3	12	0	26	0	11	0	153
17	7	0	0	1	660	0	0	0	89	0	0	3	0	0	0	775	0	213	2	349	116	0	6	1	428	0	0	83	0	17	0	219	587	250	0	0	0	85	232	0	0	12	0	70	24	0	0	0	0	31	0	34	0	147	5	10	43	0	0	0	0	0	0	0	0	132	27	0	0	9	7	0	3
17	0	0	0	0	473	0	0	0	369	0	0	3	0	4	0	200	0	198	467	99	0	0	0	19	148	0	0	0	0	122	0	1	83	0	0	0	0	0	0	0	0	0	700	0	0	0	0	0	0	81	34	0	0	0	0	316	0	2	0	0	0	0	0	0	0	0	0	0	11	0	0	0	299
0	0	0	0	0	0	0	0	0	0	0	0	0	0	0	0	0	0	0	0	0	0	0	0	0	0	0	0	0	0	0	0	0	0	0	0	0	0	0	0	0	0	0	0	0	0	0	0	0	0	0	0	0	0	0	0	0	0	0	0	0	0	0	0	0	0	0	0	0	0	0	0	0	0
29	5	0	0	0	108	0	0	0	21	0	0	43	0	0	0	224	0	2	427	63	0	0	523	56	178	24	0	1	0	119	0	3	91	0	0	0	0	0	0	0	0	3	0	0	0	0	0	0	0	27	147	0	0	0	3	2	0	2	0	0	0	0	0	0	0	0	0	0	0	0	5	5	5
10	9	0	0	0	30	0	0	0	0	0	0	106	45	0	0	17	0	10	460	84	0	0	564	78	33	19	0	1	0	0	2	34	13	0	0	0	0	0	0	0	0	0	0	0	0	0	0	0	0	0	5	0	0	3	0	83	0	12	9	0	0	0	0	0	0	0	0	0	23	3	9	0	11
0	24	262	0	0	224	0	1	3	699	0	0	139	40	45	0	35	26	180	912	29	0	0	2	4	17	0	0	0	0	278	100	17	297	11	5	0	0	0	10	0	0	1	1420	103	7	0	118	0	0	210	10	316	0	2	83	0	12	28	4	2	69	0	0	0	47	0	8	4	227	6	22	21	284
5	17	0	0	0	42	0	0	4	56	0	0	79	4	0	0	113	42	144	85	133	0	0	12	0	121	0	0	6	0	21	56	21	1478	0	0	0	0	0	0	0	0	2	154	0	0	0	0	0	0	0	43	0	0	0	0	12	0	258	0	0	38	0	0	0	2	0	0	1	2	1	17	14	412
0	15	0	0	0	0	0	144	0	2	0	0	14	10	2	0	2	0	24	43	2	0	0	2	0	2	0	0	18	0	0	2	2	61	70	0	0	0	0	4	0	0	2	0	0	0	106	0	0	0	0	0	2	0	2	12	28	258	0	5	0	0	0	0	0	0	296	40	0	22	46	17	32	1
0	9	0	0	0	1	0	7	0	0	0	0	0	0	0	0	0	0	9	0	0	0	0	0	0	1	0	0	0	0	0	0	1	0	8	0	0	0	0	11	0	0	0	0	0	5	0	0	0	0	0	0	0	0	0	9	4	0	5	0	0	0	0	0	0	0	0	0	0	3	5	2	0	0
0	75	0	0	0	1	0	0	4	59	0	0	1	578	0	0	28	47	0	6	7	0	0	0	0	0	1	0	0	0	5	3	0	2	0	0	0	0	0	0	0	0	0	1928	0	0	0	2	0	0	0	0	0	0	0	0	2	0	0	0	0	430	0	0	0	6	0	0	0	1	1	75	46	1
0	43	109	1	413	5	0	0	10	94	19	0	1	1188	2	12	91	23	1	22	2	0	0	0	0	1	0	0	0	0	4	865	12	3	13	21	1	0	0	0	0	0	1	703	7	77	19	21	0	0	0	0	0	0	0	0	69	38	0	0	430	0	0	21	0	3	0	34	140	27	1	138	61	41
0	0	0	0	0	0	0	0	0	0	0	0	0	0	0	0	0	0	0	0	0	0	0	0	0	0	0	0	0	0	0	0	0	0	0	0	0	0	0	0	0	0	0	0	0	0	0	0	0	0	0	0	0	0	0	0	0	0	0	0	0	0	0	0	0	0	0	0	0	0	0	0	0	0
0	2	0	0	0	0	0	0	1	0	0	0	1	116	0	0	0	0	0	0	2	0	0	0	0	0	0	0	0	0	0	3225	0	0	0	0	0	0	0	0	0	0	0	0	0	2	0	0	0	0	0	0	0	0	0	0	0	0	0	0	0	21	0	0	0	0	0	0	4	0	0	0	7	0
0	0	0	0	0	0	0	0	0	0	0	0	0	0	0	0	0	0	0	0	0	0	0	0	0	0	0	0	0	0	0	0	0	0	0	0	0	0	0	0	0	0	0	0	0	0	0	0	0	0	0	0	0	0	0	0	0	0	0	0	0	0	0	0	0	0	0	0	0	0	0	0	0	0
0	3	43	37	0	6	0	0	0	409	0	0	0	18	80	0	2	6	0	30	1	0	0	0	0	1	113	0	0	190	0	1	1	0	0	254	0	0	0	0	0	0	0	795	0	0	0	14	0	0	0	0	0	0	0	0	47	2	0	0	6	3	0	0	0	0	0	0	0	0	0	3	1	0
30	0	0	0	0	128	0	0	0	0	0	0	4	1	0	0	159	0	14	9	12	0	0	0	0	185	0	0	9	0	74	0	0	964	0	0	0	0	0	0	0	0	1	2	0	0	0	0	0	0	3	132	0	0	0	0	0	0	296	0	0	0	0	0	0	0	0	0	0	2	0	0	0	51
31	2	0	0	0	64	0	0	1	18	4	0	36	3	26	0	200	0	192	168	111	0	0	569	65	115	0	0	5	0	27	0	14	113	0	0	0	0	0	0	0	0	8	66	0	0	0	0	0	0	12	27	0	0	0	0	8	0	40	0	0	34	0	0	0	0	0	0	0	0	0	2	1	398
0	1	4	0	13	0	0	0	0	0	6	0	3	20	0	0	0	7	0	2	0	0	0	0	0	0	0	0	0	0	0	714	3	3	0	0	0	0	0	0	0	0	0	31	0	0	0	1	0	0	0	0	0	0	0	0	4	1	0	0	0	140	0	4	0	0	0	0	0	3	2	4	29	0
0	15	12	0	1	16	0	1	0	380	0	0	42	9	0	0	10	0	27	351	7	0	0	0	0	7	0	0	0	0	42	5	9	31	4	0	0	0	0	8	0	0	27	21	0	2	0	0	0	0	26	0	11	0	0	23	227	2	22	3	1	27	0	0	0	0	2	0	3	0	13	9	0	55
2	13	0	0	0	43	0	2	0	57	0	0	489	1	0	0	24	0	14	122	378	0	0	0	0	265	0	0	0	0	0	2	59	441	0	0	0	0	0	4	0	0	0	0	0	2	0	0	0	0	0	9	0	0	0	3	6	1	46	5	1	1	0	0	0	0	0	0	2	13	0	12	1	0
0	29	29	1	74	6	0	53	8	39	0	0	253	44	3	0	74	50	14	34	13	1	0	2	0	20	23	0	1	0	30	393	19	136	34	3	0	0	1	51	0	0	4	64	11	38	19	4	0	0	11	7	0	0	5	9	22	17	17	2	75	138	0	0	0	3	0	2	4	9	12	0	43	12
4	6	27	16	84	5	0	0	0	0	0	0	0	14	0	0	3	70	1	1	0	0	0	0	0	0	0	0	0	3	0	18	0	3	1	48	0	0	0	1	0	0	0	65	3	27	15	0	0	0	0	0	0	0	5	0	21	14	32	0	46	61	0	7	0	1	0	1	29	0	1	43	0	1
2	1	2	1	1	339	0	0	0	2	0	0	37	1	0	0	81	4	244	34	101	77	0	5	0	11	0	0	0	0	273	1	111	163	74	20	0	0	0	93	0	0	0	1028	84	3	1	0	0	0	153	3	299	0	5	11	284	412	1	0	1	41	0	0	0	0	51	398	0	55	0	12	1	0
