0	0	0	0	0	0	0	0	0	0	0	0	0	0	0	0	2	0	11	2	0	80	0	149	40	4	0	0	0	0	0	0	0	0	55	0	0	0	0	0	0	0	0	0	3	13	0	1	0	0	0	11	1	0	148	10	0	5	0	0	0	0	0	0	0	0	50	141	0	0	2	0	4	1
0	38	0	6	28	1	0	36	7	10	28	0	1064	12	0	2	12	3	43	60	3	1	0	0	2	6	7	0	0	0	8	2	15	101	18	9	0	0	0	29	0	11	0	6	0	11	10	10	0	0	0	0	0	0	7	8	20	16	8	158	34	16	0	185	0	4	4	2	15	20	23	19	7	2
0	0	0	0	0	0	0	0	0	468	8	0	4	270	50	0	3	52	2	2	3	0	0	0	0	9	151	0	0	0	5	0	2	1	2	9	0	0	0	0	0	0	0	846	0	0	0	89	0	0	0	0	0	0	0	0	302	0	4	3	0	105	0	35	0	144	0	0	8	0	0	0	13	2
0	6	0	0	0	0	0	0	3	20	0	0	0	0	0	0	0	1	0	0	0	0	0	0	1	0	240	0	0	0	0	0	0	0	0	119	0	0	0	0	0	0	0	0	0	0	0	88	0	0	0	0	0	0	0	0	0	0	0	0	0	0	0	0	0	380	0	0	0	0	0	6	1	1
0	28	0	0	0	0	0	0	1	19	104	0	271	69	0	0	1	48	0	3	2	0	0	0	1	1	13	0	0	0	1	4	2	35	3	11	1	0	0	0	0	1	0	134	0	0	0	16	0	0	0	8	0	0	0	0	0	1	0	5	0	621	0	295	0	1	2	0	25	0	0	28	56	1
0	1	0	0	0	0	0	0	0	507	0	0	0	0	14	0	0	20	0	160	5	5	0	0	128	4	0	0	0	0	351	0	0	11	0	0	0	0	0	0	0	0	12	882	0	0	0	95	0	0	64	1	177	0	5	0	454	5	0	1	0	0	0	0	0	0	11	0	0	16	37	1	1	476
0	0	0	0	0	0	0	0	0	0	0	0	0	0	0	0	0	0	0	0	0	0	0	0	0	0	0	0	0	0	0	0	0	0	0	0	0	0	0	0	0	0	0	0	0	0	0	0	0	0	0	0	0	0	0	0	0	0	0	0	0	0	0	0	0	0	0	0	0	0	0	0	0	0
0	36	0	0	0	0	0	0	7	17	0	0	790	0	0	0	200	0	14	218	463	0	0	0	0	43	6	0	0	0	2	0	95	2	26	0	0	0	0	48	0	0	2	0	0	0	0	2	0	0	5	1	0	0	0	0	16	34	2	142	0	0	0	74	0	0	0	0	0	8	10	31	0	0
0	7	0	3	1	0	0	7	0	2	0	0	15	32	0	7	0	1	6	0	4	2	0	0	0	3	0	0	0	0	1	0	6	4	14	0	0	0	0	8	0	0	0	1	3	3	0	0	0	1	0	2	0	0	2	0	2	6	6	20	3	0	0	0	0	0	1	0	1	6	10	1	0	0
0	10	468	20	19	507	0	17	2	0	0	0	23	23	265	0	6	44	187	195	5	6	0	0	0	3	122	0	0	0	99	0	66	1	63	502	0	0	0	65	0	214	0	1929	0	7	5	757	0	0	134	71	606	0	9	0	893	33	3	0	19	26	0	0	0	605	3	32	0	257	59	16	0	1
0	28	8	0	104	0	0	0	0	0	0	0	3	156	0	40	0	0	0	0	0	0	0	0	0	0	7	0	0	0	0	0	0	29	0	33	0	0	0	2	0	40	29	26	0	0	0	0	0	0	0	0	0	0	0	0	21	2	4	3	88	186	0	32	0	10	0	4	38	16	116	62	0	0
0	0	0	0	0	0	0	0	0	0	0	0	0	0	0	0	0	0	0	0	0	0	0	0	0	0	0	0	0	0	0	0	0	0	0	0	0	0	0	0	0	0	0	0	0	0	0	0	0	0	0	0	0	0	0	0	0	0	0	0	0	0	0	0	0	0	0	0	0	0	0	0	0	0
0	1064	4	0	271	0	0	790	15	23	3	0	0	1	4	88	163	5	325	93	234	5	2	0	1	69	1	0	0	0	43	0	546	747	181	5	0	0	0	1056	0	9	2	0	4	505	2	3	0	0	29	3	1	0	51	114	71	98	24	315	2	7	0	22	0	0	12	39	5	95	739	176	0	12
0	12	270	0	69	0	0	0	32	23	156	0	1	0	4	17	0	12	1	1	14	0	0	0	0	0	17	0	0	0	1	5	3	0	1	77	0	0	0	2	0	135	0	130	5	5	171	46	0	0	0	1	0	0	1	14	25	1	5	0	590	1195	0	106	0	13	1	4	95	22	1	71	51	1
0	0	50	0	0	14	0	0	0	265	0	0	4	4	0	0	0	3	1	0	0	0	0	0	0	0	0	0	0	0	3	0	0	1	1	166	0	0	0	1	0	177	0	190	0	0	3	170	0	0	0	1	41	0	0	0	49	27	11	1	0	5	0	2	0	26	2	0	0	30	2	1	2	3
0	2	0	0	0	0	0	0	7	0	40	0	88	17	0	0	0	7	0	1	0	1	0	0	0	0	0	0	0	0	0	0	1	9	2	7	0	0	0	0	0	0	0	0	0	0	0	0	0	0	0	1	0	0	0	0	0	1	0	0	0	60	0	48	0	0	5	0	1	0	0	2	7	1
2	12	3	0	1	0	0	200	0	6	0	0	163	0	0	0	0	0	317	4	711	8	0	1	0	375	1	0	0	0	56	0	229	88	77	0	0	0	0	423	0	0	5	0	0	15	0	0	0	5	46	294	21	0	73	12	9	80	2	0	0	0	0	0	0	1	40	123	0	10	24	26	0	73
0	3	52	1	48	20	0	0	1	44	0	0	5	12	3	7	0	0	0	3	0	4	0	0	0	0	0	0	0	0	0	0	12	3	4	28	0	0	0	0	0	16	0	270	4	1	12	48	0	585	0	0	13	0	0	0	9	32	2	3	18	64	0	0	0	13	15	0	10	0	0	14	86	4
11	43	2	0	0	0	0	14	6	187	0	0	325	1	1	0	317	0	0	98	369	20	0	0	5	317	13	0	0	0	44	0	162	42	74	0	0	0	0	40	0	2	5	4	0	0	0	105	0	0	11	304	4	0	2	44	270	113	206	222	0	0	0	0	0	0	16	28	0	14	17	23	0	185
2	60	2	0	3	160	0	218	0	195	0	0	93	1	0	1	4	3	98	0	230	19	1	7	0	78	0	0	0	0	34	0	125	27	71	0	0	0	0	213	0	0	0	2	8	3	1	115	0	0	147	6	164	0	140	127	506	33	23	1	3	0	0	0	0	2	5	31	1	135	251	13	1	40
0	3	3	0	2	5	0	463	4	5	0	0	234	14	0	0	711	0	369	230	0	20	0	4	3	1063	0	0	0	0	9	0	873	412	285	17	0	0	0	1184	0	1	1	0	47	92	1	0	0	0	3	593	103	0	71	124	28	115	10	26	1	24	0	0	0	1	7	89	0	16	417	11	2	156
80	1	0	0	0	5	0	0	2	6	0	0	5	0	0	1	8	4	20	19	20	0	0	32	80	105	0	0	0	0	68	0	5	12	10	2	0	0	0	1	0	1	0	0	0	0	0	0	0	0	1	243	0	0	85	1	0	17	4	17	0	0	0	0	0	0	8	16	0	0	1	1	0	135
0	0	0	0	0	0	0	0	0	0	0	0	2	0	0	0	0	0	0	1	0	0	0	0	0	1	0	0	0	0	0	0	0	0	0	0	0	0	0	0	0	0	0	0	0	0	0	0	0	0	0	0	0	0	0	0	0	0	0	0	0	0	0	0	0	0	0	0	0	0	0	0	0	0
149	0	0	0	0	0	0	0	0	0	0	0	0	0	0	0	1	0	0	7	4	32	0	0	807	4	0	0	0	0	0	0	2	0	20	2	0	0	0	0	0	0	0	0	12	0	0	0	0	0	0	9	0	0	68	24	43	2	0	0	0	1	0	0	0	0	0	50	0	0	0	2	0	2
40	2	0	1	1	128	0	0	0	0	0	0	1	0	0	0	0	0	5	0	3	80	0	807	0	1	0	0	0	0	0	0	2	1	14	0	0	0	0	1	0	0	0	0	0	0	0	0	0	0	0	4	110	0	163	109	56	9	0	0	0	0	0	0	0	0	0	170	0	0	0	1	0	4
4	6	9	0	1	4	0	43	3	3	0	0	69	0	0	0	375	0	317	78	1063	105	1	4	1	0	1	0	0	0	65	0	545	158	135	0	0	0	1	705	0	1	1	4	45	27	0	0	0	0	25	579	218	0	139	42	20	106	5	20	1	22	0	0	0	3	189	143	0	21	349	21	0	23
0	7	151	240	13	0	0	6	0	122	7	0	1	17	0	0	1	0	13	0	0	0	0	0	0	1	0	0	0	0	0	0	0	26	3	431	0	0	0	3	0	2	0	3	0	0	14	141	0	0	0	0	0	0	26	19	1	0	4	0	16	12	0	1	0	639	0	2	7	2	2	32	0	0
0	0	0	0	0	0	0	0	0	0	0	0	0	0	0	0	0	0	0	0	0	0	0	0	0	0	0	0	0	0	0	0	0	0	0	0	0	0	0	0	0	0	0	0	0	0	0	0	0	0	0	0	0	0	0	0	0	0	0	0	0	0	0	0	0	0	0	0	0	0	0	0	0	0
0	0	0	0	0	0	0	0	0	0	0	0	0	0	0	0	0	0	0	0	0	0	0	0	0	0	0	0	0	0	0	0	0	0	0	0	0	0	0	0	0	0	0	0	0	0	0	0	0	0	0	0	0	0	0	0	0	0	0	0	0	0	0	0	0	0	0	0	0	0	0	0	0	0
0	0	0	0	0	0	0	0	0	0	0	0	0	0	0	0	0	0	0	0	0	0	0	0	0	0	0	0	0	0	0	0	0	0	0	0	0	0	0	0	0	0	0	0	0	0	0	0	0	0	0	0	0	0	0	0	0	0	0	0	0	0	0	0	0	0	0	0	0	0	0	0	0	0
0	8	5	0	1	351	0	2	1	99	0	0	43	1	3	0	56	0	44	34	9	68	0	0	0	65	0	0	0	0	0	0	4	58	9	1	0	0	0	2	0	1	0	134	186	37	40	20	0	0	269	17	141	0	174	0	461	69	1	0	5	2	0	0	0	0	117	60	0	43	4	30	0	203
0	2	0	0	4	0	0	0	0	0	0	0	0	5	0	0	0	0	0	0	0	0	0	0	0	0	0	0	0	0	0	0	0	0	0	0	0	0	0	0	0	0	0	0	0	0	0	0	0	0	0	0	0	0	0	0	0	0	0	0	0	0	0	0	0	0	0	0	0	0	0	0	0	0
0	15	2	0	2	0	0	95	6	66	0	0	546	3	0	1	229	12	162	125	873	5	0	2	2	545	0	0	0	0	4	0	0	10	113	7	0	0	0	168	0	2	3	6	2	1	0	1	0	0	4	303	2	0	6	32	22	34	3	29	0	26	0	0	0	0	7	10	0	10	31	17	3	137
0	101	1	0	35	11	0	2	4	1	29	0	747	0	1	9	88	3	42	27	412	12	0	0	1	158	26	0	0	0	58	0	10	0	32	2	0	0	0	53	0	2	0	8	7	15	0	3	0	0	0	176	14	0	18	1	17	113	34	127	0	14	0	25	0	0	27	12	0	7	38	19	2	15
55	18	2	0	3	0	0	26	14	63	0	0	181	1	1	2	77	4	74	71	285	10	0	20	14	135	3	0	0	0	9	0	113	32	0	0	0	0	0	65	0	5	6	0	1	1	1	0	0	0	2	568	16	0	11	14	46	131	146	138	3	3	0	0	0	0	28	42	0	30	17	18	1	97
0	9	9	119	11	0	0	0	0	502	33	0	5	77	166	7	0	28	0	0	17	2	0	2	0	0	431	0	0	0	1	0	7	2	0	0	0	0	0	0	0	45	0	2306	0	0	1	203	0	0	1	1	0	0	0	0	15	0	0	0	8	68	0	0	0	511	4	0	3	0	0	12	31	2
0	0	0	0	1	0	0	0	0	0	0	0	0	0	0	0	0	0	0	0	0	0	0	0	0	0	0	0	0	0	0	0	0	0	0	0	0	0	0	0	0	0	0	4	0	0	0	0	0	0	0	0	0	0	0	0	0	0	0	0	0	1	0	0	0	0	0	0	0	0	0	0	0	0
0	0	0	0	0	0	0	0	0	0	0	0	0	0	0	0	0	0	0	0	0	0	0	0	0	0	0	0	0	0	0	0	0	0	0	0	0	0	0	0	0	0	0	0	0	0	0	0	0	0	0	0	0	0	0	0	0	0	0	0	0	0	0	0	0	0	0	0	0	0	0	0	0	0
0	0	0	0	0	0	0	0	0	0	0	0	0	0	0	0	0	0	0	0	0	0	0	0	0	1	0	0	0	0	0	0	0	0	0	0	0	0	0	0	0	0	0	0	0	0	0	0	0	0	0	0	0	0	0	0	0	0	0	0	0	0	0	0	0	0	0	0	0	0	0	0	0	0
0	29	0	0	0	0	0	48	8	65	2	0	1056	2	1	0	423	0	40	213	1184	1	0	0	1	705	3	0	0	0	2	0	168	53	65	0	0	0	0	0	0	0	7	14	0	0	0	3	0	0	2	331	0	0	2	3	38	32	14	268	0	1	0	0	0	0	0	0	0	13	6	29	0	97
0	0	0	0	0	0	0	0	0	0	0	0	0	0	0	0	0	0	0	0	0	0	0	0	0	0	0	0	0	0	0	0	0	0	0	0	0	0	0	0	0	0	0	0	0	0	0	0	0	0	0	0	0	0	0	0	0	0	0	0	0	0	0	0	0	0	0	0	0	0	0	0	0	0
0	11	0	0	1	0	0	0	0	214	40	0	9	135	177	0	0	16	2	0	1	1	0	0	0	1	2	0	0	0	1	0	2	2	5	45	0	0	0	0	0	0	7	31	0	0	0	145	0	0	0	0	0	0	0	0	10	46	92	10	0	305	0	1	0	6	5	0	19	3	0	11	11	0
0	0	0	0	0	12	0	2	0	0	29	0	2	0	0	0	5	0	5	0	1	0	0	0	0	1	0	0	0	0	0	0	3	0	6	0	0	0	0	7	0	7	0	0	12	0	0	0	0	0	0	0	2	0	3	0	3	8	13	6	0	0	0	0	0	0	6	8	100	27	6	0	0	0
0	6	846	0	134	882	0	0	1	1929	26	0	0	130	190	0	0	270	4	2	0	0	0	0	0	4	3	0	0	0	134	0	6	8	0	2306	4	0	0	14	0	31	0	0	0	4	0	1520	0	0	139	0	714	0	0	0	1570	155	0	0	1928	95	0	0	0	936	3	66	28	18	0	6	51	978
3	0	0	0	0	0	0	0	3	0	0	0	4	5	0	0	0	4	0	8	47	0	0	12	0	45	0	0	0	0	186	0	2	7	1	0	0	0	0	0	0	0	12	0	0	0	0	0	0	0	1	8	0	0	1	0	74	0	0	0	0	6	0	0	0	0	0	0	0	0	0	0	1	89
13	11	0	0	0	0	0	0	3	7	0	0	505	5	0	0	15	1	0	3	92	0	0	0	0	27	0	0	0	0	37	0	1	15	1	0	0	0	0	0	0	0	0	4	0	0	0	0	0	0	1	2	0	0	0	0	7	1	0	19	0	91	0	4	0	0	0	0	0	0	2	11	2	3
0	10	0	0	0	0	0	0	0	5	0	0	2	171	3	0	0	12	0	1	1	0	0	0	0	0	14	0	0	0	40	0	0	0	1	1	0	0	0	0	0	0	0	0	0	0	0	4	0	0	0	0	0	0	1	0	1	3	56	1	0	39	0	20	0	0	0	0	6	0	0	10	17	0
1	10	89	88	16	95	0	2	0	757	0	0	3	46	170	0	0	48	105	115	0	0	0	0	0	0	141	0	0	0	20	0	1	3	0	203	0	0	0	3	0	145	0	1520	0	0	4	0	0	0	0	4	11	0	0	0	449	1	0	1	0	121	0	1	0	378	0	0	0	1	0	15	10	0
0	0	0	0	0	0	0	0	0	0	0	0	0	0	0	0	0	0	0	0	0	0	0	0	0	0	0	0	0	0	0	0	0	0	0	0	0	0	0	0	0	0	0	0	0	0	0	0	0	0	0	0	0	0	0	0	0	0	0	0	0	0	0	0	0	0	0	0	0	0	0	0	0	0
0	0	0	0	0	0	0	0	1	0	0	0	0	0	0	0	5	585	0	0	0	0	0	0	0	0	0	0	0	0	0	0	0	0	0	0	0	0	0	0	0	0	0	0	0	0	0	0	0	0	0	0	0	0	0	0	0	0	0	0	0	0	0	1	0	0	0	0	0	0	0	0	1	0
0	0	0	0	0	64	0	5	0	134	0	0	29	0	0	0	46	0	11	147	3	1	0	0	0	25	0	0	0	0	269	0	4	0	2	1	0	0	0	2	0	0	0	139	1	1	0	0	0	0	0	31	82	0	27	0	266	6	0	0	0	0	0	0	0	0	3	12	0	26	0	11	0	220
11	0	0	0	8	1	0	1	2	71	0	0	3	1	1	1	294	0	304	6	593	243	0	9	4	579	0	0	0	0	17	0	303	176	568	1	0	0	0	331	0	0	0	0	8	2	0	4	0	0	31	0	258	0	183	49	17	57	0	14	3	7	0	0	0	0	165	44	0	14	128	6	0	87
1	0	0	0	0	177	0	0	0	606	0	0	1	0	41	0	21	13	4	164	103	0	0	0	110	218	0	0	0	0	141	0	2	14	16	0	0	0	0	0	0	0	2	714	0	0	0	11	0	0	82	258	0	0	2	0	403	9	0	15	0	1	0	0	0	0	0	0	0	1	0	0	0	396
0	0	0	0	0	0	0	0	0	0	0	0	0	0	0	0	0	0	0	0	0	0	0	0	0	0	0	0	0	0	0	0	0	0	0	0	0	0	0	0	0	0	0	0	0	0	0	0	0	0	0	0	0	0	0	0	0	0	0	0	0	0	0	0	0	0	0	0	0	0	0	0	0	0
148	7	0	0	0	5	0	0	2	9	0	0	51	1	0	0	73	0	2	140	71	85	0	68	163	139	26	0	0	0	174	0	6	18	11	0	0	0	0	2	0	0	3	0	1	0	1	0	0	0	27	183	2	0	0	82	10	10	0	15	0	2	0	0	0	0	4	90	1	3	4	6	0	6
10	8	0	0	0	0	0	0	0	0	0	0	114	14	0	0	12	0	44	127	124	1	0	24	109	42	19	0	0	0	0	0	32	1	14	0	0	0	0	3	0	0	0	0	0	0	0	0	0	0	0	49	0	0	82	0	119	1	30	17	0	0	0	1	0	0	0	33	0	10	2	8	0	10
0	20	302	0	0	454	0	16	2	893	21	0	71	25	49	0	9	9	270	506	28	0	0	43	56	20	1	0	0	0	461	0	22	17	46	15	0	0	0	38	0	10	3	1570	74	7	1	449	0	0	266	17	403	0	10	119	0	71	26	29	4	40	0	0	0	134	2	10	1	197	14	16	2	423
5	16	0	0	1	5	0	34	6	33	2	0	98	1	27	1	80	32	113	33	115	17	0	2	9	106	0	0	0	0	69	0	34	113	131	0	0	0	0	32	0	46	8	155	0	1	3	1	0	0	6	57	9	0	10	1	71	0	135	143	0	62	0	2	0	0	87	75	4	27	110	23	5	369
0	8	4	0	0	0	0	2	6	3	4	0	24	5	11	0	2	2	206	23	10	4	0	0	0	5	4	0	0	0	1	0	3	34	146	0	0	0	0	14	0	92	13	0	0	0	56	0	0	0	0	0	0	0	0	30	26	135	0	519	0	1	0	0	0	0	286	10	0	28	132	18	34	0
0	158	3	0	5	1	0	142	20	0	3	0	315	0	1	0	0	3	222	1	26	17	0	0	0	20	0	0	0	0	0	0	29	127	138	0	0	0	0	268	0	10	6	0	0	19	1	1	0	0	0	14	15	0	15	17	29	143	519	0	0	0	0	47	0	0	3	44	1	54	256	20	0	20
0	34	0	0	0	0	0	0	3	19	88	0	2	590	0	0	0	18	0	3	1	0	0	0	0	1	16	0	0	0	5	0	0	0	3	8	0	0	0	0	0	0	0	1928	0	0	0	0	0	0	0	3	0	0	0	0	4	0	0	0	0	443	0	2	0	0	1	0	0	0	0	34	43	1
0	16	105	0	621	0	0	0	0	26	186	0	7	1195	5	60	0	64	0	0	24	0	0	1	0	22	12	0	0	0	2	0	26	14	3	68	1	0	0	1	0	305	0	95	6	91	39	121	0	0	0	7	1	0	2	0	40	62	1	0	443	0	0	15	0	3	2	0	167	4	0	111	4	44
0	0	0	0	0	0	0	0	0	0	0	0	0	0	0	0	0	0	0	0	0	0	0	0	0	0	0	0	0	0	0	0	0	0	0	0	0	0	0	0	0	0	0	0	0	0	0	0	0	0	0	0	0	0	0	0	0	0	0	0	0	0	0	0	0	0	0	0	0	0	0	0	0	0
0	185	35	0	295	0	0	74	0	0	32	0	22	106	2	48	0	0	0	0	0	0	0	0	0	0	1	0	0	0	0	0	0	25	0	0	0	0	0	0	0	1	0	0	0	4	20	1	0	1	0	0	0	0	0	1	0	2	0	47	2	15	0	0	0	0	0	0	54	2	18	30	7	0
0	0	0	0	0	0	0	0	0	0	0	0	0	0	0	0	0	0	0	0	0	0	0	0	0	0	0	0	0	0	0	0	0	0	0	0	0	0	0	0	0	0	0	0	0	0	0	0	0	0	0	0	0	0	0	0	0	0	0	0	0	0	0	0	0	0	0	0	0	0	0	0	0	0
0	4	144	380	1	0	0	0	0	605	10	0	0	13	26	0	1	13	0	2	1	0	0	0	0	3	639	0	0	0	0	0	0	0	0	511	0	0	0	0	0	6	0	936	0	0	0	378	0	0	0	0	0	0	0	0	134	0	0	0	0	3	0	0	0	0	0	0	0	0	0	4	0	0
50	4	0	0	2	11	0	0	1	3	0	0	12	1	2	5	40	15	16	5	7	8	0	0	0	189	0	0	0	0	117	0	7	27	28	4	0	0	0	0	0	5	6	3	0	0	0	0	0	0	3	165	0	0	4	0	2	87	286	3	1	2	0	0	0	0	0	0	1	2	3	4	0	153
141	2	0	0	0	0	0	0	0	32	4	0	39	4	0	0	123	0	28	31	89	16	0	50	170	143	2	0	0	0	60	0	10	12	42	0	0	0	0	0	0	0	8	66	0	0	0	0	0	0	12	44	0	0	90	33	10	75	10	44	0	0	0	0	0	0	0	0	0	0	0	2	0	438
0	15	8	0	25	0	0	0	1	0	38	0	5	95	0	1	0	10	0	1	0	0	0	0	0	0	7	0	0	0	0	0	0	0	0	3	0	0	0	0	0	19	100	28	0	0	6	0	0	0	0	0	0	0	1	0	1	4	0	1	0	167	0	54	0	0	1	0	0	2	2	15	18	0
0	20	0	0	0	16	0	8	6	257	16	0	95	22	30	0	10	0	14	135	16	0	0	0	0	21	2	0	0	0	43	0	10	7	30	0	0	0	0	13	0	3	27	18	0	0	0	1	0	0	26	14	1	0	3	10	197	27	28	54	0	4	0	2	0	0	2	0	2	0	21	10	0	62
2	23	0	0	0	37	0	10	10	59	116	0	739	1	2	0	24	0	17	251	417	1	0	0	0	349	2	0	0	0	4	0	31	38	17	0	0	0	0	6	0	0	6	0	0	2	0	0	0	0	0	128	0	0	4	2	14	110	132	256	0	0	0	18	0	0	3	0	2	21	0	21	0	3
0	19	0	6	28	1	0	31	1	16	62	0	176	71	1	2	26	14	23	13	11	1	0	2	1	21	32	0	0	0	30	0	17	19	18	12	0	0	0	29	0	11	0	6	0	11	10	15	0	0	11	6	0	0	6	8	16	23	18	20	34	111	0	30	0	4	4	2	15	10	21	0	27	11
4	7	13	1	56	1	0	0	0	0	0	0	0	51	2	7	0	86	0	1	2	0	0	0	0	0	0	0	0	0	0	0	3	2	1	31	0	0	0	0	0	11	0	51	1	2	17	10	0	1	0	0	0	0	0	0	2	5	34	0	43	4	0	7	0	0	0	0	18	0	0	27	0	1
1	2	2	1	1	476	0	0	0	1	0	0	12	1	3	1	73	4	185	40	156	135	0	2	4	23	0	0	0	0	203	0	137	15	97	2	0	0	0	97	0	0	0	978	89	3	0	0	0	0	220	87	396	0	6	10	423	369	0	20	1	44	0	0	0	0	153	438	0	62	3	11	1	0
