0	0	0	0	0	0	0	0	0	0	0	0	0	0	0	0	0	0	0	0	0	0	0	0	0	0	0	0	0	0	0	0	0	0	0	0	0	0	0	0	0	0	0	0	0	0	0	0	0	0	0	0	0	0	0	0	0	0	0	0	0	0	0	0	0	0	0	0	0	0	0	0	0	0	0
0	0	80	0	0	0	0	0	0	0	0	0	36	0	2	0	0	6	2	0	0	44	0	0	1	0	0	0	9	0	0	0	0	0	0	0	0	0	2	0	3	0	43	0	0	0	0	0	0	0	0	0	34	150	6	0	834	0	28	2	0	0	0	2	0	1	1	1	0	0	0	0	0	0	1
0	80	0	0	3	0	0	0	0	0	1	0	23	0	0	0	0	16	1	0	46	6	0	0	24	0	0	0	47	0	0	17	4	168	0	0	1	0	8	2	5	1	307	16	0	0	0	0	0	0	16	0	330	2	7	0	113	0	38	1	0	0	0	0	14	57	220	0	0	0	105	5	0	2	0
0	0	0	0	4	0	400	0	104	0	232	0	0	0	100	118	99	9	13	3	58	86	0	0	38	1	2	0	8	28	134	0	61	94	1	0	0	0	4	14	231	74	462	0	0	120	0	0	170	26	2	0	159	4	6	2	0	0	40	8	0	0	10	12	44	3	98	21	0	9	70	4	11	6	44
0	0	3	4	0	0	0	0	7	2	1	6	0	3	1	7	30	8	9	0	12	0	0	0	2	6	76	0	0	7	5	100	4	28	3	0	35	0	23	4	84	368	22	556	0	5	0	0	0	5	363	0	4	6	12	2	1	0	1	81	0	0	13	25	21	3	18	15	0	76	12	22	14	24	1
0	0	0	0	0	0	0	0	0	0	2	0	0	0	0	0	7	6	0	0	11	0	0	0	1	0	29	0	0	0	6	2	0	5	0	0	0	0	3	0	6	0	3	2	0	0	0	0	0	0	6	0	0	0	3	0	0	0	0	0	0	0	0	0	0	1	0	0	0	0	0	6	100	0	0
0	0	0	400	0	0	0	0	0	0	67	0	0	0	2	56	0	2	6	0	0	50	0	0	3	0	0	0	0	8	52	0	0	21	0	0	0	0	0	1	37	0	226	0	0	84	0	0	98	0	0	0	131	0	2	0	3	0	0	1	0	0	1	0	0	3	169	0	0	0	98	0	0	0	125
0	0	0	0	0	0	0	0	0	0	0	0	0	0	0	0	0	0	0	0	0	0	0	0	0	0	0	0	0	0	0	0	0	0	0	0	0	0	0	0	0	0	0	0	0	0	0	0	0	0	0	0	0	0	0	0	0	0	0	0	0	0	0	0	0	0	0	0	0	0	0	0	0	0	0
0	0	0	104	7	0	0	0	0	0	0	0	0	5	0	11	94	1	1	4	440	0	0	0	0	0	0	0	0	5	0	0	0	0	15	0	0	0	0	0	6	45	3	2	0	0	0	0	0	0	1	0	1	0	0	0	0	0	0	0	0	0	4	0	210	1	0	37	0	2	0	0	6	7	0
0	0	0	0	2	0	0	0	0	0	0	0	0	0	0	0	0	0	0	0	0	0	0	0	0	0	0	0	0	0	0	0	0	0	0	0	0	0	0	0	0	0	0	0	0	0	0	0	0	0	0	0	0	0	0	0	0	0	0	0	0	0	0	4	5	0	0	0	0	0	0	0	0	0	0
0	0	1	232	1	2	67	0	0	0	0	0	0	31	0	563	0	16	51	41	0	1	0	0	254	0	0	0	271	140	0	0	0	4	0	0	0	0	0	0	84	0	288	1	0	64	0	0	0	0	23	0	19	0	13	0	110	0	0	15	0	0	0	0	3	133	124	1	0	1	0	1	0	1	265
0	0	0	0	6	0	0	0	0	0	0	0	0	1	0	20	0	0	0	0	0	0	0	0	1	3	0	0	0	88	0	0	0	0	289	0	0	0	0	0	0	0	0	0	0	0	0	0	0	0	1	0	0	0	0	378	1	0	0	0	0	0	143	0	0	0	0	0	0	1	0	0	0	6	0
0	36	23	0	0	0	0	0	0	0	0	0	0	0	0	0	0	0	1	0	14	0	0	0	0	0	0	0	0	0	0	0	0	0	0	0	0	0	0	0	0	0	6	0	0	0	0	0	0	0	28	0	44	2	0	0	0	0	0	0	0	0	0	0	0	0	84	0	0	0	0	0	0	0	0
0	0	0	0	3	0	0	0	5	0	31	1	0	0	13	82	21	3	0	12	2	4	0	0	0	2	11	0	0	38	15	0	33	0	0	0	4	0	0	0	36	0	22	5	754	82	0	0	0	18	3	5	0	0	13	21	0	0	0	14	0	0	13	27	7	0	0	73	0	26	2	0	18	31	0
0	2	0	100	1	0	2	0	0	0	0	0	0	13	0	422	0	0	168	14	0	2	0	0	158	0	0	0	107	92	0	0	0	0	0	0	0	0	0	0	30	0	255	0	0	6	0	0	0	0	3	0	19	81	11	0	124	0	0	0	0	0	0	0	0	74	5	0	0	0	0	0	0	1	191
0	0	0	118	7	0	56	0	11	0	563	20	0	82	422	0	398	0	2	469	5	0	0	0	0	0	36	0	1	942	3	1	397	152	105	0	3	0	2	0	16	0	717	5	0	812	0	0	0	12	0	1	0	0	9	554	0	0	19	1	0	0	476	11	7	1	154	35	0	15	217	14	1	17	0
0	0	0	99	30	7	0	0	94	0	0	0	0	21	0	398	0	5	2	301	818	1	0	0	1	0	228	0	0	341	8	0	6	22	11	0	0	0	0	0	343	11	49	9	0	443	0	0	0	0	21	0	1	0	3	6	0	0	0	2	0	0	74	15	287	1	3	400	0	81	21	75	39	30	0
0	6	16	9	8	6	2	0	1	0	16	0	0	3	0	0	5	0	6	1	447	79	0	0	57	5	0	0	525	0	133	41	2	81	13	0	3	0	189	6	371	0	37	71	0	0	0	0	1	2	212	0	13	113	144	0	14	0	197	30	0	0	0	3	1	168	19	3	0	0	32	69	0	9	23
0	2	1	13	9	0	6	0	1	0	51	0	1	0	168	2	2	6	0	1	6	21	0	0	181	0	0	0	220	1	122	221	0	4	0	0	2	0	324	16	114	0	10	6	0	4	0	0	10	0	41	0	34	56	231	0	0	0	34	89	0	0	0	6	9	109	10	1	0	3	7	30	2	10	2
0	0	0	3	0	0	0	0	4	0	41	0	0	12	14	469	301	1	1	0	11	0	0	0	1	0	2	0	1	364	2	0	110	20	0	0	0	0	1	0	28	2	78	4	0	351	0	0	0	1	2	29	0	0	0	145	0	0	2	1	0	0	271	0	28	0	0	35	0	4	43	2	6	2	3
0	0	46	58	12	11	0	0	440	0	0	0	14	2	0	5	818	447	6	11	0	29	0	0	7	6	4	0	2	1	1106	353	132	526	7	0	2	0	56	122	1072	30	486	37	0	0	0	0	2	0	1481	0	3	0	29	0	0	0	10	92	0	0	3	0	16	9	110	16	0	9	721	649	52	174	0
0	44	6	86	0	0	50	0	0	0	1	0	0	4	2	0	1	79	21	0	29	0	0	0	46	2	0	0	237	2	40	0	0	25	2	0	0	0	1	9	148	0	0	4	0	0	0	0	6	1	30	0	377	253	11	0	101	0	87	14	0	0	2	0	0	17	0	0	0	0	5	1	0	0	88
0	0	0	0	0	0	0	0	0	0	0	0	0	0	0	0	0	0	0	0	0	0	0	0	0	0	0	0	0	0	0	0	0	0	0	0	0	0	0	0	0	0	0	0	0	0	0	0	0	0	0	0	0	0	0	0	0	0	0	0	0	0	0	0	0	0	0	0	0	0	0	0	0	0	0
0	0	0	0	0	0	0	0	0	0	0	0	0	0	0	0	0	0	0	0	0	0	0	0	0	0	0	0	0	0	0	0	0	0	0	0	0	0	0	0	0	0	0	0	0	0	0	0	0	0	0	0	0	0	0	0	0	0	0	0	0	0	0	0	0	0	0	0	0	0	0	0	0	0	0
0	1	24	38	2	1	3	0	0	0	254	1	0	0	158	0	1	57	181	1	7	46	0	0	0	2	2	0	683	7	111	13	2	65	19	0	1	0	570	10	60	0	15	2	0	1	0	0	30	0	34	14	130	1	626	2	1	0	139	76	0	0	2	2	0	922	64	21	0	11	25	149	0	4	18
0	0	0	1	6	0	0	0	0	0	0	3	0	2	0	0	0	5	0	0	6	2	0	0	2	0	0	0	2	0	1	7	0	6	0	0	3	0	8	3	2	0	2	15	1	1	0	0	3	7	20	0	2	0	6	0	0	0	0	4	0	0	0	1	31	4	0	0	0	0	6	10	1	0	0
0	0	0	2	76	29	0	0	0	0	0	0	0	11	0	36	228	0	0	2	4	0	0	0	2	0	0	0	0	0	0	1	24	0	7	0	400	0	2	0	2	88	23	3	0	78	0	0	0	196	3	0	0	0	9	26	0	0	0	111	0	0	61	556	432	2	0	477	0	160	18	116	102	130	0
0	0	0	0	0	0	0	0	0	0	0	0	0	0	0	0	0	0	0	0	0	0	0	0	0	0	0	0	0	0	0	0	0	0	0	0	0	0	0	0	0	0	0	0	0	0	0	0	0	0	0	0	0	0	0	0	0	0	0	0	0	0	0	0	0	0	0	0	0	0	0	0	0	0	0
0	9	47	8	0	0	0	0	0	0	271	0	0	0	107	1	0	525	220	1	2	237	0	0	683	2	0	0	0	6	298	3	2	131	20	0	4	0	383	2	145	0	23	3	0	0	0	0	18	1	14	0	167	36	400	0	4	0	80	188	0	0	1	7	1	648	15	7	0	0	26	141	0	7	85
0	0	0	28	7	0	8	0	5	0	140	88	0	38	92	942	341	0	1	364	1	2	0	0	7	0	0	0	6	0	0	0	344	318	160	0	1	0	0	0	9	1	864	1	0	791	0	0	0	10	1	0	9	4	1	513	0	0	1	1	0	0	313	22	41	0	86	109	0	10	376	0	0	16	0
0	0	0	134	5	6	52	0	0	0	0	0	0	15	0	3	8	133	122	2	1106	40	0	0	111	1	0	0	298	0	0	0	0	14	2	0	1	0	0	0	424	0	19	12	0	1	0	0	0	5	120	0	27	58	8	0	0	0	0	22	0	0	4	2	7	4	10	2	0	2	0	4	1	5	121
0	0	17	0	100	2	0	0	0	0	0	0	0	0	0	1	0	41	221	0	353	0	0	0	13	7	1	0	3	0	0	0	1	0	22	0	0	0	499	6	93	80	20	478	0	0	0	0	0	0	562	0	0	0	504	0	0	0	0	1	0	0	0	31	10	420	96	0	0	1	48	226	0	121	0
0	0	4	61	4	0	0	0	0	0	0	0	0	33	0	397	6	2	0	110	132	0	0	0	2	0	24	0	2	344	0	1	0	0	242	0	0	0	0	0	2	44	304	0	0	46	0	0	0	0	9	0	0	0	1	146	0	0	0	1	0	0	25	0	274	0	1	126	0	29	0	0	5	4	0
0	0	168	94	28	5	21	0	0	0	4	0	0	0	0	152	22	81	4	20	526	25	0	0	65	6	0	0	131	318	14	0	0	0	13	0	0	0	14	0	267	0	551	213	0	36	0	0	0	0	273	0	24	10	33	0	5	0	10	39	0	0	0	0	6	88	262	0	0	2	19	15	0	10	88
0	0	0	1	3	0	0	0	15	0	0	289	0	0	0	105	11	13	0	0	7	2	0	0	19	0	7	0	20	160	2	22	242	13	0	0	16	0	4	1	0	1	1	7	0	10	0	0	0	0	0	0	11	0	1	653	3	0	15	2	0	0	470	4	32	24	0	14	0	0	7	7	7	9	0
0	0	0	0	0	0	0	0	0	0	0	0	0	0	0	0	0	0	0	0	0	0	0	0	0	0	0	0	0	0	0	0	0	0	0	0	0	0	0	0	0	0	0	0	0	0	0	0	0	0	0	0	0	0	0	0	0	0	0	0	0	0	0	0	0	0	0	0	0	0	0	0	0	0	0
0	0	1	0	35	0	0	0	0	0	0	0	0	4	0	3	0	3	2	0	2	0	0	0	1	3	400	0	4	1	1	0	0	0	16	0	0	0	0	0	0	3	2	2	0	0	0	0	0	0	0	0	0	0	3	0	0	5	0	0	0	0	16	0	552	2	7	403	0	42	0	0	0	35	0
0	0	0	0	0	0	0	0	0	0	0	0	0	0	0	0	0	0	0	0	0	0	0	0	0	0	0	0	0	0	0	0	0	0	0	0	0	0	0	0	0	0	0	0	0	0	0	0	0	0	0	0	0	0	0	0	0	0	0	0	0	0	0	0	0	0	0	0	0	0	0	0	0	0	0
0	2	8	4	23	3	0	0	0	0	0	0	0	0	0	2	0	189	324	1	56	1	0	0	570	8	2	0	383	0	0	499	0	14	4	0	0	0	0	0	141	1	34	518	0	0	0	0	0	0	589	0	9	33	155	0	0	0	0	48	0	0	0	0	14	699	140	1	0	2	5	6	0	23	27
0	0	2	14	4	0	1	0	0	0	0	0	0	0	0	0	0	6	16	0	122	9	0	0	10	3	0	0	2	0	0	6	0	0	1	0	0	0	0	0	48	2	6	172	0	0	0	0	0	0	111	0	4	4	6	0	0	0	0	12	0	0	0	0	1	53	35	46	0	2	0	0	0	4	1
0	3	5	231	84	6	37	0	6	0	84	0	0	36	30	16	343	371	114	28	1072	148	0	0	60	2	2	0	145	9	424	93	2	267	0	0	0	0	141	48	0	3	240	59	0	166	0	0	4	10	493	0	61	66	142	1	9	0	187	229	0	0	0	24	4	44	66	63	0	33	92	383	3	34	172
0	0	1	74	368	0	0	0	45	0	0	0	0	0	0	0	11	0	0	2	30	0	0	0	0	0	88	0	0	1	0	80	44	0	1	0	3	0	1	2	3	0	6	21	1	0	0	0	0	126	158	0	1	0	0	0	0	0	0	98	0	0	1	502	198	0	0	17	0	158	2	18	88	48	0
0	43	307	462	22	3	226	0	3	0	288	0	6	22	255	717	49	37	10	78	486	0	0	0	15	2	23	0	23	864	19	20	304	551	1	0	2	0	34	6	240	6	0	23	0	216	0	0	52	6	131	1	19	0	15	110	56	0	5	18	0	0	12	1	20	13	533	49	0	33	333	47	7	11	246
0	0	16	0	556	2	0	0	2	0	1	0	0	5	0	5	9	71	6	4	37	4	0	0	2	15	3	0	3	1	12	478	0	213	7	0	2	0	518	172	59	21	23	0	0	0	0	0	0	87	338	0	19	2	211	0	0	0	3	418	0	0	5	128	1	77	4	7	0	0	82	402	2	28	10
0	0	0	0	0	0	0	0	0	0	0	0	0	754	0	0	0	0	0	0	0	0	0	0	0	1	0	0	0	0	0	0	0	0	0	0	0	0	0	0	0	1	0	0	0	0	0	0	0	0	0	0	0	4	0	0	0	0	0	0	0	0	0	0	0	0	0	0	0	1	0	0	0	0	0
0	0	0	120	5	0	84	0	0	0	64	0	0	82	6	812	443	0	4	351	0	0	0	0	1	1	78	0	0	791	1	0	46	36	10	0	0	0	0	0	166	0	216	0	0	0	0	0	0	0	0	344	3	0	0	143	0	0	0	0	0	0	206	0	22	0	0	25	0	31	0	0	0	13	2
0	0	0	0	0	0	0	0	0	0	0	0	0	0	0	0	0	0	0	0	0	0	0	0	0	0	0	0	0	0	0	0	0	0	0	0	0	0	0	0	0	0	0	0	0	0	0	0	0	0	0	0	0	0	0	0	0	0	0	0	0	0	0	0	0	0	0	0	0	0	0	0	0	0	0
0	0	0	0	0	0	0	0	0	0	0	0	0	0	0	0	0	0	0	0	0	0	0	0	0	0	0	0	0	0	0	0	0	0	0	0	0	0	0	0	0	0	0	0	0	0	0	0	0	0	0	0	0	0	0	0	0	0	0	0	0	0	0	0	0	0	0	0	0	0	0	0	0	0	0
0	0	0	170	0	0	98	0	0	0	0	0	0	0	0	0	0	1	10	0	2	6	0	0	30	3	0	0	18	0	0	0	0	0	0	0	0	0	0	0	4	0	52	0	0	0	0	0	0	0	0	0	154	21	9	0	0	0	0	7	0	0	0	0	0	24	161	0	0	3	0	0	0	0	5
0	0	0	26	5	0	0	0	0	0	0	0	0	18	0	12	0	2	0	1	0	1	0	0	0	7	196	0	1	10	5	0	0	0	0	0	0	0	0	0	10	126	6	87	0	0	0	0	0	0	0	0	1	0	1	0	0	0	0	10	0	0	11	0	11	0	0	73	0	23	0	0	7	5	1
0	0	16	2	363	6	0	0	1	0	23	1	28	3	3	0	21	212	41	2	1481	30	0	0	34	20	3	0	14	1	120	562	9	273	0	0	0	0	589	111	493	158	131	338	0	0	0	0	0	0	0	0	23	3	210	0	0	0	106	261	0	0	0	16	0	29	107	0	0	0	198	436	1	86	20
0	0	0	0	0	0	0	0	0	0	0	0	0	5	0	1	0	0	0	29	0	0	0	0	14	0	0	0	0	0	0	0	0	0	0	0	0	0	0	0	0	0	1	0	0	344	0	0	0	0	0	0	1	0	0	0	0	0	0	0	0	0	41	0	0	0	0	0	0	1	0	2	2	0	0
0	34	330	159	4	0	131	0	1	0	19	0	44	0	19	0	1	13	34	0	3	377	0	0	130	2	0	0	167	9	27	0	0	24	11	0	0	0	9	4	61	1	19	19	0	3	0	0	154	1	23	1	0	276	26	0	159	0	296	40	0	0	0	0	1	156	265	2	0	2	12	13	1	2	3
0	150	2	4	6	0	0	0	0	0	0	0	2	0	81	0	0	113	56	0	0	253	0	0	1	0	0	0	36	4	58	0	0	10	0	0	0	0	33	4	66	0	0	2	4	0	0	0	21	0	3	0	276	0	39	0	51	0	311	15	0	0	0	0	0	0	1	0	0	0	12	0	0	1	0
0	6	7	6	12	3	2	0	0	0	13	0	0	13	11	9	3	144	231	0	29	11	0	0	626	6	9	0	400	1	8	504	1	33	1	0	3	0	155	6	142	0	15	211	0	0	0	0	9	1	210	0	26	39	0	0	1	0	24	11	0	0	7	2	16	658	62	61	0	9	13	21	0	8	26
0	0	0	2	2	0	0	0	0	0	0	378	0	21	0	554	6	0	0	145	0	0	0	0	2	0	26	0	0	513	0	0	146	0	653	0	0	0	0	0	1	0	110	0	0	143	0	0	0	0	0	0	0	0	0	0	0	0	0	0	0	0	468	1	25	0	4	15	0	0	0	0	7	2	0
0	834	113	0	1	0	3	0	0	0	110	1	0	0	124	0	0	14	0	0	0	101	0	0	1	0	0	0	4	0	0	0	0	5	3	0	0	0	0	0	9	0	56	0	0	0	0	0	0	0	0	0	159	51	1	0	0	0	166	1	0	0	0	1	0	3	0	0	0	0	0	0	0	1	4
0	0	0	0	0	0	0	0	0	0	0	0	0	0	0	0	0	0	0	0	0	0	0	0	0	0	0	0	0	0	0	0	0	0	0	0	5	0	0	0	0	0	0	0	0	0	0	0	0	0	0	0	0	0	0	0	0	0	0	0	0	0	0	0	0	0	0	0	0	0	0	0	0	0	0
0	28	38	40	1	0	0	0	0	0	0	0	0	0	0	19	0	197	34	2	10	87	0	0	139	0	0	0	80	1	0	0	0	10	15	0	0	0	0	0	187	0	5	3	0	0	0	0	0	0	106	0	296	311	24	0	166	0	0	11	0	0	0	0	1	147	3	7	0	0	0	0	0	1	212
0	2	1	8	81	0	1	0	0	0	15	0	0	14	0	1	2	30	89	1	92	14	0	0	76	4	111	0	188	1	22	1	1	39	2	0	0	0	48	12	229	98	18	418	0	0	0	0	7	10	261	0	40	15	11	0	1	0	11	0	0	0	2	23	2	192	26	17	0	89	4	39	0	19	7
0	0	0	0	0	0	0	0	0	0	0	0	0	0	0	0	0	0	0	0	0	0	0	0	0	0	0	0	0	0	0	0	0	0	0	0	0	0	0	0	0	0	0	0	0	0	0	0	0	0	0	0	0	0	0	0	0	0	0	0	0	0	0	0	0	0	0	0	0	0	0	0	0	0	0
0	0	0	0	0	0	0	0	0	0	0	0	0	0	0	0	0	0	0	0	0	0	0	0	0	0	0	0	0	0	0	0	0	0	0	0	0	0	0	0	0	0	0	0	0	0	0	0	0	0	0	0	0	0	0	0	0	0	0	0	0	0	0	0	0	0	0	0	0	0	0	0	0	0	0
0	0	0	10	13	0	1	0	4	0	0	143	0	13	0	476	74	0	0	271	3	2	0	0	2	0	61	0	1	313	4	0	25	0	470	0	16	0	0	0	0	1	12	5	0	206	0	0	0	11	0	41	0	0	7	468	0	0	0	2	0	0	0	18	76	17	0	70	0	34	3	0	29	23	0
0	2	0	12	25	0	0	0	0	4	0	0	0	27	0	11	15	3	6	0	0	0	0	0	2	1	556	0	7	22	2	31	0	0	4	0	0	0	0	0	24	502	1	128	0	0	0	0	0	0	16	0	0	0	2	1	1	0	0	23	0	0	18	0	81	1	2	686	0	125	0	0	30	25	0
0	0	14	44	21	0	0	0	210	5	3	0	0	7	0	7	287	1	9	28	16	0	0	0	0	31	432	0	1	41	7	10	274	6	32	0	552	0	14	1	4	198	20	1	0	22	0	0	0	11	0	0	1	0	16	25	0	0	1	2	0	0	76	81	0	18	2	1155	0	73	34	10	75	89	0
0	1	57	3	3	1	3	0	1	0	133	0	0	0	74	1	1	168	109	0	9	17	0	0	922	4	2	0	648	0	4	420	0	88	24	0	2	0	699	53	44	0	13	77	0	0	0	0	24	0	29	0	156	0	658	0	3	0	147	192	0	0	17	1	18	0	182	24	0	2	19	144	0	1	55
0	1	220	98	18	0	169	0	0	0	124	0	84	0	5	154	3	19	10	0	110	0	0	0	64	0	0	0	15	86	10	96	1	262	0	0	7	0	140	35	66	0	533	4	0	0	0	0	161	0	107	0	265	1	62	4	0	0	3	26	0	0	0	2	2	182	0	1	0	3	294	202	0	9	8
0	1	0	21	15	0	0	0	37	0	1	0	0	73	0	35	400	3	1	35	16	0	0	0	21	0	477	0	7	109	2	0	126	0	14	0	403	0	1	46	63	17	49	7	0	25	0	0	0	73	0	0	2	0	61	15	0	0	7	17	0	0	70	686	1155	24	1	0	0	66	17	1	145	129	26
0	0	0	0	0	0	0	0	0	0	0	0	0	0	0	0	0	0	0	0	0	0	0	0	0	0	0	0	0	0	0	0	0	0	0	0	0	0	0	0	0	0	0	0	0	0	0	0	0	0	0	0	0	0	0	0	0	0	0	0	0	0	0	0	0	0	0	0	0	0	0	0	0	0	0
0	0	0	9	76	0	0	0	2	0	1	1	0	26	0	15	81	0	3	4	9	0	0	0	11	0	160	0	0	10	2	1	29	2	0	0	42	0	2	2	33	158	33	0	1	31	0	0	3	23	0	1	2	0	9	0	0	0	0	89	0	0	34	125	73	2	3	66	0	0	10	2	5	24	5
0	0	105	70	12	0	98	0	0	0	0	0	0	2	0	217	21	32	7	43	721	5	0	0	25	6	18	0	26	376	0	48	0	19	7	0	0	0	5	0	92	2	333	82	0	0	0	0	0	0	198	0	12	12	13	0	0	0	0	4	0	0	3	0	34	19	294	17	0	10	0	10	3	8	8
0	0	5	4	22	6	0	0	0	0	1	0	0	0	0	14	75	69	30	2	649	1	0	0	149	10	116	0	141	0	4	226	0	15	7	0	0	0	6	0	383	18	47	402	0	0	0	0	0	0	436	2	13	0	21	0	0	0	0	39	0	0	0	0	10	144	202	1	0	2	10	0	0	19	3
0	0	0	11	14	100	0	0	6	0	0	0	0	18	0	1	39	0	2	6	52	0	0	0	0	1	102	0	0	0	1	0	5	0	7	0	0	0	0	0	3	88	7	2	0	0	0	0	0	7	1	2	1	0	0	7	0	0	0	0	0	0	29	30	75	0	0	145	0	5	3	0	0	14	0
0	0	2	6	24	0	0	0	7	0	1	6	0	31	1	17	30	9	10	2	174	0	0	0	4	0	130	0	7	16	5	121	4	10	9	0	35	0	23	4	34	48	11	28	0	13	0	0	0	5	86	0	2	1	8	2	1	0	1	19	0	0	23	25	89	1	9	129	0	24	8	19	14	0	0
0	1	0	44	1	0	125	0	0	0	265	0	0	0	191	0	0	23	2	3	0	88	0	0	18	0	0	0	85	0	121	0	0	88	0	0	0	0	27	1	172	0	246	10	0	2	0	0	5	1	20	0	3	0	26	0	4	0	212	7	0	0	0	0	0	55	8	26	0	5	8	3	0	0	0
