0	0	0	0	0	0	0	0	0	0	0	0	0	0	0	0	0	0	0	0	0	0	0	0	0	0	0	0	0	0	0	0	0	0	0	0	0	0	0	0	0	0	0	0	0	0	0	0	0	0	0	0	0	0	0	0	0	0	0	0	0	0	0	0	0	0	0	0	0	0	0	0	0	0	0
0	0	1046	167	0	0	0	6	0	0	318	1	786	0	0	3	0	80	63	2	2	477	0	0	12	0	0	42	521	0	12	12	0	100	14	0	2	0	56	22	6	0	45	1	0	0	0	0	239	0	0	10	555	230	23	0	1448	4	726	34	0	0	0	0	0	15	175	0	0	1	3	52	0	6	4
0	1046	0	2	6	0	0	2	2	0	28	0	325	0	0	0	0	16	3	0	103	17	0	0	24	0	0	8	55	1	0	3	3	229	0	0	1	0	5	1	3	0	239	4	0	0	0	0	39	0	0	0	523	2	7	0	391	10	26	1	0	0	1	1	55	28	200	0	0	1	485	4	0	3	0
0	167	2	0	2	0	134	4	73	0	395	0	28	105	0	226	5	2	25	1	1	144	0	0	7	0	0	6	4	42	172	2	63	92	0	0	4	0	5	16	45	5	176	2	0	263	0	0	377	30	0	0	135	8	5	0	37	8	12	39	51	0	0	3	1	2	30	85	0	6	134	15	1	27	226
0	0	6	2	0	119	0	12	1	0	71	0	1	0	0	2	14	31	267	1	83	119	0	0	63	0	344	2	6	0	0	147	4	3	5	0	5	0	991	274	93	183	163	504	0	0	0	0	28	280	0	4	91	14	365	0	0	22	80	618	0	0	5	920	4	93	43	12	0	1080	5	581	70	420	23
0	0	0	0	119	0	0	1	3	0	1	0	0	0	0	7	10	23	8	0	35	0	0	0	5	0	6	108	0	0	28	1	7	25	1	0	4	0	26	0	167	1	38	0	0	5	0	0	0	1	0	0	5	0	7	0	0	7	3	13	0	0	0	4	4	1	2	10	0	2	4	1	19	2	0
0	0	0	134	0	0	0	0	0	0	6	0	0	0	0	5	0	0	0	0	0	5	0	0	0	0	0	0	0	0	4	0	0	5	0	0	0	0	0	0	0	0	7	0	0	1	0	0	11	0	0	0	0	1	0	0	0	0	0	0	0	0	0	0	0	0	0	0	0	0	0	0	0	0	2
0	6	2	4	12	1	0	0	0	0	233	0	0	0	0	0	0	11	239	0	0	12	0	0	225	0	0	82	100	0	0	0	0	0	0	0	0	0	86	1	16	1	5	0	0	0	0	0	104	9	0	0	29	9	85	0	0	18	41	22	0	0	0	0	17	145	81	0	0	4	0	8	1	3	1
0	0	2	73	1	3	0	0	0	0	0	0	0	44	0	4	57	2	15	6	550	0	0	0	2	0	6	0	0	0	0	0	59	0	38	0	0	0	10	0	24	0	10	0	0	1	0	0	2	0	0	0	2	0	1	0	0	2	0	0	21	0	0	10	235	19	1	28	0	4	59	0	14	0	0
0	0	0	0	0	0	0	0	0	0	0	0	0	0	0	0	0	0	0	0	0	0	0	0	0	0	0	0	0	0	0	0	0	0	0	0	0	0	0	0	0	0	0	0	0	0	0	0	0	0	0	0	0	0	0	0	0	0	0	0	0	0	0	0	0	0	0	0	0	0	0	0	0	0	0
0	318	28	395	71	1	6	233	0	0	0	0	14	121	0	227	1	194	544	60	2	204	0	0	374	0	0	291	496	49	211	1	10	229	3	0	1	0	430	32	376	1	169	6	0	110	0	0	167	14	0	11	236	14	237	0	109	65	114	187	0	0	5	1	0	302	159	12	0	5	120	68	17	30	223
0	1	0	0	0	0	0	0	0	0	0	0	0	0	0	20	0	0	0	2	0	0	0	0	0	0	0	0	0	0	0	0	0	0	5	0	0	0	0	0	0	0	0	0	0	0	0	0	0	0	0	0	1	0	1	0	0	1	0	4	0	0	1	0	0	0	0	0	0	0	0	1	0	0	3
0	786	325	28	1	0	0	0	0	0	14	0	0	67	0	26	0	1	4	1	0	1	0	0	2	0	0	4	92	0	0	0	12	0	2	0	0	0	0	0	4	0	4	8	0	0	0	0	1	0	0	0	151	7	0	0	80	21	0	0	10	0	0	21	10	2	0	44	0	0	2	0	0	0	0
0	0	0	105	0	0	0	0	44	0	121	0	67	0	0	46	9	0	1	0	0	0	0	0	27	0	37	0	19	60	2	0	93	0	5	0	60	0	1	0	15	0	27	3	680	86	0	0	1	0	0	30	0	0	19	0	0	154	5	1	50	0	22	2	10	4	17	278	0	63	13	111	86	65	4
0	0	0	0	0	0	0	0	0	0	0	0	0	0	0	0	0	0	0	0	0	0	0	0	0	0	0	0	0	0	0	0	0	0	0	0	0	0	0	0	0	0	0	0	0	0	0	0	0	0	0	0	0	0	0	0	0	0	0	0	0	0	0	0	0	0	0	0	0	0	0	0	0	0	0
0	3	0	226	2	7	5	0	4	0	227	20	26	46	0	0	164	4	13	497	0	0	0	0	18	0	11	0	0	515	1	0	621	158	12	0	10	0	2	4	46	1	487	0	0	526	0	0	9	6	0	1	2	0	7	61	0	282	4	0	12	0	303	36	27	0	73	141	0	8	457	32	10	36	0
0	0	0	5	14	10	0	0	57	0	1	0	0	9	0	164	0	2	2	369	732	0	0	0	5	0	254	5	2	1	33	0	60	0	13	0	0	0	2	0	329	0	33	9	0	176	0	0	0	0	0	0	1	2	1	0	0	3	0	0	2	0	121	145	259	12	2	445	0	115	3	1	46	1	0
0	80	16	2	31	23	0	11	2	0	194	0	1	0	0	4	2	0	206	3	210	47	0	0	122	0	1	578	136	0	55	12	27	54	8	0	0	0	235	16	357	0	24	97	0	0	0	0	64	2	0	1	39	158	71	0	7	27	73	12	0	0	2	2	2	134	48	36	0	3	1	33	2	6	0
0	63	3	25	267	8	0	239	15	0	544	0	4	1	0	13	2	206	0	1	14	368	0	0	802	0	8	109	554	0	156	34	1	9	10	0	36	0	946	32	180	1	53	258	0	33	0	0	247	20	0	24	434	11	669	0	18	72	366	148	0	0	0	13	5	1137	26	114	0	4	3	311	16	51	5
0	2	0	1	1	0	0	0	6	0	60	2	1	0	0	497	369	3	1	0	22	0	0	0	0	0	5	0	0	248	1	0	187	156	4	0	0	0	0	1	86	1	255	0	0	360	0	0	0	29	0	1	0	8	0	81	0	39	15	1	0	0	174	49	3	3	0	17	0	14	26	32	78	17	0
0	2	103	1	83	35	0	0	550	0	2	0	0	0	0	0	732	210	14	22	0	87	0	0	21	0	36	130	0	2	1046	16	28	470	2	0	12	0	202	412	1082	10	415	111	0	3	0	0	0	2	0	0	14	0	22	0	1	1	0	62	0	0	3	5	36	1	53	52	0	1	741	78	42	206	0
0	477	17	144	119	0	5	12	0	0	204	0	1	0	0	0	0	47	368	0	87	0	0	0	260	0	0	252	176	0	38	0	0	12	3	0	9	0	27	10	176	0	5	77	0	0	0	0	239	0	0	0	276	142	10	0	95	6	38	10	0	0	0	0	1	22	16	2	0	3	0	0	2	3	4
0	0	0	0	0	0	0	0	0	0	0	0	0	0	0	0	0	0	0	0	0	0	0	0	0	0	0	0	0	0	0	0	0	0	0	0	0	0	0	0	0	0	0	0	0	0	0	0	0	0	0	0	0	0	0	0	0	0	0	0	0	0	0	0	0	0	0	0	0	0	0	0	0	0	0
0	0	0	0	0	0	0	0	0	0	0	0	0	0	0	0	0	0	0	0	0	0	0	0	0	0	0	0	0	0	0	0	0	0	0	0	0	0	0	0	0	0	0	0	0	0	0	0	0	0	0	0	0	0	0	0	0	0	0	0	0	0	0	0	0	0	0	0	0	0	0	0	0	0	0
0	12	24	7	63	5	0	225	2	0	374	0	2	27	0	18	5	122	802	0	21	260	0	0	0	0	0	30	449	6	237	3	15	4	1	0	2	0	757	75	74	0	59	17	0	18	0	0	156	16	0	12	318	7	631	1	14	46	386	123	0	0	1	3	0	852	47	37	0	13	3	256	1	27	3
0	0	0	0	0	0	0	0	0	0	0	0	0	0	0	0	0	0	0	0	0	0	0	0	0	0	0	0	0	0	0	0	0	0	0	0	0	0	0	0	0	0	0	0	4	0	0	0	0	0	0	0	0	0	0	0	0	0	0	0	0	0	0	0	0	0	0	0	0	0	0	0	0	0	0
0	0	0	0	344	6	0	0	6	0	0	0	0	37	0	11	254	1	8	5	36	0	0	0	0	0	0	0	1	8	1	0	24	0	4	0	91	0	1	0	13	80	34	1	0	135	0	0	0	79	0	1	1	0	2	0	0	46	1	52	0	0	21	422	548	2	3	1182	0	807	36	1	123	208	0
0	42	8	6	2	108	0	82	0	0	291	0	4	0	0	0	5	578	109	0	130	252	0	0	30	0	0	0	187	0	471	19	50	175	2	0	0	0	555	43	246	0	23	9	0	1	0	0	31	3	0	0	49	4	227	0	12	20	310	43	0	0	0	0	0	29	146	0	0	0	4	84	28	18	4
0	521	55	4	6	0	0	100	0	0	496	0	92	19	0	0	2	136	554	0	0	176	0	0	449	0	1	187	0	3	45	2	14	0	4	0	1	0	172	15	55	0	41	0	0	56	0	0	141	8	0	63	317	253	126	0	126	69	278	23	0	0	6	0	0	249	42	10	0	1	0	4	1	21	10
0	0	1	42	0	0	0	0	0	0	49	0	0	60	0	515	1	0	0	248	2	0	0	0	6	0	8	0	3	0	0	0	159	0	52	0	0	0	0	0	24	0	113	0	0	68	0	0	0	0	0	0	0	0	1	0	0	288	1	0	37	0	6	2	4	0	14	50	0	17	108	0	0	0	0
0	12	0	172	0	28	4	0	0	0	211	0	0	2	0	1	33	55	156	1	1046	38	0	0	237	0	1	471	45	0	0	0	1	0	6	0	0	0	2	0	444	0	11	6	0	2	0	0	165	0	0	0	59	123	4	0	2	0	0	0	0	0	0	0	1	1	5	1	0	5	1	0	4	0	0
0	12	3	2	147	1	0	0	0	0	1	0	0	0	0	0	0	12	34	0	16	0	0	0	3	0	0	19	2	0	0	0	6	0	7	0	0	0	34	0	28	0	2	265	0	0	0	0	2	0	0	0	0	0	21	0	1	3	0	0	0	0	0	1	1	95	6	2	0	0	0	0	0	0	0
0	0	3	63	4	7	0	0	59	0	10	0	12	93	0	621	60	27	1	187	28	0	0	0	15	0	24	50	14	159	1	6	0	0	382	0	38	0	29	2	6	26	297	23	0	268	0	0	0	9	0	1	11	0	45	30	0	392	2	1	84	0	130	53	113	16	65	214	0	41	163	39	3	49	0
0	100	229	92	3	25	5	0	0	0	229	0	0	0	0	158	0	54	9	156	470	12	0	0	4	0	0	175	0	0	0	0	0	0	0	0	0	0	0	0	196	0	65	1	0	0	0	0	94	0	0	0	2	17	1	0	13	1	0	0	0	0	0	0	0	0	0	0	0	1	5	0	0	0	1
0	14	0	0	5	1	0	0	38	0	3	5	2	5	0	12	13	8	10	4	2	3	0	0	1	0	4	2	4	52	6	7	382	0	0	0	3	0	23	0	13	3	21	1	0	3	0	0	1	6	0	5	26	0	4	76	5	634	7	3	43	0	320	10	60	3	0	27	0	7	1	13	19	32	2
0	0	0	0	0	0	0	0	0	0	0	0	0	0	0	0	0	0	0	0	0	0	0	0	0	0	0	0	0	0	0	0	0	0	0	0	0	0	0	0	0	0	0	0	0	0	0	0	0	0	0	0	0	0	0	0	0	0	0	0	0	0	0	0	0	0	0	0	0	0	0	0	0	0	0
0	2	1	4	5	4	0	0	0	0	1	0	0	60	0	10	0	0	36	0	12	9	0	0	2	0	91	0	1	0	0	0	38	0	3	0	0	0	0	0	1	0	1	1	0	0	0	0	17	0	0	0	2	0	0	0	0	30	0	0	5	0	1	9	286	0	0	394	0	208	0	0	19	0	0
0	0	0	0	0	0	0	0	0	0	0	0	0	0	0	0	0	0	0	0	0	0	0	0	0	0	0	0	0	0	0	0	0	0	0	0	0	0	0	0	0	0	0	0	0	0	0	0	0	0	0	0	0	0	0	0	0	0	0	0	0	0	0	0	0	0	0	0	0	0	0	0	0	0	0
0	56	5	5	991	26	0	86	10	0	430	0	0	1	0	2	2	235	946	0	202	27	0	0	757	0	1	555	172	0	2	34	29	0	23	0	0	0	0	22	76	0	19	548	0	0	0	0	268	4	0	1	126	25	212	0	2	22	21	59	0	0	0	148	3	429	246	1	0	8	2	153	2	38	2
0	22	1	16	274	0	0	1	0	0	32	0	0	0	0	4	0	16	32	1	412	10	0	0	75	0	0	43	15	0	0	0	2	0	0	0	0	0	22	0	125	0	11	221	0	0	0	0	0	0	0	0	11	3	5	0	1	3	0	0	0	0	0	2	1	0	0	7	0	21	3	0	0	0	0
0	6	3	45	93	167	0	16	24	0	376	0	4	15	0	46	329	357	180	86	1082	176	0	0	74	0	13	246	55	24	444	28	6	196	13	0	1	0	76	125	0	4	186	24	0	129	0	0	31	16	0	13	98	13	78	0	1	51	79	310	5	0	3	41	12	135	10	144	0	12	12	83	100	51	164
0	0	0	5	183	1	0	1	0	0	1	0	0	0	0	1	0	0	1	1	10	0	0	0	0	0	80	0	0	0	0	0	26	0	3	0	0	0	0	0	4	0	1	20	0	0	0	0	0	0	0	0	1	1	0	0	0	0	0	0	0	0	0	208	106	1	1	4	0	255	0	0	0	0	0
0	45	239	176	163	38	7	5	10	0	169	0	4	27	0	487	33	24	53	255	415	5	0	0	59	0	34	23	41	113	11	2	297	65	21	0	1	0	19	11	186	1	0	18	0	52	0	0	228	3	0	2	28	1	10	0	13	37	1	7	4	0	9	18	70	50	27	181	0	26	156	9	11	15	26
0	1	4	2	504	0	0	0	0	0	6	0	8	3	0	0	9	97	258	0	111	77	0	0	17	0	1	9	0	0	6	265	23	1	1	0	1	0	548	221	24	20	18	0	0	2	0	0	0	51	0	0	4	0	392	1	0	16	17	424	0	0	1	271	3	124	6	7	0	34	4	501	6	277	1
0	0	0	0	0	0	0	0	0	0	0	0	0	680	0	0	0	0	0	0	0	0	0	0	0	4	0	0	0	0	0	0	0	0	0	0	0	0	0	0	0	0	0	0	0	0	0	0	0	0	0	0	0	0	0	0	0	0	0	0	0	0	0	0	0	0	0	0	0	0	0	0	0	0	0
0	0	0	263	0	5	1	0	1	0	110	0	0	86	0	526	176	0	33	360	3	0	0	0	18	0	135	1	56	68	2	0	268	0	3	0	0	0	0	0	129	0	52	2	0	0	0	0	12	3	0	87	2	0	0	0	0	417	0	0	1	0	185	29	137	0	0	342	0	61	0	0	48	40	2
0	0	0	0	0	0	0	0	0	0	0	0	0	0	0	0	0	0	0	0	0	0	0	0	0	0	0	0	0	0	0	0	0	0	0	0	0	0	0	0	0	0	0	0	0	0	0	0	0	0	0	0	0	0	0	0	0	0	0	0	0	0	0	0	0	0	0	0	0	0	0	0	0	0	0
0	0	0	0	0	0	0	0	0	0	0	0	0	0	0	0	0	0	0	0	0	0	0	0	0	0	0	0	0	0	0	0	0	0	0	0	0	0	0	0	0	0	0	0	0	0	0	0	0	0	0	0	0	0	0	0	0	0	0	0	0	0	0	0	0	0	0	0	0	0	0	0	0	0	0
0	239	39	377	28	0	11	104	2	0	167	0	1	1	0	9	0	64	247	0	0	239	0	0	156	0	0	31	141	0	165	2	0	94	1	0	17	0	268	0	31	0	228	0	0	12	0	0	0	14	0	6	376	251	68	0	15	79	89	74	0	0	0	1	34	145	73	6	0	0	104	59	20	20	37
0	0	0	30	280	1	0	9	0	0	14	0	0	0	0	6	0	2	20	29	2	0	0	0	16	0	79	3	8	0	0	0	9	0	6	0	0	0	4	0	16	0	3	51	0	3	0	0	14	0	0	0	1	6	2	0	0	3	0	1	0	0	0	79	27	2	0	271	0	247	0	0	5	0	0
0	0	0	0	0	0	0	0	0	0	0	0	0	0	0	0	0	0	0	0	0	0	0	0	0	0	0	0	0	0	0	0	0	0	0	0	0	0	0	0	0	0	0	0	0	0	0	0	0	0	0	0	0	0	0	0	0	0	0	0	0	0	0	0	0	0	0	0	0	0	0	0	0	0	0
0	10	0	0	4	0	0	0	0	0	11	0	0	30	0	1	0	1	24	1	0	0	0	0	12	0	1	0	63	0	0	0	1	0	5	0	0	0	1	0	13	0	2	0	0	87	0	0	6	0	0	0	0	0	0	0	1	186	0	0	127	0	124	0	0	9	0	7	0	3	0	0	0	0	0
0	555	523	135	91	5	0	29	2	0	236	1	151	0	0	2	1	39	434	0	14	276	0	0	318	0	1	49	317	0	59	0	11	2	26	0	2	0	126	11	98	1	28	4	0	2	0	0	376	1	0	0	0	291	49	0	277	19	233	31	0	0	0	1	1	79	11	4	0	6	0	3	2	7	1
0	230	2	8	14	0	1	9	0	0	14	0	7	0	0	0	2	158	11	8	0	142	0	0	7	0	0	4	253	0	123	0	0	17	0	0	0	0	25	3	13	1	1	0	0	0	0	0	251	6	0	0	291	0	4	0	51	2	455	7	0	0	21	0	0	7	0	0	0	0	0	4	0	0	17
0	23	7	5	365	7	0	85	1	0	237	1	0	19	0	7	1	71	669	0	22	10	0	0	631	0	2	227	126	1	4	21	45	1	4	0	0	0	212	5	78	0	10	392	0	0	0	0	68	2	0	0	49	4	0	0	2	29	27	11	0	0	4	9	6	386	165	62	0	9	4	83	23	21	0
0	0	0	0	0	0	0	0	0	0	0	0	0	0	0	61	0	0	0	81	0	0	0	0	1	0	0	0	0	0	0	0	30	0	76	0	0	0	0	0	0	0	0	1	0	0	0	0	0	0	0	0	0	0	0	0	0	0	0	0	0	0	0	0	1	0	0	3	0	1	0	0	0	0	0
0	1448	391	37	0	0	0	0	0	0	109	0	80	0	0	0	0	7	18	0	1	95	0	0	14	0	0	12	126	0	2	1	0	13	5	0	0	0	2	1	1	0	13	0	0	0	0	0	15	0	0	1	277	51	2	0	0	0	74	4	0	0	0	0	0	1	70	2	0	1	0	1	0	0	1
0	4	10	8	22	7	0	18	2	0	65	1	21	154	0	282	3	27	72	39	1	6	0	0	46	0	46	20	69	288	0	3	392	1	634	0	30	0	22	3	51	0	37	16	0	417	0	0	79	3	0	186	19	2	29	0	0	0	12	7	88	0	337	12	44	61	5	274	0	31	1	7	48	26	4
0	726	26	12	80	3	0	41	0	0	114	0	0	5	0	4	0	73	366	15	0	38	0	0	386	0	1	310	278	1	0	0	2	0	7	0	0	0	21	0	79	0	1	17	0	0	0	0	89	0	0	0	233	455	27	0	74	12	0	5	0	0	0	0	1	143	18	36	0	3	0	1	0	1	0
0	34	1	39	618	13	0	22	0	0	187	4	0	1	0	0	0	12	148	1	62	10	0	0	123	0	52	43	23	0	0	0	1	0	3	0	0	0	59	0	310	0	7	424	0	0	0	0	74	1	0	0	31	7	11	0	4	7	5	0	0	0	0	161	0	239	21	2	0	687	0	5	0	0	0
0	0	0	51	0	0	0	0	21	0	0	0	10	50	0	12	2	0	0	0	0	0	0	0	0	0	0	0	0	37	0	0	84	0	43	0	5	0	0	0	5	0	4	0	0	1	0	0	0	0	0	127	0	0	0	0	0	88	0	0	0	0	119	12	0	0	0	32	0	12	0	26	0	17	0
0	0	0	0	0	0	0	0	0	0	0	0	0	0	0	0	0	0	0	0	0	0	0	0	0	0	0	0	0	0	0	0	0	0	0	0	0	0	0	0	0	0	0	0	0	0	0	0	0	0	0	0	0	0	0	0	0	0	0	0	0	0	0	0	0	0	0	0	0	0	0	0	0	0	0
0	0	1	0	5	0	0	0	0	0	5	1	0	22	0	303	121	2	0	174	3	0	0	0	1	0	21	0	6	6	0	0	130	0	320	0	1	0	0	0	3	0	9	1	0	185	0	0	0	0	0	124	0	21	4	0	0	337	0	0	119	0	0	17	37	0	0	28	0	44	2	0	2	1	0
0	0	1	3	920	4	0	0	10	0	1	0	21	2	0	36	145	2	13	49	5	0	0	0	3	0	422	0	0	2	0	1	53	0	10	0	9	0	148	2	41	208	18	271	0	29	0	0	1	79	0	0	1	0	9	0	0	12	0	161	12	0	17	0	122	6	1	1259	0	867	7	11	130	122	0
0	0	55	1	4	4	0	17	235	0	0	0	10	10	0	27	259	2	5	3	36	1	0	0	0	0	548	0	0	4	1	1	113	0	60	0	286	0	3	1	12	106	70	3	0	137	0	0	34	27	0	0	1	0	6	1	0	44	1	0	0	0	37	122	0	11	0	1647	0	75	2	5	135	152	4
0	15	28	2	93	1	0	145	19	0	302	0	2	4	0	0	12	134	1137	3	1	22	0	0	852	0	2	29	249	0	1	95	16	0	3	0	0	0	429	0	135	1	50	124	0	0	0	0	145	2	0	9	79	7	386	0	1	61	143	239	0	0	0	6	11	0	37	1	0	7	2	221	0	27	1
0	175	200	30	43	2	0	81	1	0	159	0	0	17	0	73	2	48	26	0	53	16	0	0	47	0	3	146	42	14	5	6	65	0	0	0	0	0	246	0	10	1	27	6	0	0	0	0	73	0	0	0	11	0	165	0	70	5	18	21	0	0	0	1	0	37	0	9	0	7	13	21	14	12	5
0	0	0	85	12	10	0	0	28	0	12	0	44	278	0	141	445	36	114	17	52	2	0	0	37	0	1182	0	10	50	1	2	214	0	27	0	394	0	1	7	144	4	181	7	0	342	0	0	6	271	0	7	4	0	62	3	2	274	36	2	32	0	28	1259	1647	1	9	0	0	879	31	65	358	422	74
0	0	0	0	0	0	0	0	0	0	0	0	0	0	0	0	0	0	0	0	0	0	0	0	0	0	0	0	0	0	0	0	0	0	0	0	0	0	0	0	0	0	0	0	0	0	0	0	0	0	0	0	0	0	0	0	0	0	0	0	0	0	0	0	0	0	0	0	0	0	0	0	0	0	0
0	1	1	6	1080	2	0	4	4	0	5	0	0	63	0	8	115	3	4	14	1	3	0	0	13	0	807	0	1	17	5	0	41	1	7	0	208	0	8	21	12	255	26	34	0	61	0	0	0	247	0	3	6	0	9	1	1	31	3	687	12	0	44	867	75	7	7	879	0	0	7	31	221	271	0
0	3	485	134	5	4	0	0	59	0	120	0	2	13	0	457	3	1	3	26	741	0	0	0	3	0	36	4	0	108	1	0	163	5	1	0	0	0	2	3	12	0	156	4	0	0	0	0	104	0	0	0	0	0	4	0	0	1	0	0	0	0	2	7	2	2	13	31	0	7	0	0	1	2	37
0	52	4	15	581	1	0	8	0	0	68	1	0	111	0	32	1	33	311	32	78	0	0	0	256	0	1	84	4	0	0	0	39	0	13	0	0	0	153	0	83	0	9	501	0	0	0	0	59	0	0	0	3	4	83	0	1	7	1	5	26	0	0	11	5	221	21	65	0	31	0	0	0	1	0
0	0	0	1	70	19	0	1	14	0	17	0	0	86	0	10	46	2	16	78	42	2	0	0	1	0	123	28	1	0	4	0	3	0	19	0	19	0	2	0	100	0	11	6	0	48	0	0	20	5	0	0	2	0	23	0	0	48	0	0	0	0	2	130	135	0	14	358	0	221	1	0	0	2	0
0	6	3	27	420	2	0	3	0	0	30	0	0	65	0	36	1	6	51	17	206	3	0	0	27	0	208	18	21	0	0	0	49	0	32	0	0	0	38	0	51	0	15	277	0	40	0	0	20	0	0	0	7	0	21	0	0	26	1	0	17	0	1	122	152	27	12	422	0	271	2	1	2	0	0
0	4	0	226	23	0	2	1	0	0	223	3	0	4	0	0	0	0	5	0	0	4	0	0	3	0	0	4	10	0	0	0	0	1	2	0	0	0	2	0	164	0	26	1	0	2	0	0	37	0	0	0	1	17	0	0	1	4	0	0	0	0	0	0	4	1	5	74	0	0	37	0	0	0	0
