0	0	0	0	0	0	0	0	0	0	0	0	0	0	0	0	0	0	0	0	0	0	0	0	0	0	0	0	0	0	0	0	0	0	0	0	0	0	0	0	0	0	0	0	0	0	0	0	0	0	0	0	0	0	0	0	0	0	0	0	0	0	0	0	0	0	0	0	0	0	0	0	0	0	0
0	0	1158	26	3	0	68	0	0	0	386	0	352	0	0	0	0	145	57	0	0	753	0	0	18	0	0	65	23	2	22	14	0	26	14	0	2	0	67	0	10	0	124	4	0	0	0	0	421	0	0	12	1057	31	24	0	2152	0	308	16	0	0	0	0	0	19	284	4	0	0	0	48	0	6	8
0	1158	0	0	1	0	0	0	0	0	1	1	189	0	0	0	0	2	6	0	0	16	0	0	26	0	0	48	7	0	0	2	2	38	0	0	5	0	4	0	0	0	540	7	0	0	0	0	17	0	0	0	464	8	9	0	284	1	8	0	0	0	0	1	44	1	302	1	0	2	122	4	0	1	0
0	26	0	0	0	0	1073	0	124	0	136	0	0	22	0	87	62	6	30	5	9	119	0	0	9	0	18	2	16	45	274	3	40	59	4	0	8	0	3	0	40	31	261	2	0	244	0	0	147	30	0	1	202	2	1	0	7	11	11	14	0	0	14	13	26	4	35	50	0	3	48	2	10	7	219
0	3	1	0	0	0	0	0	13	0	3	3	0	1	0	2	7	187	150	6	74	4	0	0	81	0	1	98	316	3	2	336	18	15	1	0	25	0	319	6	10	169	19	334	0	2	0	0	12	32	0	8	7	0	163	1	1	30	1	142	0	0	1	168	17	112	5	35	0	3	2	257	1	3	0
0	0	0	0	0	0	0	0	0	0	0	0	0	0	0	0	0	0	0	0	0	0	0	0	0	0	0	0	0	0	0	0	0	0	0	0	0	0	0	0	0	0	0	0	0	0	0	0	0	0	0	0	0	0	0	0	0	0	0	0	0	0	0	0	0	0	0	0	0	0	0	0	0	0	0
0	68	0	1073	0	0	0	0	0	0	79	0	0	9	0	52	0	0	2	0	0	43	0	0	0	0	0	0	2	5	83	0	0	61	0	0	3	0	0	0	7	0	109	0	0	85	0	0	34	0	0	0	59	0	0	0	11	0	0	10	0	0	0	0	0	1	34	0	0	0	36	0	0	0	63
0	0	0	0	0	0	0	0	0	0	0	0	0	0	0	0	0	0	0	0	0	0	0	0	0	0	0	0	0	0	0	0	0	0	0	0	0	0	0	0	0	0	0	0	0	0	0	0	0	0	0	0	0	0	0	0	0	0	0	0	0	0	0	0	0	0	0	0	0	0	0	0	0	0	0
0	0	0	124	13	0	0	0	0	0	0	0	0	15	0	6	90	0	0	4	134	0	0	0	0	0	9	0	0	0	0	0	183	0	7	0	0	0	0	0	2	0	1	1	0	0	0	0	0	0	0	0	0	0	1	0	0	0	0	0	0	0	0	18	239	0	2	18	0	16	0	0	14	0	0
0	0	0	0	0	0	0	0	0	0	0	0	0	0	0	0	0	0	0	0	0	0	0	0	0	0	0	0	0	0	0	0	0	0	0	0	0	0	0	0	0	0	0	0	0	0	0	0	0	0	0	0	0	0	0	0	0	0	0	0	0	0	0	0	0	0	0	0	0	0	0	0	0	0	0
0	386	1	136	3	0	79	0	0	0	0	0	0	40	0	110	0	0	23	17	0	1	0	0	23	0	0	3	21	0	0	0	1	0	3	0	0	0	1	0	16	0	135	7	0	0	0	0	225	0	0	0	115	0	3	0	5	16	0	13	0	0	0	0	0	1	172	0	0	1	35	0	0	0	0
0	0	1	0	3	0	0	0	0	0	0	0	0	1	0	3	0	6	1	4	0	0	0	0	0	0	0	0	0	0	0	0	2	0	92	0	0	0	0	0	5	0	2	0	0	0	0	0	0	0	0	0	1	0	1	0	0	1	0	0	0	0	0	9	0	0	0	8	0	4	0	8	0	0	1
0	352	189	0	0	0	0	0	0	0	0	0	0	16	0	30	0	0	1	1	0	6	0	0	1	0	0	3	2	0	0	0	25	0	2	0	0	0	0	0	4	0	13	9	0	0	0	0	1	0	0	0	155	0	0	0	104	21	0	2	0	0	0	19	10	0	164	52	0	2	3	0	0	0	0
0	0	0	22	1	0	9	0	15	0	40	1	16	0	0	35	13	1	7	52	0	0	0	0	2	0	0	0	0	71	6	1	17	1	2	0	26	0	1	0	25	0	44	9	818	97	0	0	15	9	0	26	0	0	23	2	1	64	10	1	0	0	21	56	5	0	2	146	0	55	9	2	12	10	3
0	0	0	0	0	0	0	0	0	0	0	0	0	0	0	0	0	0	0	0	0	0	0	0	0	0	0	0	0	0	0	0	0	0	0	0	0	0	0	0	0	0	0	0	0	0	0	0	0	0	0	0	0	0	0	0	0	0	0	0	0	0	0	0	0	0	0	0	0	0	0	0	0	0	0
0	0	0	87	2	0	52	0	6	0	110	3	30	35	0	0	333	4	7	741	0	0	0	0	0	0	0	20	1	484	1	0	491	229	28	0	38	0	3	12	23	0	630	7	0	472	0	0	5	20	0	1	1	0	4	339	0	190	16	0	0	0	356	31	40	13	168	164	0	0	36	0	1	54	0
0	0	0	62	7	0	0	0	90	0	0	0	0	13	0	333	0	12	0	620	326	0	0	0	0	0	214	8	0	88	4	0	142	15	6	0	0	0	2	25	147	0	83	9	0	250	0	0	0	6	1	20	0	0	5	5	0	13	0	0	0	0	103	272	99	1	26	145	0	95	0	7	37	9	0
0	145	2	6	187	0	0	0	0	0	0	6	0	1	0	4	12	0	108	4	332	24	0	0	246	0	25	507	394	0	35	34	45	11	7	0	1	0	126	1	373	0	36	122	0	1	0	0	12	1	0	1	28	52	104	0	13	3	2	24	0	0	0	3	4	41	38	46	0	1	11	67	0	2	0
0	57	6	30	150	0	2	0	0	0	23	1	1	7	0	7	0	108	0	2	1	65	0	0	523	0	9	88	851	0	148	218	13	267	1	0	10	0	734	27	94	0	24	247	0	4	0	0	26	10	0	21	221	0	387	1	16	31	186	188	0	0	1	13	0	712	4	2	0	2	23	95	0	11	12
0	0	0	5	6	0	0	0	4	0	17	4	1	52	0	741	620	4	2	0	3	0	0	0	1	0	4	1	3	641	37	1	437	257	0	0	25	0	2	11	23	1	427	4	0	719	0	0	0	18	0	5	1	0	9	342	0	161	0	0	0	0	583	21	39	2	3	63	0	11	87	1	6	18	3
0	0	0	9	74	0	0	0	134	0	0	0	0	0	0	0	326	332	1	3	0	6	0	0	0	0	0	181	0	0	408	52	7	228	0	0	0	0	49	0	104	0	76	81	0	0	0	0	3	4	0	0	0	0	18	0	0	18	0	9	0	0	0	2	0	1	6	3	0	0	61	76	0	6	0
0	753	16	119	4	0	43	0	0	0	1	0	6	0	0	0	0	24	65	0	6	0	0	0	121	0	4	150	152	0	57	1	0	6	3	0	0	0	8	0	100	0	0	1	0	0	0	0	55	0	0	0	351	0	2	0	129	1	14	12	0	0	0	0	0	11	3	0	0	1	2	1	0	1	7
0	0	0	0	0	0	0	0	0	0	0	0	0	0	0	0	0	0	0	0	0	0	0	0	0	0	0	0	0	0	0	0	0	0	0	0	0	0	0	0	0	0	0	0	0	0	0	0	0	0	0	0	0	0	0	0	0	0	0	0	0	0	0	0	0	0	0	0	0	0	0	0	0	0	0
0	0	0	0	0	0	0	0	0	0	0	0	0	0	0	0	0	0	0	0	0	0	0	0	0	0	0	0	0	0	0	0	0	0	0	0	0	0	0	0	0	0	0	0	0	0	0	0	0	0	0	0	0	0	0	0	0	0	0	0	0	0	0	0	0	0	0	0	0	0	0	0	0	0	0
0	18	26	9	81	0	0	0	0	0	23	0	1	2	0	0	0	246	523	1	0	121	0	0	0	0	3	150	909	1	181	117	14	324	1	0	1	0	705	29	47	0	28	18	0	2	0	0	8	28	0	5	226	0	564	1	7	28	157	72	0	0	0	0	1	722	21	20	0	2	3	217	1	12	7
0	0	0	0	0	0	0	0	0	0	0	0	0	0	0	0	0	0	0	0	0	0	0	0	0	0	0	0	0	0	0	0	0	0	0	0	0	0	0	0	0	0	0	0	1	0	0	0	0	0	0	0	0	0	0	0	0	0	0	0	0	0	0	0	0	0	0	0	0	0	0	0	0	0	0
0	0	0	18	1	0	0	0	9	0	0	0	0	0	0	0	214	25	9	4	0	4	0	0	3	0	0	5	88	0	26	3	61	3	1	0	79	0	29	0	110	38	21	22	0	7	0	0	0	131	0	35	1	0	4	12	0	24	5	7	0	0	1	372	182	0	30	149	0	302	0	44	67	11	0
0	65	48	2	98	0	0	0	0	0	3	0	3	0	0	20	8	507	88	1	181	150	0	0	150	0	5	0	399	0	392	90	64	336	2	0	0	0	607	45	583	0	54	28	0	0	0	0	7	3	0	1	58	102	224	0	4	10	53	47	0	0	0	0	0	21	53	0	0	0	16	221	0	14	3
0	23	7	16	316	0	2	0	0	0	21	0	2	0	0	1	0	394	851	3	0	152	0	0	909	0	88	399	0	0	680	90	28	182	4	0	1	0	610	6	436	0	78	21	0	0	0	0	10	38	0	4	241	125	341	0	13	39	173	165	0	0	1	0	3	431	43	0	0	1	3	350	0	7	9
0	2	0	45	3	0	5	0	0	0	0	0	0	71	0	484	88	0	0	641	0	0	0	0	1	0	0	0	0	0	0	0	374	0	307	0	0	0	0	0	6	0	409	2	0	7	0	0	7	0	0	0	0	0	0	0	0	146	0	0	0	0	0	3	61	0	129	88	0	6	22	0	0	0	0
0	22	0	274	2	0	83	0	0	0	0	0	0	6	0	1	4	35	148	37	408	57	0	0	181	0	26	392	680	0	0	0	0	0	6	0	0	0	0	0	466	0	10	22	0	0	0	0	98	0	0	0	94	135	2	0	0	0	0	41	0	0	0	2	1	1	1	0	0	2	7	1	4	0	0
0	14	2	3	336	0	0	0	0	0	0	0	0	1	0	0	0	34	218	1	52	1	0	0	117	0	3	90	90	0	0	0	17	0	7	0	0	0	233	0	64	0	3	758	0	0	0	0	4	0	0	0	1	2	48	0	1	1	0	76	0	0	0	2	0	49	10	1	0	1	4	164	0	0	0
0	0	2	40	18	0	0	0	183	0	1	2	25	17	0	491	142	45	13	437	7	0	0	0	14	0	61	64	28	374	0	17	0	10	775	0	217	0	43	0	4	42	435	46	0	285	0	0	9	106	0	5	11	0	209	248	0	338	4	12	0	0	271	216	647	6	28	370	0	48	86	23	7	151	0
0	26	38	59	15	0	61	0	0	0	0	0	0	1	0	229	15	11	267	257	228	6	0	0	324	0	3	336	182	0	0	0	10	0	0	0	0	0	234	0	44	0	118	192	0	0	0	0	43	0	0	0	10	7	13	0	0	0	0	28	0	0	0	1	0	157	184	1	0	1	11	23	0	0	0
0	14	0	4	1	0	0	0	7	0	3	92	2	2	0	28	6	7	1	0	0	3	0	0	1	0	1	2	4	307	6	7	775	0	0	0	20	0	15	1	8	2	12	0	0	11	0	0	1	2	0	2	3	0	10	478	4	802	6	4	0	0	666	17	32	3	0	32	0	1	3	12	9	14	1
0	0	0	0	0	0	0	0	0	0	0	0	0	0	0	0	0	0	0	0	0	0	0	0	0	0	0	0	0	0	0	0	0	0	0	0	0	0	0	0	0	0	0	0	0	0	0	0	0	0	0	0	0	0	0	0	0	0	0	0	0	0	0	0	0	0	0	0	0	0	0	0	0	0	0
0	2	5	8	25	0	3	0	0	0	0	0	0	26	0	38	0	1	10	25	0	0	0	0	1	0	79	0	1	0	0	0	217	0	20	0	0	0	0	0	51	0	3	3	0	0	0	0	31	1	0	0	0	0	1	0	0	11	0	0	0	0	0	156	699	4	7	466	0	8	0	0	19	0	0
0	0	0	0	0	0	0	0	0	0	0	0	0	0	0	0	0	0	0	0	0	0	0	0	0	0	0	0	0	0	0	0	0	0	0	0	0	0	0	0	0	0	0	0	0	0	0	0	0	0	0	0	0	0	0	0	0	0	0	0	0	0	0	0	0	0	0	0	0	0	0	0	0	0	0
0	67	4	3	319	0	0	0	0	0	1	0	0	1	0	3	2	126	734	2	49	8	0	0	705	0	29	607	610	0	0	233	43	234	15	0	0	0	0	30	206	0	79	1185	0	0	0	0	16	21	0	1	41	42	297	0	3	3	0	316	0	0	0	418	1	567	52	0	0	9	21	421	0	51	2
0	0	0	0	6	0	0	0	0	0	0	0	0	0	0	12	25	1	27	11	0	0	0	0	29	0	0	45	6	0	0	0	0	0	1	0	0	0	30	0	111	0	6	75	0	0	0	0	0	0	0	0	0	0	3	0	0	0	0	98	0	0	0	10	0	0	0	10	0	23	8	1	0	0	0
0	10	0	40	10	0	7	0	2	0	16	5	4	25	0	23	147	373	94	23	104	100	0	0	47	0	110	583	436	6	466	64	4	44	8	0	51	0	206	111	0	13	196	108	0	285	0	0	26	13	0	33	43	2	82	2	3	42	43	407	0	0	20	94	17	71	11	52	0	29	19	377	42	57	292
0	0	0	31	169	0	0	0	0	0	0	0	0	0	0	0	0	0	0	1	0	0	0	0	0	0	38	0	0	0	0	0	42	0	2	0	0	0	0	0	13	0	1	36	0	0	0	0	0	0	0	0	0	0	0	0	0	0	0	0	0	0	0	405	132	0	0	11	0	241	0	0	0	0	0
0	124	540	261	19	0	109	0	1	0	135	2	13	44	0	630	83	36	24	427	76	0	0	0	28	0	21	54	78	409	10	3	435	118	12	0	3	0	79	6	196	1	0	95	0	260	0	0	301	4	0	0	4	1	14	63	13	15	0	31	0	0	61	50	36	14	418	130	0	12	236	23	6	9	81
0	4	7	2	334	0	0	0	1	0	7	0	9	9	0	7	9	122	247	4	81	1	0	0	18	0	22	28	21	2	22	758	46	192	0	0	3	0	1185	75	108	36	95	0	0	3	0	0	3	110	0	0	14	108	578	1	1	62	54	977	0	0	1	457	4	279	9	30	0	47	6	754	0	209	11
0	0	0	0	0	0	0	0	0	0	0	0	0	818	0	0	0	0	0	0	0	0	0	0	0	1	0	0	0	0	0	0	0	0	0	0	0	0	0	0	0	0	0	0	0	0	0	0	0	0	0	0	0	0	0	0	0	0	0	0	0	0	0	0	0	0	0	1	0	0	0	0	0	0	0
0	0	0	244	2	0	85	0	0	0	0	0	0	97	0	472	250	1	4	719	0	0	0	0	2	0	7	0	0	7	0	0	285	0	11	0	0	0	0	0	285	0	260	3	0	0	0	0	14	0	0	22	0	0	0	0	0	113	0	15	0	0	1	3	7	1	0	53	0	29	8	0	42	0	0
0	0	0	0	0	0	0	0	0	0	0	0	0	0	0	0	0	0	0	0	0	0	0	0	0	0	0	0	0	0	0	0	0	0	0	0	0	0	0	0	0	0	0	0	0	0	0	0	0	0	0	0	0	0	0	0	0	0	0	0	0	0	0	0	0	0	0	0	0	0	0	0	0	0	0
0	0	0	0	0	0	0	0	0	0	0	0	0	0	0	0	0	0	0	0	0	0	0	0	0	0	0	0	0	0	0	0	0	0	0	0	0	0	0	0	0	0	0	0	0	0	0	0	0	0	0	0	0	0	0	0	0	0	0	0	0	0	0	0	0	0	0	0	0	0	0	0	0	0	0
0	421	17	147	12	0	34	0	0	0	225	0	1	15	0	5	0	12	26	0	3	55	0	0	8	0	0	7	10	7	98	4	9	43	1	0	31	0	16	0	26	0	301	3	0	14	0	0	0	43	0	16	369	31	20	0	127	13	24	21	0	0	1	1	1	51	28	32	0	2	19	15	1	6	36
0	0	0	30	32	0	0	0	0	0	0	0	0	9	0	20	6	1	10	18	4	0	0	0	28	0	131	3	38	0	0	0	106	0	2	0	1	0	21	0	13	0	4	110	0	0	0	0	43	0	0	0	6	0	12	0	0	1	0	125	0	0	0	357	25	4	3	339	0	260	0	0	5	0	0
0	0	0	0	0	0	0	0	0	0	0	0	0	0	0	0	1	0	0	0	0	0	0	0	0	0	0	0	0	0	0	0	0	0	0	0	0	0	0	0	0	0	0	0	0	0	0	0	0	0	0	0	0	0	0	0	0	0	0	0	0	0	0	0	0	0	0	0	0	0	0	0	0	0	0
0	12	0	1	8	0	0	0	0	0	0	0	0	26	0	1	20	1	21	5	0	0	0	0	5	0	35	1	4	0	0	0	5	0	2	0	0	0	1	0	33	0	0	0	0	22	0	0	16	0	0	0	0	0	5	0	1	128	0	0	0	0	0	0	0	9	0	4	0	4	0	0	0	0	0
0	1057	464	202	7	0	59	0	0	0	115	1	155	0	0	1	0	28	221	1	0	351	0	0	226	0	1	58	241	0	94	1	11	10	3	0	0	0	41	0	43	0	4	14	0	0	0	0	369	6	0	0	0	127	27	0	273	1	183	34	0	0	0	9	1	80	43	1	0	4	9	8	0	0	1
0	31	8	2	0	0	0	0	0	0	0	0	0	0	0	0	0	52	0	0	0	0	0	0	0	0	0	102	125	0	135	2	0	7	0	0	0	0	42	0	2	0	1	108	0	0	0	0	31	0	0	0	127	0	18	0	24	0	0	68	0	0	0	0	0	0	3	0	0	0	1	72	0	0	0
0	24	9	1	163	0	0	0	1	0	3	1	0	23	0	4	5	104	387	9	18	2	0	0	564	0	4	224	341	0	2	48	209	13	10	0	1	0	297	3	82	0	14	578	0	0	0	0	20	12	0	5	27	18	0	0	2	17	4	24	0	0	4	57	83	188	36	216	0	20	6	180	19	3	0
0	0	0	0	1	0	0	0	0	0	0	0	0	2	0	339	5	0	1	342	0	0	0	0	1	0	12	0	0	0	0	0	248	0	478	0	0	0	0	0	2	0	63	1	0	0	0	0	0	0	0	0	0	0	0	0	0	0	0	0	0	0	0	0	8	1	21	3	0	4	0	0	0	0	0
0	2152	284	7	1	0	11	0	0	0	5	0	104	1	0	0	0	13	16	0	0	129	0	0	7	0	0	4	13	0	0	1	0	0	4	0	0	0	3	0	3	0	13	1	0	0	0	0	127	0	0	1	273	24	2	0	0	0	92	1	0	0	0	0	0	1	190	2	0	0	2	0	0	0	0
0	0	1	11	30	0	0	0	0	0	16	1	21	64	0	190	13	3	31	161	18	1	0	0	28	0	24	10	39	146	0	1	338	0	802	0	11	0	3	0	42	0	15	62	0	113	0	0	13	1	0	128	1	0	17	0	0	0	0	4	0	0	81	99	46	0	2	203	0	25	0	2	10	10	4
0	308	8	11	1	0	0	0	0	0	0	0	0	10	0	16	0	2	186	0	0	14	0	0	157	0	5	53	173	0	0	0	4	0	6	0	0	0	0	0	43	0	0	54	0	0	0	0	24	0	0	0	183	0	4	0	92	0	0	15	0	0	0	2	0	38	0	0	0	7	2	0	0	0	0
0	16	0	14	142	0	10	0	0	0	13	0	2	1	0	0	0	24	188	0	9	12	0	0	72	0	7	47	165	0	41	76	12	28	4	0	0	0	316	98	407	0	31	977	0	15	0	0	21	125	0	0	34	68	24	0	1	4	15	0	0	0	0	680	2	207	0	13	0	882	11	226	0	85	7
0	0	0	0	0	0	0	0	0	0	0	0	0	0	0	0	0	0	0	0	0	0	0	0	0	0	0	0	0	0	0	0	0	0	0	0	0	0	0	0	0	0	0	0	0	0	0	0	0	0	0	0	0	0	0	0	0	0	0	0	0	0	0	0	0	0	0	0	0	0	0	0	0	0	0
0	0	0	0	0	0	0	0	0	0	0	0	0	0	0	0	0	0	0	0	0	0	0	0	0	0	0	0	0	0	0	0	0	0	0	0	0	0	0	0	0	0	0	0	0	0	0	0	0	0	0	0	0	0	0	0	0	0	0	0	0	0	0	0	0	0	0	0	0	0	0	0	0	0	0
0	0	0	14	1	0	0	0	0	0	0	0	0	21	0	356	103	0	1	583	0	0	0	0	0	0	1	0	1	0	0	0	271	0	666	0	0	0	0	0	20	0	61	1	0	1	0	0	1	0	0	0	0	0	4	0	0	81	0	0	0	0	0	15	9	1	4	6	0	32	0	0	2	0	0
0	0	1	13	168	0	0	0	18	0	0	9	19	56	0	31	272	3	13	21	2	0	0	0	0	0	372	0	0	3	2	2	216	1	17	0	156	0	418	10	94	405	50	457	0	3	0	0	1	357	0	0	9	0	57	0	0	99	2	680	0	0	15	0	186	7	2	1236	0	1282	21	61	198	339	6
0	0	44	26	17	0	0	0	239	0	0	0	10	5	0	40	99	4	0	39	0	0	0	0	1	0	182	0	3	61	1	0	647	0	32	0	699	0	1	0	17	132	36	4	0	7	0	0	1	25	0	0	1	0	83	8	0	46	0	2	0	0	9	186	0	0	5	1630	0	66	2	2	38	263	0
0	19	1	4	112	0	1	0	0	0	1	0	0	0	0	13	1	41	712	2	1	11	0	0	722	0	0	21	431	0	1	49	6	157	3	0	4	0	567	0	71	0	14	279	0	1	0	0	51	4	0	9	80	0	188	1	1	0	38	207	0	0	1	7	0	0	2	17	0	3	4	79	0	0	1
0	284	302	35	5	0	34	0	2	0	172	0	164	2	0	168	26	38	4	3	6	3	0	0	21	0	30	53	43	129	1	10	28	184	0	0	7	0	52	0	11	0	418	9	0	0	0	0	28	3	0	0	43	3	36	21	190	2	0	0	0	0	4	2	5	2	0	41	0	4	35	63	0	3	10
0	4	1	50	35	0	0	0	18	0	0	8	52	146	0	164	145	46	2	63	3	0	0	0	20	0	149	0	0	88	0	1	370	1	32	0	466	0	0	10	52	11	130	30	1	53	0	0	32	339	0	4	1	0	216	3	2	203	0	13	0	0	6	1236	1630	17	41	0	0	578	16	2	149	217	34
0	0	0	0	0	0	0	0	0	0	0	0	0	0	0	0	0	0	0	0	0	0	0	0	0	0	0	0	0	0	0	0	0	0	0	0	0	0	0	0	0	0	0	0	0	0	0	0	0	0	0	0	0	0	0	0	0	0	0	0	0	0	0	0	0	0	0	0	0	0	0	0	0	0	0
0	0	2	3	3	0	0	0	16	0	1	4	2	55	0	0	95	1	2	11	0	1	0	0	2	0	302	0	1	6	2	1	48	1	1	0	8	0	9	23	29	241	12	47	0	29	0	0	2	260	0	4	4	0	20	4	0	25	7	882	0	0	32	1282	66	3	4	578	0	0	1	1	108	47	0
0	0	122	48	2	0	36	0	0	0	35	0	3	9	0	36	0	11	23	87	61	2	0	0	3	0	0	16	3	22	7	4	86	11	3	0	0	0	21	8	19	0	236	6	0	8	0	0	19	0	0	0	9	1	6	0	2	0	2	11	0	0	0	21	2	4	35	16	0	1	0	16	0	1	4
0	48	4	2	257	0	0	0	0	0	0	8	0	2	0	0	7	67	95	1	76	1	0	0	217	0	44	221	350	0	1	164	23	23	12	0	0	0	421	1	377	0	23	754	0	0	0	0	15	0	0	0	8	72	180	0	0	2	0	226	0	0	0	61	2	79	63	2	0	1	16	0	1	0	0
0	0	0	10	1	0	0	0	14	0	0	0	0	12	0	1	37	0	0	6	0	0	0	0	1	0	67	0	0	0	4	0	7	0	9	0	19	0	0	0	42	0	6	0	0	42	0	0	1	5	0	0	0	0	19	0	0	10	0	0	0	0	2	198	38	0	0	149	0	108	0	1	0	6	0
0	6	1	7	3	0	0	0	0	0	0	0	0	10	0	54	9	2	11	18	6	1	0	0	12	0	11	14	7	0	0	0	151	0	14	0	0	0	51	0	57	0	9	209	0	0	0	0	6	0	0	0	0	0	3	0	0	10	0	85	0	0	0	339	263	0	3	217	0	47	1	0	6	0	0
0	8	0	219	0	0	63	0	0	0	0	1	0	3	0	0	0	0	12	3	0	7	0	0	7	0	0	3	9	0	0	0	0	0	1	0	0	0	2	0	292	0	81	11	0	0	0	0	36	0	0	0	1	0	0	0	0	4	0	7	0	0	0	6	0	1	10	34	0	0	4	0	0	0	0
