0	0	0	0	0	0	0	0	0	0	0	0	0	0	0	0	0	0	0	0	0	0	0	0	0	0	0	0	0	0	0	0	0	0	0	0	0	0	0	0	0	0	0	0	0	0	0	0	0	0	0	0	0	0	0	0	0	0	0	0	0	0	0	0	0	0	0	0	0	0	0	0	0	0	0
0	0	565	0	0	0	0	4	0	0	0	0	0	0	82	0	0	62	15	15	2	290	0	0	5	0	0	0	27	0	0	0	0	10	0	0	0	0	2	2	12	0	15	0	0	0	0	0	156	0	0	0	523	36	17	0	1033	0	569	7	0	0	2	0	0	12	303	0	0	0	0	0	0	2	5
0	565	0	0	9	0	0	0	0	2	0	0	0	0	30	0	0	0	8	0	12	0	0	0	31	0	0	1	5	0	0	0	0	6	19	0	0	0	0	0	0	0	74	27	0	0	0	0	8	0	2	0	23	10	22	0	170	0	0	16	0	0	0	0	46	73	474	1	0	0	21	2	0	9	11
0	0	0	0	9	0	270	0	0	80	54	0	0	3	334	62	0	1	67	0	0	44	0	0	36	0	0	0	17	0	58	4	5	25	0	0	5	0	2	36	21	0	213	43	0	66	0	0	215	0	0	0	107	15	1	0	1	0	27	105	0	0	0	0	24	8	68	6	0	0	38	0	0	32	297
0	0	9	9	0	0	0	1	19	1889	0	4	0	15	3	19	0	35	27	3	17	1	0	0	0	4	0	2	7	4	0	56	39	13	4	0	77	0	64	43	18	2	23	695	0	98	0	0	11	0	1	0	5	0	16	3	1	0	3	224	0	0	3	76	14	1	106	51	0	25	27	20	1	28	2
0	0	0	0	0	0	0	0	0	1	0	0	0	0	19	0	0	0	5	0	2	6	0	0	0	0	0	0	12	0	1	0	0	0	0	0	0	0	16	0	2	0	1	0	0	1	0	0	12	0	0	0	3	0	12	0	0	0	8	4	0	0	0	0	1	0	0	1	0	0	27	0	0	4	0
0	0	0	270	0	0	0	0	0	0	67	0	0	0	196	21	0	2	47	0	0	3	0	0	25	0	0	0	31	0	0	5	0	5	0	0	0	0	2	0	0	0	29	29	0	0	0	0	128	0	0	0	17	0	4	0	0	0	9	0	0	0	1	0	0	0	5	0	0	0	22	0	0	11	102
0	4	0	0	1	0	0	0	1	0	0	0	0	0	175	0	0	10	168	0	0	0	0	0	82	0	0	0	85	0	0	0	0	2	0	0	0	0	15	0	0	0	0	45	0	0	0	0	4	0	0	0	0	2	20	0	0	0	0	37	0	0	0	0	0	139	1	0	0	0	0	0	0	1	0
0	0	0	0	19	0	0	1	0	135	0	0	0	12	0	10	0	0	3	0	106	0	0	0	1	1	0	0	0	0	0	0	0	0	0	0	0	0	0	0	0	0	0	1	0	0	0	0	0	0	0	0	0	0	0	0	0	0	0	0	0	0	0	0	111	9	2	11	0	15	0	0	0	19	1
0	0	2	80	1889	1	0	0	135	0	0	6	0	0	0	1	0	0	0	1	2	0	0	0	0	7	0	0	0	0	0	2357	52	3	0	0	9	0	2845	1700	56	3225	100	2966	0	668	0	0	1	10	0	0	0	0	16	1	0	0	0	945	6	0	0	2865	2308	0	14	865	0	18	11	2	714	407	1
0	0	0	54	0	0	67	0	0	0	0	0	0	4	583	306	0	0	200	4	2	0	0	0	153	0	0	0	34	0	0	0	0	194	0	0	0	0	0	0	0	0	235	3	0	0	0	0	104	0	0	0	0	16	0	0	42	0	0	83	0	0	0	0	0	99	380	0	0	0	11	0	0	0	351
0	0	0	0	4	0	0	0	0	6	0	0	0	0	0	0	0	0	2	0	0	0	0	0	1	0	0	0	0	0	0	0	0	0	7	0	0	0	0	0	0	0	0	0	0	0	0	0	0	0	0	0	0	0	0	38	0	0	0	0	0	0	0	0	0	1	0	1	0	17	0	0	0	4	1
0	0	0	0	0	0	0	0	0	0	0	0	0	0	0	0	0	0	0	0	0	0	0	0	1	0	0	0	0	0	0	0	0	0	0	0	0	0	0	0	0	0	0	2	0	0	0	0	0	0	0	0	0	0	0	0	0	0	0	0	0	0	0	0	0	0	1	0	0	0	0	0	0	0	0
0	0	0	3	15	0	0	0	12	0	4	0	0	0	28	29	0	3	4	0	0	0	0	0	0	1	0	0	0	0	0	0	55	0	0	0	42	0	0	9	42	0	26	0	340	260	0	0	2	0	0	0	0	0	3	0	0	0	0	1	0	1	10	0	6	0	7	18	0	70	0	0	3	50	3
0	82	30	334	3	19	196	175	0	0	583	0	0	28	0	239	0	138	628	0	0	73	0	0	371	0	0	42	660	3	128	0	0	150	0	0	1	0	129	5	84	0	332	0	0	892	0	0	222	0	0	0	129	23	246	6	61	0	65	369	0	0	0	1	0	364	177	5	0	5	82	43	0	6	524
0	0	0	62	19	0	21	0	10	1	306	0	0	29	239	0	12	77	11	79	2	6	0	0	9	5	0	0	89	41	1	23	360	204	9	0	72	0	86	30	60	0	575	19	10	422	0	0	0	0	0	0	21	0	81	369	0	0	1	23	0	0	182	0	22	9	311	94	0	0	376	57	0	42	1
0	0	0	0	0	0	0	0	0	0	0	0	0	0	0	12	0	0	0	0	12	0	0	0	0	0	0	0	0	0	0	0	0	0	0	0	0	0	0	0	0	0	8	0	0	0	0	0	0	0	0	0	0	0	0	0	0	0	0	0	0	0	0	0	10	0	2	1	0	0	0	0	0	0	0
0	62	0	1	35	0	2	10	0	0	0	0	0	3	138	77	0	0	119	0	72	0	0	0	124	9	0	9	253	0	0	0	0	32	0	0	0	0	0	0	0	0	9	111	0	0	0	0	0	0	1	0	0	11	69	0	2	0	0	140	0	0	0	0	0	187	113	23	0	1	4	0	0	35	52
0	15	8	67	27	5	47	168	3	0	200	2	0	4	628	11	0	119	0	1	1	60	0	0	786	2	0	11	800	0	150	233	10	494	1	0	28	0	889	36	134	0	43	168	5	54	0	0	38	0	0	0	231	36	445	2	1	0	202	342	0	0	0	7	0	1498	62	91	5	3	2	39	0	74	77
0	15	0	0	3	0	0	0	0	1	4	0	0	0	0	79	0	0	1	0	2	0	0	0	0	0	0	0	0	68	0	0	91	166	0	0	0	0	0	0	0	0	45	2	0	113	0	0	0	0	0	0	0	0	0	80	16	0	36	0	0	0	33	0	1	19	0	2	0	0	2	0	0	3	0
0	2	12	0	17	2	0	0	106	2	2	0	0	0	0	2	12	72	1	2	0	0	0	0	3	0	0	24	0	0	294	150	2	26	0	0	0	0	4	0	272	0	41	17	0	0	0	0	0	0	5	0	6	0	6	0	0	0	40	66	0	4	0	0	10	2	145	0	0	32	28	54	0	19	3
0	290	0	44	1	6	3	0	0	0	0	0	0	0	73	6	0	0	60	0	0	0	0	0	133	0	0	5	120	0	0	0	0	84	0	0	0	0	0	0	0	0	0	1	0	0	0	0	96	0	0	0	0	48	5	0	103	0	0	240	0	0	0	0	0	60	65	0	0	0	0	0	0	1	102
0	0	0	0	0	0	0	0	0	0	0	0	0	0	0	0	0	0	0	0	0	0	0	0	0	0	0	0	0	0	0	0	0	0	0	0	0	0	0	0	0	0	0	0	0	0	0	0	0	0	0	0	0	0	0	0	0	0	0	0	0	0	0	0	0	0	0	0	0	0	0	0	0	0	0
0	0	0	0	0	0	0	0	0	0	0	0	0	0	0	0	0	0	0	0	0	0	0	0	0	0	0	0	0	0	0	0	0	0	0	0	0	0	0	0	0	0	0	0	0	0	0	0	0	0	0	0	0	0	0	0	0	0	0	0	0	0	0	0	0	0	0	0	0	0	0	0	0	0	0
0	5	31	36	0	0	25	82	1	0	153	1	1	0	371	9	0	124	786	0	3	133	0	0	0	1	0	42	450	0	179	41	7	393	0	0	0	0	485	12	118	0	22	76	0	4	0	0	25	0	1	0	180	7	493	0	0	0	116	176	0	0	0	1	0	860	23	0	0	0	7	152	0	19	9
0	0	0	0	4	0	0	0	1	7	0	0	0	1	0	5	0	9	2	0	0	0	0	0	1	0	0	0	0	0	0	1	0	1	0	0	4	0	4	0	4	1	3	5	2	0	0	0	0	0	0	0	0	4	2	0	0	0	1	1	0	0	0	0	9	0	0	10	0	0	0	0	0	8	0
0	0	0	0	0	0	0	0	0	0	0	0	0	0	0	0	0	0	0	0	0	0	0	0	0	0	0	0	0	0	0	0	0	0	0	0	0	0	0	0	0	0	0	0	0	6	0	0	0	0	0	0	0	0	0	0	0	0	0	0	0	0	0	0	0	0	10	17	0	0	0	0	6	0	0
0	0	1	0	2	0	0	0	0	0	0	0	0	0	42	0	0	9	11	0	24	5	0	0	42	0	0	0	99	0	9	0	0	12	0	0	0	0	5	0	6	0	3	0	0	0	0	0	5	0	0	0	1	1	20	0	0	0	5	154	0	0	0	0	1	38	12	0	0	0	0	0	0	2	0
0	27	5	17	7	12	31	85	0	0	34	0	0	0	660	89	0	253	800	0	0	120	0	0	450	0	0	99	0	0	145	0	0	216	0	0	0	0	250	24	43	0	11	3	0	0	0	0	82	0	0	0	157	17	220	0	1	0	39	591	0	0	0	1	0	366	2	0	0	0	0	10	0	7	4
0	0	0	0	4	0	0	0	0	0	0	0	0	0	3	41	0	0	0	68	0	0	0	0	0	0	0	0	0	0	0	2	13	0	0	0	2	0	3	0	0	0	15	2	0	9	0	0	0	0	0	0	0	0	1	13	0	0	0	2	0	0	28	12	8	0	14	5	0	0	0	0	1	4	0
0	0	0	58	0	1	0	0	0	0	0	0	0	0	128	1	0	0	150	0	294	0	0	0	179	0	0	9	145	0	0	0	0	14	0	0	0	0	0	0	0	0	1	4	0	2	0	0	4	0	0	0	0	28	1	0	0	0	0	1015	0	0	0	0	1	10	98	0	0	0	2	0	0	0	63
0	0	0	4	56	0	5	0	0	2357	0	0	0	0	0	23	0	0	233	0	150	0	0	0	41	1	0	0	0	2	0	0	0	20	0	0	0	0	0	0	0	0	1	626	0	0	0	0	0	0	3	0	0	1	87	0	0	0	0	856	0	0	0	0	0	254	122	0	0	0	1	2	0	52	0
0	0	0	5	39	0	0	0	0	52	0	0	0	55	0	360	0	0	10	91	2	0	0	0	7	0	0	0	0	13	0	0	0	2	14	0	0	0	0	0	0	0	167	5	0	42	0	0	0	0	0	0	0	0	0	42	0	0	0	5	0	0	0	0	334	11	9	106	0	41	12	0	4	39	6
0	10	6	25	13	0	5	2	0	3	194	0	0	0	150	204	0	32	494	166	26	84	0	0	393	1	0	12	216	0	14	20	2	0	0	0	0	0	38	0	146	0	141	150	0	154	0	0	3	0	1	0	0	11	187	1	2	0	190	114	0	2	0	2	0	482	478	1	0	1	25	18	0	13	238
0	0	19	0	4	0	0	0	0	0	0	7	0	0	0	9	0	0	1	0	0	0	0	0	0	0	0	0	0	0	0	0	14	0	0	0	1	0	0	0	0	0	0	0	0	0	0	0	0	0	0	0	24	0	0	112	0	0	0	25	0	0	120	10	1	0	0	0	0	0	0	0	0	23	0
0	0	0	0	0	0	0	0	0	0	0	0	0	0	0	0	0	0	0	0	0	0	0	0	0	0	0	0	0	0	0	0	0	0	0	0	0	0	0	0	0	0	0	0	0	0	0	0	0	0	0	0	0	0	0	0	0	0	0	0	0	0	0	0	0	0	0	0	0	0	0	0	0	0	0
0	0	0	5	77	0	0	0	0	9	0	0	0	42	1	72	0	0	28	0	0	0	0	0	0	4	0	0	0	2	0	0	0	0	1	0	0	0	0	0	0	0	2	1	0	1928	0	0	0	0	0	0	0	1	1	6	0	0	0	2	0	0	0	0	576	8	4	349	0	46	1	1	0	77	1
0	0	0	0	0	0	0	0	0	0	0	0	0	0	0	0	0	0	0	0	0	0	0	0	0	0	0	0	0	0	0	0	0	0	0	0	0	0	0	0	0	0	0	0	0	0	0	0	0	0	0	0	0	0	0	0	0	0	0	0	0	0	0	0	0	0	0	0	0	0	0	0	0	0	0
0	2	0	2	64	16	2	15	0	2845	0	0	0	0	129	86	0	0	889	0	4	0	0	0	485	4	0	5	250	3	0	0	0	38	0	0	0	0	0	0	0	0	6	1217	0	14	0	0	1	0	2	0	0	7	185	1	1	0	0	1865	0	0	0	0	3	1122	233	0	0	1	12	2	0	55	77
0	2	0	36	43	0	0	0	0	1700	0	0	0	9	5	30	0	0	36	0	0	0	0	0	12	0	0	0	24	0	0	0	0	0	0	0	0	0	0	0	0	2	7	604	0	4	0	0	0	0	0	0	0	12	4	0	0	0	0	1629	0	0	0	0	7	28	47	59	0	27	2	2	0	38	3
0	12	0	21	18	2	0	0	0	56	0	0	0	42	84	60	0	0	134	0	272	0	0	0	118	4	0	6	43	0	0	0	0	146	0	0	0	0	0	0	0	0	12	72	0	102	0	0	0	0	0	0	0	7	23	3	0	0	0	1712	0	0	0	0	4	120	189	42	0	14	5	0	1	18	455
0	0	0	0	2	0	0	0	0	3225	0	0	0	0	0	0	0	0	0	0	0	0	0	0	0	1	0	0	0	0	0	0	0	0	0	0	0	0	0	2	0	0	0	1	0	0	0	0	0	0	0	0	0	0	0	0	0	0	0	0	0	0	0	0	117	2	0	21	0	7	0	0	4	0	0
0	15	74	213	23	1	29	0	0	100	235	0	0	26	332	575	8	9	43	45	41	0	0	0	22	3	0	3	11	15	1	1	167	141	0	0	2	0	6	7	12	0	0	157	0	692	0	0	75	0	0	0	1	0	16	18	4	0	0	308	0	2	2	0	43	29	688	81	0	21	177	12	4	26	276
0	0	27	43	695	0	29	45	1	2966	3	0	2	0	0	19	0	111	168	2	17	1	0	0	76	5	0	0	3	2	4	626	5	150	0	0	1	0	1217	604	72	1	157	0	0	1	0	0	4	1	0	0	43	0	494	7	2	0	36	2703	0	0	1	273	0	142	299	1	0	0	61	474	2	139	34
0	0	0	0	0	0	0	0	0	0	0	0	0	340	0	10	0	0	5	0	0	0	0	0	0	2	0	0	0	0	0	0	0	0	0	0	0	0	0	0	0	0	0	0	0	0	0	0	0	0	0	0	0	0	0	0	0	0	0	0	0	0	0	0	9	0	0	0	0	0	0	0	0	0	0
0	0	0	66	98	1	0	0	0	668	0	0	0	260	892	422	0	0	54	113	0	0	0	0	4	0	6	0	0	9	2	0	42	154	0	0	1928	0	14	4	102	0	692	1	0	0	0	0	0	0	0	0	0	0	10	139	2	0	62	21	0	0	872	58	510	10	37	614	0	100	14	0	3	98	1035
0	0	0	0	0	0	0	0	0	0	0	0	0	0	0	0	0	0	0	0	0	0	0	0	0	0	0	0	0	0	0	0	0	0	0	0	0	0	0	0	0	0	0	0	0	0	0	0	0	0	0	0	0	0	0	0	0	0	0	0	0	0	0	0	0	0	0	0	0	0	0	0	0	0	0
0	0	0	0	0	0	0	0	0	0	0	0	0	0	0	0	0	0	0	0	0	0	0	0	0	0	0	0	0	0	0	0	0	0	0	0	0	0	0	0	0	0	0	0	0	0	0	0	0	0	0	0	0	0	0	0	0	0	0	0	0	0	0	0	0	0	0	0	0	0	0	0	0	0	0
0	156	8	215	11	12	128	4	0	1	104	0	0	2	222	0	0	0	38	0	0	96	0	0	25	0	0	5	82	0	4	0	0	3	0	0	0	0	1	0	0	0	75	4	0	0	0	0	0	0	0	0	79	7	1	0	55	0	1	13	0	0	0	0	0	50	129	1	0	3	0	0	0	11	47
0	0	0	0	0	0	0	0	0	10	0	0	0	0	0	0	0	0	0	0	0	0	0	0	0	0	0	0	0	0	0	0	0	0	0	0	0	0	0	0	0	0	0	1	0	0	0	0	0	0	0	0	0	0	0	0	0	0	0	0	0	0	0	0	0	0	0	0	0	0	0	0	0	0	0
0	0	2	0	1	0	0	0	0	0	0	0	0	0	0	0	0	1	0	0	5	0	0	0	1	0	0	0	0	0	0	3	0	1	0	0	0	0	2	0	0	0	0	0	0	0	0	0	0	0	0	0	0	0	1	0	0	0	0	0	0	0	0	0	0	0	0	0	0	0	3	2	0	2	0
0	0	0	0	0	0	0	0	0	0	0	0	0	0	0	0	0	0	0	0	0	0	0	0	0	0	0	0	0	0	0	0	0	0	0	0	0	0	0	0	0	0	0	0	0	0	0	0	0	0	0	0	0	0	0	0	0	0	0	0	0	0	0	0	0	0	0	0	0	0	0	0	0	0	0
0	523	23	107	5	3	17	0	0	0	0	0	0	0	129	21	0	0	231	0	6	0	0	0	180	0	0	1	157	0	0	0	0	0	24	0	0	0	0	0	0	0	1	43	0	0	0	0	79	0	0	0	0	31	3	0	117	0	0	161	0	0	0	0	0	77	357	0	0	5	0	0	0	5	4
0	36	10	15	0	0	0	2	0	0	16	0	0	0	23	0	0	11	36	0	0	48	0	0	7	4	0	1	17	0	28	1	0	11	0	0	1	0	7	12	7	0	0	0	0	0	0	0	7	0	0	0	31	0	7	0	20	0	57	19	0	0	0	0	0	25	2	0	0	4	0	2	0	0	2
0	17	22	1	16	12	4	20	0	16	0	0	0	3	246	81	0	69	445	0	6	5	0	0	493	2	0	20	220	1	1	87	0	187	0	0	1	0	185	4	23	0	16	494	0	10	0	0	1	0	1	0	3	7	0	1	3	0	16	202	0	4	0	1	3	903	132	15	0	0	10	49	3	19	92
0	0	0	0	3	0	0	0	0	1	0	38	0	0	6	369	0	0	2	80	0	0	0	0	0	0	0	0	0	13	0	0	42	1	112	0	6	0	1	0	3	0	18	7	0	139	0	0	0	0	0	0	0	0	1	0	0	0	0	42	192	0	255	0	18	0	35	3	0	1	0	1	0	3	1
0	1033	170	1	1	0	0	0	0	0	42	0	0	0	61	0	0	2	1	16	0	103	0	0	0	0	0	0	1	0	0	0	0	2	0	0	0	0	1	0	0	0	4	2	0	2	0	0	55	0	0	0	117	20	3	0	0	0	151	7	0	0	0	0	0	2	278	0	0	1	1	0	0	0	0
0	0	0	0	0	0	0	0	0	0	0	0	0	0	0	0	0	0	0	0	0	0	0	0	0	0	0	0	0	0	0	0	0	0	0	0	0	0	0	0	0	0	0	0	0	0	0	0	0	0	0	0	0	0	0	0	0	0	0	0	0	0	0	0	0	0	0	0	0	0	0	0	0	0	0
0	569	0	27	3	8	9	0	0	0	0	0	0	0	65	1	0	0	202	36	40	0	0	0	116	1	0	5	39	0	0	0	0	190	0	0	0	0	0	0	0	0	0	36	0	62	0	0	1	0	0	0	0	57	16	0	151	0	0	113	0	0	0	0	0	100	157	34	0	1	0	0	0	3	320
0	7	16	105	224	4	0	37	0	945	83	0	0	1	369	23	0	140	342	0	66	240	0	0	176	1	0	154	591	2	1015	856	5	114	25	0	2	0	1865	1629	1712	0	308	2703	0	21	0	0	13	0	0	0	161	19	202	42	7	0	113	0	0	0	0	631	5	1129	230	3	0	5	248	855	3	148	161
0	0	0	0	0	0	0	0	0	6	0	0	0	0	0	0	0	0	0	0	0	0	0	0	0	0	0	0	0	0	0	0	0	0	0	0	0	0	0	0	0	0	0	0	0	0	0	0	0	0	0	0	0	0	0	192	0	0	0	0	0	0	0	0	0	1	0	0	0	3	0	0	0	0	0
0	0	0	0	0	0	0	0	0	0	0	0	0	1	0	0	0	0	0	0	4	0	0	0	0	0	0	0	0	0	0	0	0	2	0	0	0	0	0	0	0	0	2	0	0	0	0	0	0	0	0	0	0	0	4	0	0	0	0	0	0	0	0	0	10	0	0	2	0	0	0	0	0	0	0
0	2	0	0	3	0	1	0	0	0	0	0	0	10	0	182	0	0	0	33	0	0	0	0	0	0	0	0	0	28	0	0	0	0	120	0	0	0	0	0	0	0	2	1	0	872	0	0	0	0	0	0	0	0	0	255	0	0	0	0	0	0	0	0	25	0	1	21	0	48	0	0	0	3	18
0	0	0	0	76	0	0	0	0	2865	0	0	0	0	1	0	0	0	7	0	0	0	0	0	1	0	0	0	1	12	0	0	0	2	10	0	0	0	0	0	0	0	0	273	0	58	0	0	0	0	0	0	0	0	1	0	0	0	0	631	0	0	0	0	92	1	6	386	0	83	1	0	13	76	0
0	0	46	24	14	1	0	0	111	2308	0	0	0	6	0	22	10	0	0	1	10	0	0	0	0	9	0	1	0	8	1	0	334	0	1	0	576	0	3	7	4	117	43	0	9	510	0	0	0	0	0	0	0	0	3	18	0	0	0	5	0	10	25	92	0	16	5	1019	0	48	10	1	1	56	1
0	12	73	8	1	0	0	139	9	0	99	1	0	0	364	9	0	187	1498	19	2	60	0	0	860	0	0	38	366	0	10	254	11	482	0	0	8	0	1122	28	120	2	29	142	0	10	0	0	50	0	0	0	77	25	903	0	2	0	100	1129	1	0	0	1	16	0	48	2	0	0	13	233	0	13	98
0	303	474	68	106	0	5	1	2	14	380	0	1	7	177	311	2	113	62	0	145	65	0	0	23	0	10	12	2	14	98	122	9	478	0	0	4	0	233	47	189	0	688	299	0	37	0	0	129	0	0	0	357	2	132	35	278	0	157	230	0	0	1	6	5	48	0	22	0	2	293	237	2	47	16
0	0	1	6	51	1	0	0	11	865	0	1	0	18	5	94	1	23	91	2	0	0	0	0	0	10	17	0	0	5	0	0	106	1	0	0	349	0	0	59	42	21	81	1	0	614	0	0	1	0	0	0	0	0	15	3	0	0	34	3	0	2	21	386	1019	2	22	0	0	63	27	1	115	149	19
0	0	0	0	0	0	0	0	0	0	0	0	0	0	0	0	0	0	5	0	0	0	0	0	0	0	0	0	0	0	0	0	0	0	0	0	0	0	0	0	0	0	0	0	0	0	0	0	0	0	0	0	0	0	0	0	0	0	0	0	0	0	0	0	0	0	0	0	0	0	0	0	0	0	0
0	0	0	0	25	0	0	0	15	18	0	17	0	70	5	0	0	1	3	0	32	0	0	0	0	0	0	0	0	0	0	0	41	1	0	0	46	0	1	27	14	7	21	0	0	100	0	0	3	0	0	0	5	4	0	1	1	0	1	5	3	0	48	83	48	0	2	63	0	0	2	1	29	93	1
0	0	21	38	27	27	22	0	0	11	11	0	0	0	82	376	0	4	2	2	28	0	0	0	7	0	0	0	0	0	2	1	12	25	0	0	1	0	12	2	5	0	177	61	0	14	0	0	0	0	3	0	0	0	10	0	1	0	0	248	0	0	0	1	10	13	293	27	0	2	0	15	1	21	34
0	0	2	0	20	0	0	0	0	2	0	0	0	0	43	57	0	0	39	0	54	0	0	0	152	0	0	0	10	0	0	2	0	18	0	0	1	0	2	2	0	0	12	474	0	0	0	0	0	0	2	0	0	2	49	1	0	0	0	855	0	0	0	0	1	233	237	1	0	1	15	0	2	19	0
0	0	0	0	1	0	0	0	0	714	0	0	0	3	0	0	0	0	0	0	0	0	0	0	0	0	6	0	0	1	0	0	4	0	0	0	0	0	0	0	1	4	4	2	0	3	0	0	0	0	0	0	0	0	3	0	0	0	0	3	0	0	0	13	1	0	2	115	0	29	1	2	0	4	0
0	2	9	32	28	4	11	1	19	407	0	4	0	50	6	42	0	35	74	3	19	1	0	0	19	8	0	2	7	4	0	52	39	13	23	0	77	0	55	38	18	0	26	139	0	98	0	0	11	0	2	0	5	0	19	3	0	0	3	148	0	0	3	76	56	13	47	149	0	93	21	19	4	0	13
0	5	11	297	2	0	102	0	1	1	351	1	0	3	524	1	0	52	77	0	3	102	0	0	9	0	0	0	4	0	63	0	6	238	0	0	1	0	77	3	455	0	276	34	0	1035	0	0	47	0	0	0	4	2	92	1	0	0	320	161	0	0	18	0	1	98	16	19	0	1	34	0	0	13	0
