0	0	0	0	0	0	0	0	0	0	0	0	0	0	0	0	0	0	0	0	0	0	0	0	0	0	0	0	0	0	0	0	0	0	0	0	0	0	0	0	0	0	0	0	0	0	0	0	0	0	0	0	0	0	0	0	0	0	0	0	0	0	0	0	0	0	0	0	0	0	0	0	0	0	0
0	0	965	115	0	0	14	0	0	0	758	12	0	0	0	0	2	131	9	0	6	627	0	0	14	0	0	109	189	2	12	30	0	20	0	0	0	0	52	0	52	0	80	46	0	0	0	0	569	0	18	6	1053	254	2	0	1943	3	0	74	0	0	0	0	0	20	4	4	0	0	38	24	0	6	2
0	965	0	6	0	11	0	0	0	0	7	21	0	8	0	6	0	35	3	0	0	8	0	0	31	0	0	31	239	5	1	3	6	6	0	0	1	0	12	0	6	0	334	24	0	0	0	0	18	1	44	2	409	50	5	0	239	20	0	2	0	0	0	2	25	68	90	21	0	0	400	2	0	5	1
0	115	6	0	1	2	842	0	113	0	662	0	0	45	0	305	1	3	4	5	21	61	0	0	1	1	16	2	10	36	215	0	50	94	0	0	31	0	1	0	28	2	540	2	0	192	0	0	103	15	0	0	270	24	3	0	72	1	0	1	0	0	0	2	110	1	1	93	0	2	164	2	0	12	183
0	0	0	1	0	0	0	0	3	0	1	0	0	6	0	1	3	6	0	0	52	0	0	0	0	0	0	4	1	4	0	70	5	1	0	0	3	0	23	2	2	68	4	55	0	2	0	0	6	4	3	2	2	0	3	0	0	2	0	59	0	0	0	81	14	2	3	16	0	3	3	36	0	0	1
0	0	11	2	0	0	0	0	0	0	0	0	0	10	0	7	3	1	0	0	5	1	0	0	0	0	0	2	0	7	1	0	15	3	0	0	0	0	0	0	13	0	1	1	0	0	0	0	0	0	0	2	4	0	0	0	0	0	0	1	0	0	0	0	0	0	0	6	0	0	0	0	0	12	1
0	14	0	842	0	0	0	0	0	0	164	0	0	30	0	134	0	2	1	0	0	19	0	0	5	1	0	0	9	15	73	0	0	81	0	0	0	0	0	0	46	0	119	0	0	99	0	0	26	16	0	1	20	5	0	1	7	3	0	0	0	0	0	0	0	3	5	0	0	0	158	12	0	0	66
0	0	0	0	0	0	0	0	0	0	0	0	0	0	0	0	0	0	0	0	0	0	0	0	0	0	0	0	0	0	0	0	0	0	0	0	0	0	0	0	0	0	0	0	0	0	0	0	0	0	0	0	0	0	0	0	0	0	0	0	0	0	0	0	0	0	0	0	0	0	0	0	0	0	0
0	0	0	113	3	0	0	0	0	0	0	0	0	11	0	18	0	0	0	0	142	0	0	0	0	0	0	0	0	0	0	0	59	0	1	0	0	0	0	0	3	0	1	2	0	0	0	0	0	0	0	0	0	0	0	0	0	5	0	0	0	0	0	1	146	6	1	17	0	0	0	0	0	0	0
0	0	0	0	0	0	0	0	0	0	0	0	0	0	0	0	0	0	0	0	0	0	0	0	0	0	0	0	0	0	0	0	0	0	0	0	0	0	0	0	0	0	0	0	0	0	0	0	0	0	0	0	0	0	0	0	0	0	0	0	0	0	0	0	0	0	0	0	0	0	0	0	0	0	0
0	758	7	662	1	0	164	0	0	0	0	0	0	56	0	482	0	0	0	45	1	2	0	0	101	0	0	3	118	34	10	0	2	62	0	0	0	0	4	0	259	0	528	0	0	81	0	0	305	0	3	0	203	21	2	0	44	7	0	17	0	0	0	0	0	81	47	1	0	0	193	0	0	1	68
0	12	21	0	0	0	0	0	0	0	0	0	0	1	0	19	0	45	6	2	70	0	0	0	0	0	0	26	0	0	3	47	6	2	72	0	0	0	98	0	0	0	22	37	0	0	0	0	0	0	26	0	0	0	0	2	0	40	0	17	0	0	0	0	0	0	42	0	0	0	4	56	0	2	0
0	0	0	0	0	0	0	0	0	0	0	0	0	0	0	0	0	0	0	0	0	0	0	0	0	0	0	0	0	0	0	0	0	0	0	0	0	0	0	0	0	0	0	0	0	0	0	0	0	0	0	0	0	0	0	0	0	0	0	0	0	0	0	0	0	0	0	0	0	0	0	0	0	0	0
0	0	8	45	6	10	30	0	11	0	56	1	0	0	0	109	63	1	72	29	2	19	0	0	0	11	34	0	39	74	2	1	58	5	2	0	68	0	3	6	33	0	77	2	954	131	3	0	28	4	1	34	26	28	60	4	1	55	0	9	0	0	0	8	20	7	5	242	0	22	17	5	0	59	8
0	0	0	0	0	0	0	0	0	0	0	0	0	0	0	0	0	0	0	0	0	0	0	0	0	0	0	0	0	0	0	0	0	0	0	0	0	0	0	0	0	0	0	0	0	0	0	0	0	0	0	0	0	0	0	0	0	0	0	0	0	0	0	0	0	0	0	0	0	0	0	0	0	0	0
0	0	6	305	1	7	134	0	18	0	482	19	0	109	0	0	407	0	16	413	11	1	0	0	0	0	37	0	0	456	0	0	372	296	16	0	52	0	4	0	42	0	700	0	0	527	0	0	18	5	0	0	1	0	24	300	0	126	0	0	0	0	0	15	68	0	11	174	0	37	388	2	0	22	0
0	2	0	1	3	3	0	0	0	0	0	0	0	63	0	407	0	6	19	189	482	9	0	0	0	0	141	6	2	0	0	0	56	0	3	0	0	0	4	0	383	0	31	6	0	0	0	0	0	0	23	0	1	4	3	1	0	9	0	1	0	0	0	401	52	2	2	500	0	61	1	0	0	0	0
0	131	35	3	6	1	2	0	0	0	0	45	0	1	0	0	6	0	230	0	235	51	0	0	297	0	0	532	706	0	79	39	4	69	0	0	0	0	341	6	420	1	26	342	0	1	0	0	83	0	204	1	35	307	75	2	16	14	0	20	0	0	0	2	1	290	124	15	0	3	10	75	0	3	6
0	9	3	4	0	0	1	0	0	0	0	6	0	72	0	16	19	230	0	1	13	254	0	0	204	0	12	324	483	0	306	11	1	123	0	0	43	0	415	12	27	1	27	54	0	54	0	0	223	2	0	58	211	119	194	1	3	47	0	130	0	0	0	4	2	281	100	80	0	3	11	214	0	15	62
0	0	0	5	0	0	0	0	0	0	45	2	0	29	0	413	189	0	1	0	5	0	0	0	0	0	0	0	1	171	1	0	51	147	0	0	0	0	1	6	9	0	168	0	0	199	0	0	0	46	0	1	0	56	2	26	0	15	0	0	0	0	0	0	10	1	3	1	0	0	100	5	0	1	2
0	6	0	21	52	5	0	0	142	0	1	70	0	2	0	11	482	235	13	5	0	9	0	0	9	0	2	473	0	0	560	22	15	186	3	0	0	0	56	12	608	0	181	87	0	78	0	0	0	0	722	0	11	11	16	0	0	9	0	70	0	0	0	3	7	1	49	3	0	28	332	50	0	10	0
0	627	8	61	0	1	19	0	0	0	2	0	0	19	0	1	9	51	254	0	9	0	0	0	103	0	0	43	392	0	35	1	0	2	0	0	0	0	18	0	100	0	1	13	0	8	0	0	178	0	86	4	244	420	1	0	56	3	0	21	0	0	0	1	0	27	0	3	0	0	2	6	0	2	6
0	0	0	0	0	0	0	0	0	0	0	0	0	0	0	0	0	0	0	0	0	0	0	0	0	0	0	0	0	0	0	0	0	0	0	0	0	0	0	0	0	0	0	0	0	0	0	0	0	0	0	0	0	0	0	0	0	0	0	0	0	0	0	0	0	0	0	0	0	0	0	0	0	0	0
0	0	0	0	0	0	0	0	0	0	0	0	0	0	0	0	0	0	0	0	0	0	0	0	0	0	0	0	0	0	0	0	0	0	0	0	0	0	0	0	0	0	0	0	0	0	0	0	0	0	0	0	0	0	0	0	0	0	0	0	0	0	0	0	0	0	0	0	0	0	0	0	0	0	0
0	14	31	1	0	0	5	0	0	0	101	0	0	0	0	0	0	297	204	0	9	103	0	0	0	0	17	171	996	0	145	112	3	121	0	0	0	0	672	27	137	0	26	9	0	0	0	0	105	4	26	1	203	39	534	2	10	19	0	81	0	0	0	1	0	763	24	46	0	1	6	145	0	46	4
0	0	0	1	0	0	1	0	0	0	0	0	0	11	0	0	0	0	0	0	0	0	0	0	0	0	9	1	0	0	0	0	0	0	0	0	0	0	0	0	27	0	0	19	0	0	0	0	0	0	21	0	4	1	0	0	0	0	0	0	0	0	0	4	1	0	0	6	0	11	2	0	0	0	0
0	0	0	16	0	0	0	0	0	0	0	0	0	34	0	37	141	0	12	0	2	0	0	0	17	9	0	0	0	0	0	0	38	1	1	0	182	0	3	1	20	89	42	3	0	0	0	0	2	85	2	35	0	0	6	1	0	24	0	52	0	0	0	687	479	20	15	853	0	546	0	23	0	114	0
0	109	31	2	4	2	0	0	0	0	3	26	0	0	0	0	6	532	324	0	473	43	0	0	171	1	0	0	759	0	171	32	3	245	0	0	0	0	450	11	535	0	24	247	0	0	0	0	110	6	511	0	40	89	135	0	9	16	0	38	0	0	0	3	1	266	99	2	0	2	7	99	0	29	13
0	189	239	10	1	0	9	0	0	0	118	0	0	39	0	0	2	706	483	1	0	392	0	0	996	0	0	759	0	0	141	158	13	218	0	0	2	0	766	50	255	0	51	20	0	12	0	0	58	8	0	11	454	506	521	0	40	24	0	74	0	0	0	2	2	920	73	18	0	1	11	69	0	59	14
0	2	5	36	4	7	15	0	0	0	34	0	0	74	0	456	0	0	0	171	0	0	0	0	0	0	0	0	0	0	0	0	81	0	272	0	0	0	0	0	10	0	447	0	0	0	0	0	17	0	0	0	11	0	0	103	0	353	0	0	0	0	0	3	62	0	17	103	0	3	20	0	0	0	0
0	12	1	215	0	1	73	0	0	0	10	3	0	2	0	0	0	79	306	1	560	35	0	0	145	0	0	171	141	0	0	0	0	0	0	0	0	0	0	0	467	0	10	2	0	0	0	0	101	0	163	0	38	249	3	0	1	1	0	54	0	0	0	1	0	1	0	1	0	1	0	0	0	0	0
0	30	3	0	70	0	0	0	0	0	0	47	0	1	0	0	0	39	11	0	22	1	0	0	112	0	0	32	158	0	0	0	0	0	0	0	0	0	91	0	29	0	3	744	0	0	0	0	0	0	301	0	0	3	15	0	2	0	0	66	0	0	0	1	0	160	141	0	0	1	1	2	0	0	0
0	0	6	50	5	15	0	0	59	0	2	6	0	58	0	372	56	4	1	51	15	0	0	0	3	0	38	3	13	81	0	0	0	3	404	0	60	0	0	4	3	39	403	6	0	155	0	0	0	8	12	0	6	0	4	167	0	264	0	1	0	0	2	36	269	14	6	307	0	31	168	1	0	21	10
0	20	6	94	1	3	81	0	0	0	62	2	0	5	0	296	0	69	123	147	186	2	0	0	121	0	1	245	218	0	0	0	3	0	0	0	0	0	110	0	442	0	374	236	0	0	0	0	63	0	82	0	1	9	11	0	3	2	0	2	0	0	0	1	0	174	180	1	0	1	46	2	0	0	0
0	0	0	0	0	0	0	0	1	0	0	72	0	2	0	16	3	0	0	0	3	0	0	0	0	0	1	0	0	272	0	0	404	0	0	0	2	0	0	1	2	0	1	0	0	4	0	0	0	0	0	0	1	0	2	477	0	592	0	0	0	0	0	0	5	0	0	6	0	1	1	0	0	3	0
0	0	0	0	0	0	0	0	0	0	0	0	0	0	0	0	0	0	0	0	0	0	0	0	0	0	0	0	0	0	0	0	0	0	0	0	0	0	0	0	0	0	0	0	0	0	0	0	0	0	0	0	0	0	0	0	0	0	0	0	0	0	0	0	0	0	0	0	0	0	0	0	0	0	0
0	0	1	31	3	0	0	0	0	0	0	0	0	68	0	52	0	0	43	0	0	0	0	0	0	0	182	0	2	0	0	0	60	0	2	0	0	0	1	0	6	0	3	1	0	0	0	0	48	0	0	0	2	8	4	0	0	4	0	0	0	0	0	23	476	13	2	449	0	40	0	0	0	0	0
0	0	0	0	0	0	0	0	0	0	0	0	0	0	0	0	0	0	0	0	0	0	0	0	0	0	0	0	0	0	0	0	0	0	0	0	0	0	0	0	0	0	0	0	0	0	0	0	0	0	0	0	0	0	0	0	0	0	0	0	0	0	0	0	0	0	0	0	0	0	0	0	0	0	0
0	52	12	1	23	0	0	0	0	0	4	98	0	3	0	4	4	341	415	1	56	18	0	0	672	0	3	450	766	0	0	91	0	110	0	0	1	0	0	20	218	0	22	987	0	0	0	0	80	1	342	0	19	162	215	1	4	17	0	276	0	0	0	22	0	659	330	3	0	1	9	105	0	14	0
0	0	0	0	2	0	0	0	0	0	0	0	0	6	0	0	0	6	12	6	12	0	0	0	27	0	1	11	50	0	0	0	4	0	1	0	0	0	20	0	156	0	3	386	0	0	0	0	2	0	196	0	7	21	7	0	0	0	0	0	0	0	0	198	0	28	2	3	0	191	0	0	0	0	0
0	52	6	28	2	13	46	0	3	0	259	0	0	33	0	42	383	420	27	9	608	100	0	0	137	27	20	535	255	10	467	29	3	442	2	0	6	0	218	156	0	14	166	149	0	221	0	0	91	11	643	19	63	13	140	0	10	1	0	181	0	0	3	21	13	229	15	134	0	18	14	266	0	20	395
0	0	0	2	68	0	0	0	0	0	0	0	0	0	0	0	0	1	1	0	0	0	0	0	0	0	89	0	0	0	0	0	39	0	0	0	0	0	0	0	14	0	0	124	0	0	0	0	0	0	65	0	0	7	0	0	0	1	0	9	0	0	0	537	129	4	0	31	0	341	0	0	0	0	0
0	80	334	540	4	1	119	0	1	0	528	22	0	77	0	700	31	26	27	168	181	1	0	0	26	0	42	24	51	447	10	3	403	374	1	0	3	0	22	3	166	0	0	78	0	133	0	0	237	4	44	0	24	9	13	31	39	8	0	26	0	0	0	20	36	26	202	91	0	21	487	18	0	11	137
0	46	24	2	55	1	0	0	2	0	0	37	0	2	0	0	6	342	54	0	87	13	0	0	9	19	3	247	20	0	2	744	6	236	0	0	1	0	987	386	149	124	78	0	0	2	0	0	2	132	819	0	20	108	647	1	8	24	0	800	0	0	0	649	10	282	37	11	0	7	25	614	0	226	11
0	0	0	0	0	0	0	0	0	0	0	0	0	954	0	0	0	0	0	0	0	0	0	0	0	0	0	0	0	0	0	0	0	0	0	0	0	0	0	0	0	0	0	0	0	0	0	0	0	0	0	0	0	0	0	0	0	0	0	0	0	0	0	0	0	1	7	0	0	16	0	0	0	0	0
0	0	0	192	2	0	99	0	0	0	81	0	0	131	0	527	0	1	54	199	78	8	0	0	0	0	0	0	12	0	0	0	155	0	4	0	0	0	0	0	221	0	133	2	0	0	0	0	5	0	0	0	4	32	2	18	0	395	0	17	0	0	0	0	9	1	0	32	0	15	9	0	0	0	0
0	0	0	0	0	0	0	0	0	0	0	0	0	3	0	0	0	0	0	0	0	0	0	0	0	0	0	0	0	0	0	0	0	0	0	0	0	0	0	0	0	0	0	0	0	0	0	0	0	0	0	0	0	0	0	0	0	0	0	0	0	0	0	0	0	0	0	0	0	0	0	0	0	3	0
0	0	0	0	0	0	0	0	0	0	0	0	0	0	0	0	0	0	0	0	0	0	0	0	0	0	0	0	0	0	0	0	0	0	0	0	0	0	0	0	0	0	0	0	0	0	0	0	0	0	0	0	0	0	0	0	0	0	0	0	0	0	0	0	0	0	0	0	0	0	0	0	0	0	0
0	569	18	103	6	0	26	0	0	0	305	0	0	28	0	18	0	83	223	0	0	178	0	0	105	0	2	110	58	17	101	0	0	63	0	0	48	0	80	2	91	0	237	2	0	5	0	0	0	18	0	16	329	70	26	0	140	8	0	23	0	0	1	0	0	161	5	33	0	1	74	21	0	2	45
0	0	1	15	4	0	16	0	0	0	0	0	0	4	0	5	0	0	2	46	0	0	0	0	4	0	85	6	8	0	0	0	8	0	0	0	0	0	1	0	11	0	4	132	0	0	0	0	18	0	3	0	5	0	0	0	1	2	0	16	0	0	0	141	4	3	2	210	0	93	0	0	0	0	0
0	18	44	0	3	0	0	0	0	0	3	26	0	1	0	0	23	204	0	0	722	86	0	0	26	21	2	511	0	0	163	301	12	82	0	0	0	0	342	196	643	65	44	819	0	0	0	0	0	3	0	0	41	0	247	0	7	1	0	98	0	0	0	1	0	0	8	1	0	0	28	308	0	95	0
0	6	2	0	2	2	1	0	0	0	0	0	0	34	0	0	0	1	58	1	0	4	0	0	1	0	35	0	11	0	0	0	0	0	0	0	0	0	0	0	19	0	0	0	0	0	0	0	16	0	0	0	10	40	0	14	0	266	0	1	0	0	0	3	0	6	1	4	0	14	0	0	0	0	0
0	1053	409	270	2	4	20	0	0	0	203	0	0	26	0	1	1	35	211	0	11	244	0	0	203	4	0	40	454	11	38	0	6	1	1	0	2	0	19	7	63	0	24	20	0	4	0	0	329	5	41	10	0	378	11	0	187	9	0	17	0	0	0	14	11	91	38	28	0	10	3	4	0	3	8
0	254	50	24	0	0	5	0	0	0	21	0	0	28	0	0	4	307	119	56	11	420	0	0	39	1	0	89	506	0	249	3	0	9	0	0	8	0	162	21	13	7	9	108	0	32	0	0	70	0	0	40	378	0	211	0	131	24	0	68	0	0	0	0	0	112	3	18	0	0	1	122	0	13	3
0	2	5	3	3	0	0	0	0	0	2	0	0	60	0	24	3	75	194	2	16	1	0	0	534	0	6	135	521	0	3	15	4	11	2	0	4	0	215	7	140	0	13	647	0	2	0	0	26	0	247	0	11	211	0	1	4	18	0	23	0	0	0	9	48	454	170	310	0	63	5	11	0	3	6
0	0	0	0	0	0	1	0	0	0	0	2	0	4	0	300	1	2	1	26	0	0	0	0	2	0	1	0	0	103	0	0	167	0	477	0	0	0	1	0	0	0	31	1	0	18	0	0	0	0	0	14	0	0	1	0	0	380	0	0	0	0	0	8	14	0	2	7	0	5	0	0	0	4	0
0	1943	239	72	0	0	7	0	0	0	44	0	0	1	0	0	0	16	3	0	0	56	0	0	10	0	0	9	40	0	1	2	0	3	0	0	0	0	4	0	10	0	39	8	0	0	0	0	140	1	7	0	187	131	4	0	0	1	0	1	0	0	0	0	0	17	0	3	0	0	2	1	0	0	0
0	3	20	1	2	0	3	0	5	0	7	40	0	55	0	126	9	14	47	15	9	3	0	0	19	0	24	16	24	353	1	0	264	2	592	0	4	0	17	0	1	1	8	24	0	395	0	0	8	2	1	266	9	24	18	380	1	0	0	15	0	0	0	1	29	90	12	111	0	54	0	2	0	3	4
0	0	0	0	0	0	0	0	0	0	0	0	0	0	0	0	0	0	0	0	0	0	0	0	0	0	0	0	0	0	0	0	0	0	0	0	0	0	0	0	0	0	0	0	0	0	0	0	0	0	0	0	0	0	0	0	0	0	0	0	0	0	0	0	0	0	0	0	0	0	0	0	0	0	0
0	74	2	1	59	1	0	0	0	0	17	17	0	9	0	0	1	20	130	0	70	21	0	0	81	0	52	38	74	0	54	66	1	2	0	0	0	0	276	0	181	9	26	800	0	17	0	0	23	16	98	1	17	68	23	0	1	15	0	0	0	0	0	555	8	318	35	35	0	735	3	136	0	119	7
0	0	0	0	0	0	0	0	0	0	0	0	0	0	0	0	0	0	0	0	0	0	0	0	0	0	0	0	0	0	0	0	0	0	0	0	0	0	0	0	0	0	0	0	0	0	0	0	0	0	0	0	0	0	0	0	0	0	0	0	0	0	0	0	0	0	0	0	0	0	0	0	0	0	0
0	0	0	0	0	0	0	0	0	0	0	0	0	0	0	0	0	0	0	0	0	0	0	0	0	0	0	0	0	0	0	0	0	0	0	0	0	0	0	0	0	0	0	0	0	0	0	0	0	0	0	0	0	0	0	0	0	0	0	0	0	0	0	0	0	0	0	0	0	0	0	0	0	0	0
0	0	0	0	0	0	0	0	0	0	0	0	0	0	0	0	0	0	0	0	0	0	0	0	0	0	0	0	0	0	0	0	2	0	0	0	0	0	0	0	3	0	0	0	0	0	0	0	1	0	0	0	0	0	0	0	0	0	0	0	0	0	0	0	0	0	0	1	0	0	0	0	0	0	0
0	0	2	2	81	0	0	0	1	0	0	0	0	8	0	15	401	2	4	0	3	1	0	0	1	4	687	3	2	3	1	1	36	1	0	0	23	0	22	198	21	537	20	649	0	0	0	0	0	141	1	3	14	0	9	8	0	1	0	555	0	0	0	0	81	3	1	1573	0	1311	7	11	0	278	5
0	0	25	110	14	0	0	0	146	0	0	0	0	20	0	68	52	1	2	10	7	0	0	0	0	1	479	1	2	62	0	0	269	0	5	0	476	0	0	0	13	129	36	10	0	9	0	0	0	4	0	0	11	0	48	14	0	29	0	8	0	0	0	81	0	8	4	2368	0	72	3	1	0	117	0
0	20	68	1	2	0	3	0	6	0	81	0	0	7	0	0	2	290	281	1	1	27	0	0	763	0	20	266	920	0	1	160	14	174	0	0	13	0	659	28	229	4	26	282	1	1	0	0	161	3	0	6	91	112	454	0	17	90	0	318	0	0	0	3	8	0	59	29	0	28	0	130	0	14	21
0	4	90	1	3	0	5	0	1	0	47	42	0	5	0	11	2	124	100	3	49	0	0	0	24	0	15	99	73	17	0	141	6	180	0	0	2	0	330	2	15	0	202	37	7	0	0	0	5	2	8	1	38	3	170	2	0	12	0	35	0	0	0	1	4	59	0	39	0	17	70	311	0	89	17
0	4	21	93	16	6	0	0	17	0	1	0	0	242	0	174	500	15	80	1	3	3	0	0	46	6	853	2	18	103	1	0	307	1	6	0	449	0	3	3	134	31	91	11	0	32	0	0	33	210	1	4	28	18	310	7	3	111	0	35	0	0	1	1573	2368	29	39	0	0	592	9	16	0	207	49
0	0	0	0	0	0	0	0	0	0	0	0	0	0	0	0	0	0	0	0	0	0	0	0	0	0	0	0	0	0	0	0	0	0	0	0	0	0	0	0	0	0	0	0	0	0	0	0	0	0	0	0	0	0	0	0	0	0	0	0	0	0	0	0	0	0	0	0	0	0	0	0	0	0	0
0	0	0	2	3	0	0	0	0	0	0	0	0	22	0	37	61	3	3	0	28	0	0	0	1	11	546	2	1	3	1	1	31	1	1	0	40	0	1	191	18	341	21	7	16	15	0	0	1	93	0	14	10	0	63	5	0	54	0	735	0	0	0	1311	72	28	17	592	0	0	2	8	0	141	1
0	38	400	164	3	0	158	0	0	0	193	4	0	17	0	388	1	10	11	100	332	2	0	0	6	2	0	7	11	20	0	1	168	46	1	0	0	0	9	0	14	0	487	25	0	9	0	0	74	0	28	0	3	1	5	0	2	0	0	3	0	0	0	7	3	0	70	9	0	2	0	5	0	4	3
0	24	2	2	36	0	12	0	0	0	0	56	0	5	0	2	0	75	214	5	50	6	0	0	145	0	23	99	69	0	0	2	1	2	0	0	0	0	105	0	266	0	18	614	0	0	0	0	21	0	308	0	4	122	11	0	1	2	0	136	0	0	0	11	1	130	311	16	0	8	5	0	0	0	0
0	0	0	0	0	0	0	0	0	0	0	0	0	0	0	0	0	0	0	0	0	0	0	0	0	0	0	0	0	0	0	0	0	0	0	0	0	0	0	0	0	0	0	0	0	0	0	0	0	0	0	0	0	0	0	0	0	0	0	0	0	0	0	0	0	0	0	0	0	0	0	0	0	0	0
0	6	5	12	0	12	0	0	0	0	1	2	0	59	0	22	0	3	15	1	10	2	0	0	46	0	114	29	59	0	0	0	21	0	3	0	0	0	14	0	20	0	11	226	0	0	3	0	2	0	95	0	3	13	3	4	0	3	0	119	0	0	0	278	117	14	89	207	0	141	4	0	0	0	0
0	2	1	183	1	1	66	0	0	0	68	0	0	8	0	0	0	6	62	2	0	6	0	0	4	0	0	13	14	0	0	0	10	0	0	0	0	0	0	0	395	0	137	11	0	0	0	0	45	0	0	0	8	3	6	0	0	4	0	7	0	0	0	5	0	21	17	49	0	1	3	0	0	0	0
