0	0	0	0	0	0	0	0	0	0	0	0	0	0	0	0	0	0	0	0	0	0	0	0	0	0	0	0	0	0	0	0	0	0	0	0	0	0	0	0	0	0	0	0	0	0	0	0	0	0	0	0	0	0	0	0	0	0	0	0	0	0	0	0	0	0	0	0	0	0	0	0	0	0	0
0	0	628	82	0	0	0	2	0	0	168	0	384	0	14	0	0	86	29	0	0	786	0	0	4	0	0	0	0	0	2	0	0	12	0	0	0	0	2	0	46	0	89	0	0	0	0	0	20	0	2	0	696	332	10	2	1283	0	790	36	0	0	2	2	0	17	314	0	0	0	2	36	0	0	0
0	628	0	27	5	0	0	1	0	0	1	0	134	0	1	1	0	95	13	0	184	90	0	0	27	0	0	0	35	0	0	119	4	142	0	0	1	0	8	2	59	1	475	14	0	0	0	0	70	0	152	0	412	31	52	0	183	0	12	2	0	0	0	0	48	49	510	0	0	1	173	10	0	3	0
0	82	27	0	5	0	378	1	127	0	648	0	1	8	6	307	101	2	17	8	58	268	0	0	8	0	2	0	18	37	288	0	61	129	2	0	0	0	4	13	191	76	596	1	0	224	0	0	169	27	2	0	364	15	3	2	29	0	35	5	0	0	11	11	44	2	216	23	0	12	308	1	11	13	258
0	0	5	5	0	0	0	3	21	0	2	0	25	13	3	8	30	20	24	8	69	2	0	0	6	0	59	0	1	0	7	204	33	81	5	0	17	0	698	402	160	277	158	1104	1	9	0	0	1	280	849	4	8	6	107	2	1	12	9	368	0	0	17	429	45	5	111	82	0	575	49	311	11	40	2
0	0	0	0	0	0	0	0	0	0	0	0	0	0	0	0	0	0	0	0	0	0	0	0	0	0	0	0	0	0	0	0	0	0	0	0	0	0	0	0	0	0	0	0	0	0	0	0	0	0	0	0	0	0	0	0	0	0	0	0	0	0	0	0	0	0	0	0	0	0	0	0	0	0	0
0	0	0	378	0	0	0	0	0	0	77	0	0	4	3	21	0	2	7	0	0	64	0	0	3	0	0	0	0	16	54	0	0	29	0	0	0	0	0	0	31	0	171	0	0	95	0	0	98	11	2	0	131	1	2	0	7	0	0	1	0	0	0	0	0	1	185	0	0	0	98	1	0	0	59
0	2	1	1	3	0	0	0	0	0	0	0	0	0	0	0	0	46	143	0	4	0	0	0	103	0	0	0	188	0	0	77	0	0	0	0	0	0	0	0	3	0	0	101	0	0	0	0	51	0	17	0	0	0	1	0	0	0	0	0	0	0	0	0	16	146	6	0	0	0	0	0	0	0	0
0	0	0	127	21	0	0	0	0	0	0	0	0	1	0	14	257	0	2	20	484	1	0	0	0	0	110	0	0	3	0	0	0	0	10	0	0	0	0	0	5	51	2	2	0	0	0	0	0	0	3	0	0	0	0	0	0	9	0	0	0	0	3	0	187	0	1	28	0	34	0	0	0	21	0
0	0	0	0	0	0	0	0	0	0	0	0	0	0	0	0	0	0	0	0	0	0	0	0	0	0	0	0	0	0	0	0	0	0	0	0	0	0	0	0	0	0	0	0	0	0	0	0	0	0	0	0	0	0	0	0	0	0	0	0	0	0	0	0	0	0	0	0	0	0	0	0	0	0	0
0	168	1	648	2	0	77	0	0	0	0	0	0	59	0	454	0	2	207	13	0	66	0	0	115	0	0	0	81	392	0	0	0	12	0	0	0	0	0	0	108	0	363	0	0	50	0	0	94	0	9	0	114	23	12	0	7	6	0	1	0	0	0	0	3	73	342	2	0	4	7	1	0	2	0
0	0	0	0	0	0	0	0	0	0	0	0	0	1	0	0	0	19	5	0	0	0	0	0	1	0	0	0	0	0	0	0	0	0	56	0	8	0	0	0	0	0	0	0	0	0	0	0	0	0	1	0	0	0	0	1	0	0	3	0	0	0	24	0	0	0	0	0	0	0	0	3	0	0	0
0	384	134	1	25	0	0	0	0	0	0	0	0	8	0	0	10	1	3	0	20	7	0	0	2	0	28	0	0	0	0	1	0	0	0	0	0	0	0	0	10	0	17	2	0	0	0	0	6	0	121	0	218	2	7	0	31	3	0	0	0	0	0	0	1	0	141	15	0	19	0	0	0	0	0
0	0	0	8	13	0	4	0	1	0	59	1	8	0	0	64	44	1	0	87	1	0	0	0	0	2	52	0	0	20	1	0	17	3	0	0	2	0	0	0	28	2	52	2	765	109	0	0	0	13	0	7	0	0	6	15	0	16	0	13	0	0	32	6	6	1	1	64	0	21	25	0	37	52	3
0	14	1	6	3	0	3	0	0	0	0	0	0	0	0	1	0	19	514	0	0	26	0	0	338	0	0	0	130	0	0	0	0	6	0	0	0	0	0	0	37	0	1	1	0	0	0	0	119	0	3	0	20	166	35	0	0	2	0	0	0	0	0	0	0	321	17	0	0	0	0	0	0	3	0
0	0	1	307	8	0	21	0	14	0	454	0	0	64	1	0	282	2	2	622	4	0	0	0	0	0	113	0	4	754	0	1	325	208	14	0	3	0	2	2	6	0	517	10	1	554	0	0	0	37	0	1	0	0	13	336	0	171	5	0	0	0	332	2	19	0	263	91	0	37	489	1	1	22	0
0	0	0	101	30	0	0	0	257	0	0	0	10	44	0	282	0	0	31	620	973	0	0	0	1	0	472	0	0	307	33	0	22	36	15	0	0	0	0	0	522	13	53	4	1	694	0	0	0	4	31	1	1	0	5	0	0	0	0	0	0	0	69	72	321	0	9	380	0	168	21	76	21	33	0
0	86	95	2	20	0	2	46	0	0	2	19	1	1	19	2	0	0	89	1	624	271	0	0	37	0	0	0	247	0	371	46	1	161	15	0	0	0	378	12	683	0	18	33	0	8	0	0	128	0	498	6	15	345	315	0	22	1	433	29	0	0	2	0	0	114	62	38	0	0	7	222	0	13	0
0	29	13	17	24	0	7	143	2	0	207	5	3	0	514	2	31	89	0	1	16	77	0	0	508	0	0	0	570	2	239	566	5	50	0	0	13	0	749	42	158	0	16	235	0	4	0	0	354	2	60	31	147	135	490	0	20	2	110	194	0	0	1	8	9	649	24	70	0	14	15	95	2	23	9
0	0	0	8	8	0	0	0	20	0	13	0	0	87	0	622	620	1	1	0	14	1	0	0	1	0	75	0	0	807	1	0	241	78	103	0	0	0	1	0	13	0	339	1	7	722	0	0	0	12	3	90	0	0	4	353	0	281	10	0	0	0	396	1	85	0	1	213	0	8	238	1	39	18	1
0	0	184	58	69	0	0	4	484	0	0	0	20	1	0	4	973	624	16	14	0	64	0	0	7	0	14	0	4	1	1164	476	184	410	4	0	4	0	42	126	1321	30	537	43	0	0	0	0	3	0	1881	0	11	2	39	0	0	0	0	132	0	0	3	0	54	0	153	63	0	7	955	723	60	165	2
0	786	90	268	2	0	64	0	1	0	66	0	7	0	26	0	0	271	77	1	64	0	0	0	34	0	0	0	87	3	361	0	0	80	2	0	0	0	8	18	543	0	0	2	0	1	0	0	110	1	230	1	771	660	29	0	223	1	391	46	0	0	1	0	0	12	18	0	0	1	15	77	0	5	70
0	0	0	0	0	0	0	0	0	0	0	0	0	0	0	0	0	0	0	0	0	0	0	0	0	0	0	0	0	0	0	0	0	0	0	0	0	0	0	0	0	0	0	0	0	0	0	0	0	0	0	0	0	0	0	0	0	0	0	0	0	0	0	0	0	0	0	0	0	0	0	0	0	0	0
0	0	0	0	0	0	0	0	0	0	0	0	0	0	0	0	0	0	0	0	0	0	0	0	0	0	0	0	0	0	0	0	0	0	0	0	0	0	0	0	0	0	0	0	0	0	0	0	0	0	0	0	0	0	0	0	0	0	0	0	0	0	0	0	0	0	0	0	0	0	0	0	0	0	0
0	4	27	8	6	0	3	103	0	0	115	1	2	0	338	0	1	37	508	1	7	34	0	0	0	0	2	0	399	8	111	23	0	22	18	0	0	0	483	31	64	0	14	4	0	1	0	0	182	0	49	19	163	14	570	1	18	3	139	41	0	0	4	4	2	723	15	23	0	11	20	98	0	13	2
0	0	0	0	0	0	0	0	0	0	0	0	0	2	0	0	0	0	0	0	0	0	0	0	0	0	0	0	0	0	0	0	0	0	0	0	0	0	0	0	0	0	0	0	2	0	0	0	0	0	0	0	0	0	0	0	0	0	0	0	0	0	0	0	0	0	0	0	0	0	0	0	0	0	0
0	0	0	2	59	0	0	0	110	0	0	0	28	52	0	113	472	0	0	75	14	0	0	0	2	0	0	0	0	0	0	1	28	0	0	0	312	0	0	62	0	139	47	3	2	86	0	0	0	196	0	0	0	0	35	72	2	0	0	142	0	0	82	720	418	2	75	651	0	415	4	0	70	150	2
0	0	0	0	0	0	0	0	0	0	0	0	0	0	0	0	0	0	0	0	0	0	0	0	0	0	0	0	0	0	0	0	0	0	0	0	0	0	0	0	0	0	0	0	0	0	0	0	0	0	0	0	0	0	0	0	0	0	0	0	0	0	0	0	0	0	0	0	0	0	0	0	0	0	0
0	0	35	18	1	0	0	188	0	0	81	0	0	0	130	4	0	247	570	0	4	87	0	0	399	0	0	0	0	2	217	7	2	21	20	0	1	0	145	13	106	0	9	0	0	0	0	0	254	0	15	1	159	67	137	0	13	1	71	94	0	0	0	0	4	320	10	3	0	0	13	57	0	8	5
0	0	0	37	0	0	16	0	3	0	392	0	0	20	0	754	307	0	2	807	1	3	0	0	8	0	0	0	2	0	0	0	459	261	300	0	2	0	0	7	9	0	894	1	0	939	0	0	0	22	0	1	18	4	1	480	0	380	2	0	0	0	384	45	1	0	223	15	0	1	645	0	0	2	0
0	2	0	288	7	0	54	0	0	0	0	0	0	1	0	0	33	371	239	1	1164	361	0	0	111	0	0	0	217	0	0	0	0	3	2	0	0	0	0	0	699	0	22	2	0	0	0	0	103	0	372	0	25	118	1	0	0	0	0	0	0	0	0	0	7	6	22	1	0	3	0	3	0	7	0
0	0	119	0	204	0	0	77	0	0	0	0	1	0	0	1	0	46	566	0	476	0	0	0	23	0	1	0	7	0	0	0	7	73	25	0	0	0	948	8	84	6	14	690	0	0	0	0	23	0	1237	0	1	0	797	0	1	0	0	4	0	0	0	31	10	742	200	0	0	1	65	601	0	131	0
0	0	4	61	33	0	0	0	0	0	0	0	0	17	0	325	22	1	5	241	184	0	0	0	0	0	28	0	2	459	0	7	0	0	427	0	0	0	0	0	10	45	267	5	0	46	0	0	7	0	26	0	0	0	7	65	0	109	0	0	0	0	16	0	245	8	15	169	0	58	3	0	10	26	0
0	12	142	129	81	0	29	0	0	0	12	0	0	3	6	208	36	161	50	78	410	80	0	0	22	0	0	0	21	261	3	73	0	0	16	0	0	0	6	0	331	0	565	110	0	40	0	0	29	0	312	0	36	71	60	0	1	5	8	0	0	0	0	0	5	86	518	1	0	2	27	5	0	3	8
0	0	0	2	5	0	0	0	10	0	0	56	0	0	0	14	15	15	0	103	4	2	0	0	18	0	0	0	20	300	2	25	427	16	0	0	4	0	5	2	2	4	1	6	0	15	0	0	0	0	8	0	9	0	6	514	3	417	13	2	0	0	488	12	31	24	1	30	0	8	9	5	0	29	0
0	0	0	0	0	0	0	0	0	0	0	0	0	0	0	0	0	0	0	0	0	0	0	0	0	0	0	0	0	0	0	0	0	0	0	0	0	0	0	0	0	0	0	0	0	0	0	0	0	0	0	0	0	0	0	0	0	0	0	0	0	0	0	0	0	0	0	0	0	0	0	0	0	0	0
0	0	1	0	17	0	0	0	0	0	0	8	0	2	0	3	0	0	13	0	4	0	0	0	0	0	312	0	1	2	0	0	0	0	4	0	0	0	0	0	5	1	0	0	0	0	0	0	0	0	0	0	0	0	3	0	0	7	0	0	0	0	8	0	269	1	7	231	0	81	0	0	0	17	0
0	0	0	0	0	0	0	0	0	0	0	0	0	0	0	0	0	0	0	0	0	0	0	0	0	0	0	0	0	0	0	0	0	0	0	0	0	0	0	0	0	0	0	0	0	0	0	0	0	0	0	0	0	0	0	0	0	0	0	0	0	0	0	0	0	0	0	0	0	0	0	0	0	0	0
0	2	8	4	698	0	0	0	0	0	0	0	0	0	0	2	0	378	749	1	42	8	0	0	483	0	0	0	145	0	0	948	0	6	5	0	0	0	0	0	150	1	7	436	0	0	0	0	19	0	780	0	9	48	183	0	0	1	0	0	0	0	0	0	15	411	251	0	0	7	0	5	0	24	0
0	0	2	13	402	0	0	0	0	0	0	0	0	0	0	2	0	12	42	0	126	18	0	0	31	0	62	0	13	7	0	8	0	0	2	0	0	0	0	0	184	0	8	288	0	0	0	0	13	0	322	0	4	5	10	0	0	1	0	0	0	0	0	0	12	47	60	12	0	168	0	0	2	4	0
0	46	59	191	160	0	31	3	5	0	108	0	10	28	37	6	522	683	158	13	1321	543	0	0	64	0	0	0	106	9	699	84	10	331	2	0	5	0	150	184	0	2	285	50	8	257	0	0	26	11	837	0	79	226	162	1	13	2	276	307	0	0	2	26	43	40	113	122	0	37	126	438	8	46	180
0	0	1	76	277	0	0	0	51	0	0	0	0	2	0	0	13	0	0	0	30	0	0	0	0	0	139	0	0	0	0	6	45	0	4	0	1	0	1	0	2	0	7	4	0	0	0	0	0	142	147	0	1	0	0	0	0	0	4	73	0	0	2	377	107	0	0	14	0	343	0	0	38	58	0
0	89	475	596	158	0	171	0	2	0	363	0	17	52	1	517	53	18	16	339	537	0	0	0	14	0	47	0	9	894	22	14	267	565	1	0	0	0	7	8	285	7	0	45	0	110	0	0	55	6	249	2	12	0	37	132	11	9	12	17	0	0	27	1	40	6	863	119	0	63	473	40	11	39	112
0	0	14	1	1104	0	0	101	2	0	0	0	2	2	1	10	4	33	235	1	43	2	0	0	4	0	3	0	0	1	2	690	5	110	6	0	0	0	436	288	50	4	45	0	0	9	0	0	5	53	495	1	15	2	205	2	8	16	1	285	0	0	1	142	7	38	40	25	0	29	61	236	0	37	8
0	0	0	0	1	0	0	0	0	0	0	0	0	765	0	1	1	0	0	7	0	0	0	0	0	2	2	0	0	0	0	0	0	0	0	0	0	0	0	0	8	0	0	0	0	0	0	0	0	0	0	0	0	4	0	0	0	0	0	0	0	0	0	0	0	0	0	4	0	0	0	0	0	0	0
0	0	0	224	9	0	95	0	0	0	50	0	0	109	0	554	694	8	4	722	0	1	0	0	1	0	86	0	0	939	0	0	46	40	15	0	0	0	0	0	257	0	110	9	0	0	0	0	0	0	0	352	3	0	9	3	0	503	0	0	0	0	60	0	5	0	9	72	0	43	0	6	0	21	0
0	0	0	0	0	0	0	0	0	0	0	0	0	0	0	0	0	0	0	0	0	0	0	0	0	0	0	0	0	0	0	0	0	0	0	0	0	0	0	0	0	0	0	0	0	0	0	0	0	0	0	0	0	0	0	0	0	0	0	0	0	0	0	0	0	0	0	0	0	0	0	0	0	0	0
0	0	0	0	0	0	0	0	0	0	0	0	0	0	0	0	0	0	0	0	0	0	0	0	0	0	0	0	0	0	0	0	0	0	0	0	0	0	0	0	0	0	0	0	0	0	0	0	0	0	0	0	0	0	0	0	0	0	0	0	0	0	0	0	0	0	0	0	0	0	0	0	0	0	0
0	20	70	169	1	0	98	51	0	0	94	0	6	0	119	0	0	128	354	0	3	110	0	0	182	0	0	0	254	0	103	23	7	29	0	0	0	0	19	13	26	0	55	5	0	0	0	0	0	0	13	0	206	36	92	0	4	1	17	78	0	0	2	0	13	306	161	0	0	3	14	26	0	11	1
0	0	0	27	280	0	11	0	0	0	0	0	0	13	0	37	4	0	2	12	0	1	0	0	0	0	196	0	0	22	0	0	0	0	0	0	0	0	0	0	11	142	6	53	0	0	0	0	0	0	0	0	2	2	0	0	0	1	0	1	0	0	4	0	9	0	1	206	0	69	1	0	17	16	0
0	2	152	2	849	0	2	17	3	0	9	1	121	0	3	0	31	498	60	3	1881	230	0	0	49	0	0	0	15	0	372	1237	26	312	8	0	0	0	780	322	837	147	249	495	0	0	0	0	13	0	0	3	30	4	315	0	3	2	199	364	0	0	1	11	1	26	257	0	0	0	278	542	0	114	0
0	0	0	0	4	0	0	0	0	0	0	0	0	7	0	1	1	6	31	90	0	1	0	0	19	0	0	0	1	1	0	0	0	0	0	0	0	0	0	0	0	0	2	1	0	352	0	0	0	0	3	0	1	23	1	2	0	387	0	0	0	0	41	0	0	0	1	1	0	2	0	2	2	2	0
0	696	412	364	8	0	131	0	0	0	114	0	218	0	20	0	1	15	147	0	11	771	0	0	163	0	0	0	159	18	25	1	0	36	9	0	0	0	9	4	79	1	12	15	0	3	0	0	206	2	30	1	0	508	21	0	150	2	478	24	0	0	0	2	2	149	452	14	0	19	9	9	0	2	0
0	332	31	15	6	0	1	0	0	0	23	0	2	0	166	0	0	345	135	0	2	660	0	0	14	0	0	0	67	4	118	0	0	71	0	0	0	0	48	5	226	0	0	2	4	0	0	0	36	2	4	23	508	0	56	0	184	2	544	15	0	0	0	0	1	1	3	1	0	0	13	2	0	5	6
0	10	52	3	107	0	2	1	0	0	12	0	7	6	35	13	5	315	490	4	39	29	0	0	570	0	35	0	137	1	1	797	7	60	6	0	3	0	183	10	162	0	37	205	0	9	0	0	92	0	315	1	21	56	0	0	3	21	49	8	0	0	0	0	25	569	163	87	0	10	21	103	4	25	4
0	2	0	2	2	0	0	0	0	0	0	1	0	15	0	336	0	0	0	353	0	0	0	0	1	0	72	0	0	480	0	0	65	0	514	0	0	0	0	0	1	0	132	2	0	3	0	0	0	0	0	2	0	0	0	0	0	430	0	0	0	0	134	0	28	1	16	13	0	1	0	0	7	5	0
0	1283	183	29	1	0	7	0	0	0	7	0	31	0	0	0	0	22	20	0	0	223	0	0	18	0	2	0	13	0	0	1	0	1	3	0	0	0	0	0	13	0	11	8	0	0	0	0	4	0	3	0	150	184	3	0	0	0	76	0	0	0	0	0	0	10	73	0	0	0	0	1	0	0	0
0	0	0	0	12	0	0	0	9	0	6	0	3	16	2	171	0	1	2	281	0	1	0	0	3	0	0	0	1	380	0	0	109	5	417	0	7	0	1	1	2	0	9	16	0	503	0	0	1	1	2	387	2	2	21	430	0	0	12	0	0	0	387	9	8	8	3	147	0	11	0	0	0	32	16
0	790	12	35	9	0	0	0	0	0	0	3	0	0	0	5	0	433	110	10	0	391	0	0	139	0	0	0	71	2	0	0	0	8	13	0	0	0	0	0	276	4	12	1	0	0	0	0	17	0	199	0	478	544	49	0	76	12	0	0	0	0	0	0	0	195	119	20	0	4	0	0	0	0	0
0	36	2	5	368	0	1	0	0	0	1	0	0	13	0	0	0	29	194	0	132	46	0	0	41	0	142	0	94	0	0	4	0	0	2	0	0	0	0	0	307	73	17	285	0	0	0	0	78	1	364	0	24	15	8	0	0	0	0	0	0	0	0	0	2	144	42	30	0	181	1	1	0	7	0
0	0	0	0	0	0	0	0	0	0	0	0	0	0	0	0	0	0	0	0	0	0	0	0	0	0	0	0	0	0	0	0	0	0	0	0	0	0	0	0	0	0	0	0	0	0	0	0	0	0	0	0	0	0	0	0	0	0	0	0	0	0	0	0	0	0	0	0	0	0	0	0	0	0	0
0	0	0	0	0	0	0	0	0	0	0	0	0	0	0	0	0	0	0	0	0	0	0	0	0	0	0	0	0	0	0	0	0	0	0	0	0	0	0	0	0	0	0	0	0	0	0	0	0	0	0	0	0	0	0	0	0	0	0	0	0	0	0	0	0	0	0	0	0	0	0	0	0	0	0
0	2	0	11	17	0	0	0	3	0	0	24	0	32	0	332	69	2	1	396	3	1	0	0	4	0	82	0	0	384	0	0	16	0	488	0	8	0	0	0	2	2	27	1	0	60	0	0	2	4	1	41	0	0	0	134	0	387	0	0	0	0	0	7	39	2	0	25	0	58	4	0	29	23	0
0	2	0	11	429	0	0	0	0	0	0	0	0	6	0	2	72	0	8	1	0	0	0	0	4	0	720	0	0	45	0	31	0	0	12	0	0	0	0	0	26	377	1	142	0	0	0	0	0	0	11	0	2	0	0	0	0	9	0	0	0	0	7	0	86	0	3	672	0	433	0	0	15	23	0
0	0	48	44	45	0	0	16	187	0	3	0	1	6	0	19	321	0	9	85	54	0	0	0	2	0	418	0	4	1	7	10	245	5	31	0	269	0	15	12	43	107	40	7	0	5	0	0	13	9	1	0	2	1	25	28	0	8	0	2	0	0	39	86	0	4	3	1500	0	97	40	10	1	139	0
0	17	49	2	5	0	1	146	0	0	73	0	0	1	321	0	0	114	649	0	0	12	0	0	723	0	2	0	320	0	6	742	8	86	24	0	1	0	411	47	40	0	6	38	0	0	0	0	306	0	26	0	149	1	569	1	10	8	195	144	0	0	2	0	4	0	182	0	0	0	12	260	0	8	2
0	314	510	216	111	0	185	6	1	0	342	0	141	1	17	263	9	62	24	1	153	18	0	0	15	0	75	0	10	223	22	200	15	518	1	0	7	0	251	60	113	0	863	40	0	9	0	0	161	1	257	1	452	3	163	16	73	3	119	42	0	0	0	3	3	182	0	42	0	4	503	188	0	12	49
0	0	0	23	82	0	0	0	28	0	2	0	15	64	0	91	380	38	70	213	63	0	0	0	23	0	651	0	3	15	1	0	169	1	30	0	231	0	0	12	122	14	119	25	4	72	0	0	0	206	0	1	14	1	87	13	0	147	20	30	0	0	25	672	1500	0	42	0	0	343	52	4	57	325	15
0	0	0	0	0	0	0	0	0	0	0	0	0	0	0	0	0	0	0	0	0	0	0	0	0	0	0	0	0	0	0	0	0	0	0	0	0	0	0	0	0	0	0	0	0	0	0	0	0	0	0	0	0	0	0	0	0	0	0	0	0	0	0	0	0	0	0	0	0	0	0	0	0	0	0
0	0	1	12	575	0	0	0	34	0	4	0	19	21	0	37	168	0	14	8	7	1	0	0	11	0	415	0	0	1	3	1	58	2	8	0	81	0	7	168	37	343	63	29	0	43	0	0	3	69	0	2	19	0	10	1	0	11	4	181	0	0	58	433	97	0	4	343	0	0	12	3	5	84	6
0	2	173	308	49	0	98	0	0	0	7	0	0	25	0	489	21	7	15	238	955	15	0	0	20	0	4	0	13	645	0	65	3	27	9	0	0	0	0	0	126	0	473	61	0	0	0	0	14	1	278	0	9	13	21	0	0	0	0	1	0	0	4	0	40	12	503	52	0	12	0	6	6	18	0
0	36	10	1	311	0	1	0	0	0	1	3	0	0	0	1	76	222	95	1	723	77	0	0	98	0	0	0	57	0	3	601	0	5	5	0	0	0	5	0	438	0	40	236	0	6	0	0	26	0	542	2	9	2	103	0	1	0	0	1	0	0	0	0	10	260	188	4	0	3	6	0	0	18	0
0	0	0	11	11	0	0	0	0	0	0	0	0	37	0	1	21	0	2	39	60	0	0	0	0	0	70	0	0	0	0	0	10	0	0	0	0	0	0	2	8	38	11	0	0	0	0	0	0	17	0	2	0	0	4	7	0	0	0	0	0	0	29	15	1	0	0	57	0	5	6	0	0	2	0
0	0	3	13	40	0	0	0	21	0	2	0	0	52	3	22	33	13	23	18	165	5	0	0	13	0	150	0	8	2	7	131	26	3	29	0	17	0	24	4	46	58	39	37	0	21	0	0	11	16	114	2	2	5	25	5	0	32	0	7	0	0	23	23	139	8	12	325	0	84	18	18	2	0	2
0	0	0	258	2	0	59	0	0	0	0	0	0	3	0	0	0	0	9	1	2	70	0	0	2	0	2	0	5	0	0	0	0	8	0	0	0	0	0	0	180	0	112	8	0	0	0	0	1	0	0	0	0	6	4	0	0	16	0	0	0	0	0	0	0	2	49	15	0	6	0	0	0	2	0
