0	0	0	0	0	0	0	0	0	0	0	0	0	0	0	0	0	0	0	0	0	0	0	0	0	0	0	0	0	0	0	0	0	0	0	0	0	0	0	0	0	0	0	0	0	0	0	0	0	0	0	0	0	0	0	0	0	0	0	0	0	0	0	0	0	0	0	0	0	0	0	0	0	0	0
0	0	1378	85	3	0	70	0	0	0	638	0	316	0	0	0	0	143	12	0	0	735	0	0	18	0	0	78	42	2	20	2	0	28	0	0	0	0	19	0	10	0	124	8	0	0	0	0	376	0	0	4	1178	123	24	0	2110	0	302	7	0	0	0	0	0	25	284	4	0	0	4	10	0	0	4
0	1378	0	0	1	0	0	0	0	0	2	1	179	0	0	0	0	2	7	0	0	16	0	0	26	0	0	46	15	0	0	0	2	38	0	0	4	0	2	0	0	0	574	7	0	0	0	0	20	0	0	1	504	19	9	0	447	9	8	0	0	0	0	1	43	29	302	19	0	2	244	2	0	1	0
0	85	0	0	0	0	1040	0	124	0	355	0	0	22	0	226	62	6	28	5	9	112	0	0	8	0	18	2	16	45	270	1	40	55	4	0	8	0	3	0	40	31	385	2	0	232	0	0	74	30	0	1	306	7	1	0	9	11	10	13	0	0	14	14	26	4	35	50	0	3	70	1	10	5	230
0	3	1	0	0	0	0	0	14	0	3	3	0	1	0	2	7	187	150	6	76	4	0	0	81	0	1	98	316	3	2	338	18	16	1	0	21	0	321	6	10	170	19	335	0	2	0	0	12	32	0	5	7	0	163	1	1	23	1	144	0	0	1	168	17	112	3	30	0	3	2	259	1	0	0
0	0	0	0	0	0	0	0	0	0	0	0	0	0	0	0	0	0	0	0	0	0	0	0	0	0	0	0	0	0	0	0	0	0	0	0	0	0	0	0	0	0	0	0	0	0	0	0	0	0	0	0	0	0	0	0	0	0	0	0	0	0	0	0	0	0	0	0	0	0	0	0	0	0	0
0	70	0	1040	0	0	0	0	0	0	103	0	0	10	0	48	0	0	2	0	0	38	0	0	0	0	0	0	2	5	81	0	0	56	0	0	3	0	0	0	7	0	107	0	0	85	0	0	24	0	0	0	60	1	0	0	11	3	0	10	0	0	0	0	0	1	34	0	0	0	72	0	0	0	61
0	0	0	0	0	0	0	0	0	0	0	0	0	0	0	0	0	0	0	0	0	0	0	0	0	0	0	0	0	0	0	0	0	0	0	0	0	0	0	0	0	0	0	0	0	0	0	0	0	0	0	0	0	0	0	0	0	0	0	0	0	0	0	0	0	0	0	0	0	0	0	0	0	0	0
0	0	0	124	14	0	0	0	0	0	0	0	0	16	0	6	89	0	0	4	134	0	0	0	0	0	9	0	0	0	0	0	178	0	4	0	0	0	0	0	3	0	2	3	0	0	0	0	0	0	0	0	0	0	1	0	0	0	0	0	0	0	0	10	193	1	2	18	0	14	0	0	0	0	0
0	0	0	0	0	0	0	0	0	0	0	0	0	0	0	0	0	0	0	0	0	0	0	0	0	0	0	0	0	0	0	0	0	0	0	0	0	0	0	0	0	0	0	0	0	0	0	0	0	0	0	0	0	0	0	0	0	0	0	0	0	0	0	0	0	0	0	0	0	0	0	0	0	0	0
0	638	2	355	3	0	103	0	0	0	0	0	0	21	0	216	0	0	15	25	0	0	0	0	5	0	0	3	18	7	1	0	1	0	0	0	0	0	1	0	19	0	192	2	0	9	0	0	194	0	0	0	121	0	0	0	42	1	0	13	0	0	0	0	0	1	172	0	0	0	100	0	0	0	8
0	0	1	0	3	0	0	0	0	0	0	0	0	1	0	4	0	6	1	4	0	0	0	0	0	0	0	0	0	0	0	0	8	0	162	0	0	0	0	0	5	0	2	0	0	0	0	0	0	0	0	0	0	0	1	0	0	37	0	0	0	0	0	9	0	0	0	8	0	4	0	8	0	0	0
0	316	179	0	0	0	0	0	0	0	0	0	0	0	0	7	0	0	1	0	0	6	0	0	1	0	0	0	2	0	0	0	25	0	0	0	0	0	0	0	4	0	9	9	0	0	0	0	0	0	0	0	151	0	0	0	104	0	0	2	0	0	0	1	0	0	164	23	0	2	3	0	0	0	0
0	0	0	22	1	0	10	0	16	0	21	1	0	0	0	35	11	1	7	52	0	0	0	0	2	0	0	0	0	77	5	1	17	1	1	0	14	0	0	0	31	0	44	11	750	88	0	0	27	9	0	27	0	0	25	2	1	36	8	1	0	0	21	57	7	0	2	139	0	58	9	1	0	10	2
0	0	0	0	0	0	0	0	0	0	0	0	0	0	0	0	0	0	0	0	0	0	0	0	0	0	0	0	0	0	0	0	0	0	0	0	0	0	0	0	0	0	0	0	0	0	0	0	0	0	0	0	0	0	0	0	0	0	0	0	0	0	0	0	0	0	0	0	0	0	0	0	0	0	0
0	0	0	226	2	0	48	0	6	0	216	4	7	35	0	0	417	0	7	661	0	0	0	0	0	0	0	20	1	491	0	0	461	167	26	0	32	0	4	10	23	0	632	7	0	503	0	0	1	16	0	0	1	0	2	326	0	145	16	0	0	0	260	1	26	13	169	105	0	0	64	0	0	37	0
0	0	0	62	7	0	0	0	89	0	0	0	0	11	0	417	0	10	0	496	350	0	0	0	0	0	214	9	0	88	4	0	137	15	2	0	0	0	2	25	147	0	84	10	0	241	0	0	0	6	1	20	0	0	5	5	0	14	0	0	0	0	103	378	73	1	28	145	0	73	1	7	0	9	0
0	143	2	6	187	0	0	0	0	0	0	6	0	1	0	0	10	0	75	1	332	24	0	0	228	0	25	469	449	0	35	34	20	15	0	0	1	0	133	1	366	1	38	103	0	1	0	0	11	1	0	1	29	68	88	0	14	0	2	31	0	0	0	3	4	27	79	23	0	2	12	70	0	2	0
0	12	7	28	150	0	2	0	0	0	15	1	1	7	0	7	0	75	0	2	12	53	0	0	517	0	9	91	1005	0	310	199	12	271	0	0	10	0	731	28	54	0	28	283	0	4	0	0	16	11	0	12	228	2	369	1	6	30	117	245	0	0	1	14	0	647	5	2	0	2	31	254	0	9	13
0	0	0	5	6	0	0	0	4	0	25	4	0	52	0	661	496	1	2	0	6	0	0	0	1	0	4	1	3	482	38	1	403	169	0	0	25	0	3	11	23	1	310	4	0	538	0	0	0	18	0	6	1	0	9	261	0	153	0	0	0	0	474	21	39	2	4	62	0	2	89	0	2	16	3
0	0	0	9	76	0	0	0	134	0	0	0	0	0	0	0	350	332	12	6	0	6	0	0	1	0	0	219	0	0	432	52	9	228	0	0	0	0	49	0	104	0	134	96	0	0	0	0	3	4	0	0	0	0	18	0	0	18	0	10	0	0	0	4	0	1	17	3	0	0	66	90	0	8	0
0	735	16	112	4	0	38	0	0	0	0	0	6	0	0	0	0	24	53	0	6	0	0	0	109	0	4	122	149	0	50	1	0	6	0	0	0	0	6	0	99	0	0	1	0	0	0	0	18	0	0	0	344	0	0	0	127	1	12	10	0	0	0	0	0	10	3	0	0	1	2	1	0	1	7
0	0	0	0	0	0	0	0	0	0	0	0	0	0	0	0	0	0	0	0	0	0	0	0	0	0	0	0	0	0	0	0	0	0	0	0	0	0	0	0	0	0	0	0	0	0	0	0	0	0	0	0	0	0	0	0	0	0	0	0	0	0	0	0	0	0	0	0	0	0	0	0	0	0	0
0	0	0	0	0	0	0	0	0	0	0	0	0	0	0	0	0	0	0	0	0	0	0	0	0	0	0	0	0	0	0	0	0	0	0	0	0	0	0	0	0	0	0	0	0	0	0	0	0	0	0	0	0	0	0	0	0	0	0	0	0	0	0	0	0	0	0	0	0	0	0	0	0	0	0
0	18	26	8	81	0	0	0	0	0	5	0	1	2	0	0	0	228	517	1	1	109	0	0	0	0	3	144	986	1	166	119	5	390	0	0	1	0	725	18	41	0	20	8	0	2	0	0	14	28	0	5	215	0	512	1	7	26	82	66	0	0	0	0	1	746	23	20	0	1	4	206	0	36	7
0	0	0	0	0	0	0	0	0	0	0	0	0	0	0	0	0	0	0	0	0	0	0	0	0	0	0	0	0	0	0	0	0	0	0	0	0	0	0	0	0	0	0	0	1	0	0	0	0	0	0	0	0	0	0	0	0	0	0	0	0	0	0	0	0	0	0	0	0	0	0	0	0	0	0
0	0	0	18	1	0	0	0	9	0	0	0	0	0	0	0	214	25	9	4	0	4	0	0	3	0	0	5	88	0	26	3	61	3	1	0	79	0	29	0	110	38	21	22	0	7	0	0	0	131	0	35	1	0	4	12	0	24	5	7	0	0	1	372	182	0	30	149	0	302	0	44	67	11	0
0	78	46	2	98	0	0	0	0	0	3	0	0	0	0	20	9	469	91	1	219	122	0	0	144	0	5	0	446	0	302	75	18	400	0	0	0	0	589	33	580	0	60	27	0	0	0	0	7	3	0	1	50	107	158	0	5	3	53	62	0	0	0	0	0	31	61	0	0	0	18	207	0	35	3
0	42	15	16	316	0	2	0	0	0	18	0	2	0	0	1	0	449	1005	3	0	149	0	0	986	0	88	446	0	0	694	107	16	262	0	0	1	0	679	6	427	0	72	22	0	0	0	0	16	39	0	5	241	129	345	0	26	30	137	179	0	0	1	1	3	490	98	0	0	1	5	375	0	34	8
0	2	0	45	3	0	5	0	0	0	7	0	0	77	0	491	88	0	0	482	0	0	0	0	1	0	0	0	0	0	0	0	345	0	285	0	0	0	0	0	12	0	433	2	0	0	0	0	17	0	0	0	11	0	0	0	0	200	0	0	0	0	0	4	91	0	129	133	0	5	26	0	0	0	0
0	20	0	270	2	0	81	0	0	0	1	0	0	5	0	0	4	35	310	38	432	50	0	0	166	0	26	302	694	0	0	0	0	0	0	0	0	0	0	0	469	0	15	19	0	0	0	0	63	0	0	0	99	153	1	0	1	0	0	45	0	0	0	2	1	1	1	0	0	0	7	1	0	0	0
0	2	0	1	338	0	0	0	0	0	0	0	0	1	0	0	0	34	199	1	52	1	0	0	119	0	3	75	107	0	0	0	11	0	0	0	0	0	232	0	59	0	4	771	0	0	0	0	2	0	0	0	1	2	42	0	0	0	0	86	0	0	0	2	0	68	118	0	0	1	5	164	0	0	0
0	0	2	40	18	0	0	0	178	0	1	8	25	17	0	461	137	20	12	403	9	0	0	0	5	0	61	18	16	345	0	11	0	13	754	0	220	0	16	0	4	42	427	23	0	258	0	0	9	108	0	5	0	0	179	231	0	345	2	12	0	0	242	205	646	7	19	375	0	31	95	8	7	144	10
0	28	38	55	16	0	56	0	0	0	0	0	0	1	0	167	15	15	271	169	228	6	0	0	390	0	3	400	262	0	0	0	13	0	0	0	0	0	234	0	44	0	114	288	0	0	0	0	38	0	0	0	10	7	15	0	0	0	0	29	0	0	0	1	0	190	246	1	0	1	12	23	0	0	0
0	0	0	4	1	0	0	0	4	0	0	162	0	1	0	26	2	0	0	0	0	0	0	0	0	0	1	0	0	285	0	0	754	0	0	0	19	0	0	1	2	2	2	0	0	10	0	0	0	1	0	0	0	0	9	488	0	808	0	1	0	0	567	16	23	0	0	24	0	1	3	0	1	11	0
0	0	0	0	0	0	0	0	0	0	0	0	0	0	0	0	0	0	0	0	0	0	0	0	0	0	0	0	0	0	0	0	0	0	0	0	0	0	0	0	0	0	0	0	0	0	0	0	0	0	0	0	0	0	0	0	0	0	0	0	0	0	0	0	0	0	0	0	0	0	0	0	0	0	0
0	0	4	8	21	0	3	0	0	0	0	0	0	14	0	32	0	1	10	25	0	0	0	0	1	0	79	0	1	0	0	0	220	0	19	0	0	0	0	0	56	0	5	3	0	0	0	0	39	1	0	0	0	0	1	0	0	1	0	0	0	0	0	149	690	7	7	478	0	14	0	0	0	0	0
0	0	0	0	0	0	0	0	0	0	0	0	0	0	0	0	0	0	0	0	0	0	0	0	0	0	0	0	0	0	0	0	0	0	0	0	0	0	0	0	0	0	0	0	0	0	0	0	0	0	0	0	0	0	0	0	0	0	0	0	0	0	0	0	0	0	0	0	0	0	0	0	0	0	0
0	19	2	3	321	0	0	0	0	0	1	0	0	0	0	4	2	133	731	3	49	6	0	0	725	0	29	589	679	0	0	232	16	234	0	0	0	0	0	30	192	0	79	1145	0	0	0	0	8	21	0	1	41	43	270	0	3	1	0	380	0	0	0	403	1	549	158	0	0	7	22	420	0	51	2
0	0	0	0	6	0	0	0	0	0	0	0	0	0	0	10	25	1	28	11	0	0	0	0	18	0	0	33	6	0	0	0	0	0	1	0	0	0	30	0	111	0	5	62	0	0	0	0	0	0	0	0	2	0	3	0	0	0	0	98	0	0	0	10	0	0	1	9	0	23	8	1	0	0	0
0	10	0	40	10	0	7	0	3	0	19	5	4	31	0	23	147	366	54	23	104	99	0	0	41	0	110	580	427	12	469	59	4	44	2	0	56	0	192	111	0	15	192	119	0	286	0	0	36	14	0	35	35	3	82	2	3	41	27	404	0	0	20	95	21	22	17	86	0	29	19	371	42	54	306
0	0	0	31	170	0	0	0	0	0	0	0	0	0	0	0	0	1	0	1	0	0	0	0	0	0	38	0	0	0	0	0	42	0	2	0	0	0	0	0	15	0	1	37	0	0	0	0	0	0	0	0	0	0	0	0	0	0	0	0	0	0	0	416	131	0	0	38	0	208	0	0	0	0	0
0	124	574	385	19	0	107	0	2	0	192	2	9	44	0	632	84	38	28	310	134	0	0	0	20	0	21	60	72	433	15	4	427	114	2	0	5	0	79	5	192	1	0	110	0	259	0	0	281	7	0	0	5	1	15	63	17	1	0	39	0	0	61	53	29	6	435	105	0	16	262	29	6	10	84
0	8	7	2	335	0	0	0	3	0	2	0	9	11	0	7	10	103	283	4	96	1	0	0	8	0	22	27	22	2	19	771	23	288	0	0	3	0	1145	62	119	37	110	0	0	2	0	0	3	109	0	0	17	108	530	0	1	56	44	1028	0	0	1	454	7	289	19	31	0	17	6	724	0	279	10
0	0	0	0	0	0	0	0	0	0	0	0	0	750	0	0	0	0	0	0	0	0	0	0	0	1	0	0	0	0	0	0	0	0	0	0	0	0	0	0	0	0	0	0	0	0	0	0	0	0	0	0	0	0	0	0	0	0	0	0	0	0	0	0	0	0	0	1	0	0	0	0	0	0	0
0	0	0	232	2	0	85	0	0	0	9	0	0	88	0	503	241	1	4	538	0	0	0	0	2	0	7	0	0	0	0	0	258	0	10	0	0	0	0	0	286	0	259	2	0	0	0	0	8	0	0	0	0	0	0	0	0	152	0	15	0	0	0	2	10	1	0	53	0	28	8	0	2	0	0
0	0	0	0	0	0	0	0	0	0	0	0	0	0	0	0	0	0	0	0	0	0	0	0	0	0	0	0	0	0	0	0	0	0	0	0	0	0	0	0	0	0	0	0	0	0	0	0	0	0	0	0	0	0	0	0	0	0	0	0	0	0	0	0	0	0	0	0	0	0	0	0	0	0	0
0	0	0	0	0	0	0	0	0	0	0	0	0	0	0	0	0	0	0	0	0	0	0	0	0	0	0	0	0	0	0	0	0	0	0	0	0	0	0	0	0	0	0	0	0	0	0	0	0	0	0	0	0	0	0	0	0	0	0	0	0	0	0	0	0	0	0	0	0	0	0	0	0	0	0
0	376	20	74	12	0	24	0	0	0	194	0	0	27	0	1	0	11	16	0	3	18	0	0	14	0	0	7	16	17	63	2	9	38	0	0	39	0	8	0	36	0	281	3	0	8	0	0	0	34	0	19	315	31	20	0	119	6	4	8	0	0	1	0	0	41	28	48	0	2	17	0	0	2	40
0	0	0	30	32	0	0	0	0	0	0	0	0	9	0	16	6	1	11	18	4	0	0	0	28	0	131	3	39	0	0	0	108	0	1	0	1	0	21	0	14	0	7	109	0	0	0	0	34	0	0	0	11	0	12	0	0	0	0	125	0	0	0	359	25	6	4	321	0	249	0	0	0	0	0
0	0	0	0	0	0	0	0	0	0	0	0	0	0	0	0	1	0	0	0	0	0	0	0	0	0	0	0	0	0	0	0	0	0	0	0	0	0	0	0	0	0	0	0	0	0	0	0	0	0	0	0	0	0	0	0	0	0	0	0	0	0	0	0	0	0	0	0	0	0	0	0	0	0	0
0	4	1	1	5	0	0	0	0	0	0	0	0	27	0	0	20	1	12	6	0	0	0	0	5	0	35	1	5	0	0	0	5	0	0	0	0	0	1	0	35	0	0	0	0	0	0	0	19	0	0	0	0	0	5	0	0	144	0	0	0	0	0	0	0	9	1	4	0	11	0	0	0	0	0
0	1178	504	306	7	0	60	0	0	0	121	0	151	0	0	1	0	29	228	1	0	344	0	0	215	0	1	50	241	11	99	1	0	10	0	0	0	0	41	2	35	0	5	17	0	0	0	0	315	11	0	0	0	239	12	0	325	1	182	42	0	0	0	9	1	81	56	2	0	5	10	9	0	0	0
0	123	19	7	0	0	1	0	0	0	0	0	0	0	0	0	0	68	2	0	0	0	0	0	0	0	0	107	129	0	153	2	0	7	0	0	0	0	43	0	3	0	1	108	0	0	0	0	31	0	0	0	239	0	18	0	121	1	0	68	0	0	0	0	0	0	3	0	0	0	1	80	0	0	0
0	24	9	1	163	0	0	0	1	0	0	1	0	25	0	2	5	88	369	9	18	0	0	0	512	0	4	158	345	0	1	42	179	15	9	0	1	0	270	3	82	0	15	530	0	0	0	0	20	12	0	5	12	18	0	0	2	17	0	27	0	0	4	50	84	190	83	247	0	67	7	179	0	3	1
0	0	0	0	1	0	0	0	0	0	0	0	0	2	0	326	5	0	1	261	0	0	0	0	1	0	12	0	0	0	0	0	231	0	488	0	0	0	0	0	2	0	63	0	0	0	0	0	0	0	0	0	0	0	0	0	0	42	0	0	0	0	0	0	8	1	21	2	0	5	0	0	0	0	0
0	2110	447	9	1	0	11	0	0	0	42	0	104	1	0	0	0	14	6	0	0	127	0	0	7	0	0	5	26	0	1	0	0	0	0	0	0	0	3	0	3	0	17	1	0	0	0	0	119	0	0	0	325	121	2	0	0	0	91	1	0	0	0	0	0	4	190	2	0	0	4	1	0	0	0
0	0	9	11	23	0	3	0	0	0	1	37	0	36	0	145	14	0	30	153	18	1	0	0	26	0	24	3	30	200	0	0	345	0	808	0	1	0	1	0	41	0	1	56	0	152	0	0	6	0	0	144	1	1	17	42	0	0	0	3	0	0	81	95	46	10	7	141	0	39	0	0	0	0	1
0	302	8	10	1	0	0	0	0	0	0	0	0	8	0	16	0	2	117	0	0	12	0	0	82	0	5	53	137	0	0	0	2	0	0	0	0	0	0	0	27	0	0	44	0	0	0	0	4	0	0	0	182	0	0	0	91	0	0	10	0	0	0	2	0	31	0	0	0	4	2	0	0	0	0
0	7	0	13	144	0	10	0	0	0	13	0	2	1	0	0	0	31	245	0	10	10	0	0	66	0	7	62	179	0	45	86	12	29	1	0	0	0	380	98	404	0	39	1028	0	15	0	0	8	125	0	0	42	68	27	0	1	3	10	0	0	0	0	719	2	216	31	14	0	929	13	293	0	149	7
0	0	0	0	0	0	0	0	0	0	0	0	0	0	0	0	0	0	0	0	0	0	0	0	0	0	0	0	0	0	0	0	0	0	0	0	0	0	0	0	0	0	0	0	0	0	0	0	0	0	0	0	0	0	0	0	0	0	0	0	0	0	0	0	0	0	0	0	0	0	0	0	0	0	0
0	0	0	0	0	0	0	0	0	0	0	0	0	0	0	0	0	0	0	0	0	0	0	0	0	0	0	0	0	0	0	0	0	0	0	0	0	0	0	0	0	0	0	0	0	0	0	0	0	0	0	0	0	0	0	0	0	0	0	0	0	0	0	0	0	0	0	0	0	0	0	0	0	0	0
0	0	0	14	1	0	0	0	0	0	0	0	0	21	0	260	103	0	1	474	0	0	0	0	0	0	1	0	1	0	0	0	242	0	567	0	0	0	0	0	20	0	61	1	0	0	0	0	1	0	0	0	0	0	4	0	0	81	0	0	0	0	0	14	9	1	4	6	0	29	0	0	0	0	0
0	0	1	14	168	0	0	0	10	0	0	9	1	57	0	1	378	3	14	21	4	0	0	0	0	0	372	0	1	4	2	2	205	1	16	0	149	0	403	10	95	416	53	454	0	2	0	0	0	359	0	0	9	0	50	0	0	95	2	719	0	0	14	0	182	6	3	1239	0	1256	26	56	73	371	6
0	0	43	26	17	0	0	0	193	0	0	0	0	7	0	26	73	4	0	39	0	0	0	0	1	0	182	0	3	91	1	0	646	0	23	0	690	0	1	0	21	131	29	7	0	10	0	0	0	25	0	0	1	0	84	8	0	46	0	2	0	0	9	182	0	2	5	1635	0	66	2	2	0	261	0
0	25	29	4	112	0	1	0	1	0	1	0	0	0	0	13	1	27	647	2	1	10	0	0	746	0	0	31	490	0	1	68	7	190	0	0	7	0	549	0	22	0	6	289	0	1	0	0	41	6	0	9	81	0	190	1	4	10	31	216	0	0	1	6	2	0	29	17	0	3	4	87	0	3	2
0	284	302	35	3	0	34	0	2	0	172	0	164	2	0	169	28	79	5	4	17	3	0	0	23	0	30	61	98	129	1	118	19	246	0	0	7	0	158	1	17	0	435	19	0	0	0	0	28	4	0	1	56	3	83	21	190	7	0	31	0	0	4	3	5	29	0	36	0	1	37	127	0	80	11
0	4	19	50	30	0	0	0	18	0	0	8	23	139	0	105	145	23	2	62	3	0	0	0	20	0	149	0	0	133	0	0	375	1	24	0	478	0	0	9	86	38	105	31	1	53	0	0	48	321	0	4	2	0	247	2	2	141	0	14	0	0	6	1239	1635	17	36	0	0	489	24	1	6	154	14
0	0	0	0	0	0	0	0	0	0	0	0	0	0	0	0	0	0	0	0	0	0	0	0	0	0	0	0	0	0	0	0	0	0	0	0	0	0	0	0	0	0	0	0	0	0	0	0	0	0	0	0	0	0	0	0	0	0	0	0	0	0	0	0	0	0	0	0	0	0	0	0	0	0	0
0	0	2	3	3	0	0	0	14	0	0	4	2	58	0	0	73	2	2	2	0	1	0	0	1	0	302	0	1	5	0	1	31	1	1	0	14	0	7	23	29	208	16	17	0	28	0	0	2	249	0	11	5	0	67	5	0	39	4	929	0	0	29	1256	66	3	1	489	0	0	2	0	62	59	0
0	4	244	70	2	0	72	0	0	0	100	0	3	9	0	64	1	12	31	89	66	2	0	0	4	0	0	18	5	26	7	5	95	12	3	0	0	0	22	8	19	0	262	6	0	8	0	0	17	0	0	0	10	1	7	0	4	0	2	13	0	0	0	26	2	4	37	24	0	2	0	18	0	4	5
0	10	2	1	259	0	0	0	0	0	0	8	0	1	0	0	7	70	254	0	90	1	0	0	206	0	44	207	375	0	1	164	8	23	0	0	0	0	420	1	371	0	29	724	0	0	0	0	0	0	0	0	9	80	179	0	1	0	0	293	0	0	0	56	2	87	127	1	0	0	18	0	1	0	0
0	0	0	10	1	0	0	0	0	0	0	0	0	0	0	0	0	0	0	2	0	0	0	0	0	0	67	0	0	0	0	0	7	0	1	0	0	0	0	0	42	0	6	0	0	2	0	0	0	0	0	0	0	0	0	0	0	0	0	0	0	0	0	73	0	0	0	6	0	62	0	1	0	4	0
0	0	1	5	0	0	0	0	0	0	0	0	0	10	0	37	9	2	9	16	8	1	0	0	36	0	11	35	34	0	0	0	144	0	11	0	0	0	51	0	54	0	10	279	0	0	0	0	2	0	0	0	0	0	3	0	0	0	0	149	0	0	0	371	261	3	80	154	0	59	4	0	4	0	0
0	4	0	230	0	0	61	0	0	0	8	0	0	2	0	0	0	0	13	3	0	7	0	0	7	0	0	3	8	0	0	0	10	0	0	0	0	0	2	0	306	0	84	10	0	0	0	0	40	0	0	0	0	0	1	0	0	1	0	7	0	0	0	6	0	2	11	14	0	0	5	0	0	0	0
