0	0	0	0	0	0	0	0	0	0	0	0	0	0	0	0	0	0	0	0	0	0	0	0	0	0	0	0	0	0	0	0	0	0	0	0	0	0	0	0	0	0	0	0	0	0	0	0	0	0	0	0	0	0	0	0	0	0	0	0	0	0	0	0	0	0	0	0	0	0	0	0	0	0	0
0	0	867	82	0	0	0	2	0	0	350	0	384	0	14	0	0	182	41	0	0	1057	0	0	4	0	0	0	0	0	2	0	0	20	0	0	0	0	2	0	46	0	114	0	0	0	0	0	266	0	2	0	944	368	10	2	1381	0	1102	36	0	0	2	2	0	19	315	0	0	0	48	38	0	0	2
0	867	0	27	5	0	0	1	0	0	1	0	134	0	1	2	0	99	25	0	248	91	0	0	31	9	0	0	103	0	0	223	4	26	0	0	1	0	11	2	59	1	407	25	0	0	0	0	91	0	218	0	439	31	72	0	273	0	13	2	0	0	0	0	48	64	560	0	0	2	95	9	0	3	0
0	82	27	0	5	0	278	1	178	0	590	0	1	8	6	307	83	2	17	8	52	258	0	0	7	0	2	0	18	31	243	0	57	102	2	0	0	0	4	13	79	63	580	1	0	191	0	0	161	27	2	0	354	15	3	2	29	0	35	37	0	0	11	11	44	1	216	23	0	12	302	1	11	13	257
0	0	5	5	0	0	0	5	21	0	2	0	25	30	3	8	13	20	24	11	67	2	0	0	7	4	49	0	1	0	7	250	33	81	5	0	11	0	782	485	146	212	175	1215	1	9	0	0	5	281	796	9	13	6	104	2	1	12	10	431	0	0	35	429	57	5	103	82	0	703	49	318	16	41	2
0	0	0	0	0	0	0	0	0	0	0	0	0	0	0	0	0	0	0	0	0	0	0	0	0	0	0	0	0	0	0	0	0	0	0	0	0	0	0	0	0	0	0	0	0	0	0	0	0	0	0	0	0	0	0	0	0	0	0	0	0	0	0	0	0	0	0	0	0	0	0	0	0	0	0
0	0	0	278	0	0	0	0	0	0	76	0	0	4	3	21	0	2	7	0	0	64	0	0	3	0	0	0	0	14	54	0	0	29	0	0	0	0	0	0	26	0	170	0	0	95	0	0	98	11	2	0	131	1	2	0	7	0	0	1	0	0	0	0	0	1	185	0	0	0	98	1	0	0	59
0	2	1	1	5	0	0	0	0	0	0	0	0	1	0	0	0	48	248	0	4	0	0	0	185	0	0	0	214	0	0	157	0	2	1	0	0	0	0	0	3	0	0	170	0	0	0	0	52	0	17	0	1	1	13	0	0	0	0	0	0	0	0	0	16	248	82	0	0	0	0	0	0	0	0
0	0	0	178	21	0	0	0	0	0	0	0	0	3	0	14	234	3	2	67	506	1	0	0	0	5	110	0	0	3	0	0	0	0	11	0	0	0	0	0	2	54	0	2	0	0	0	0	13	0	3	0	0	0	0	0	0	9	0	0	0	0	3	0	186	0	3	29	0	35	0	0	0	21	0
0	0	0	0	0	0	0	0	0	0	0	0	0	0	0	0	0	0	0	0	0	0	0	0	0	0	0	0	0	0	0	0	0	0	0	0	0	0	0	0	0	0	0	0	0	0	0	0	0	0	0	0	0	0	0	0	0	0	0	0	0	0	0	0	0	0	0	0	0	0	0	0	0	0	0
0	350	1	590	2	0	76	0	0	0	0	0	0	71	0	587	0	2	205	23	0	65	0	0	83	1	0	0	59	491	0	0	0	50	0	0	0	0	0	0	55	0	436	0	0	48	0	0	210	0	1	0	152	23	11	0	48	6	0	0	0	0	0	0	3	58	343	2	0	4	7	1	0	2	0
0	0	0	0	0	0	0	0	0	0	0	0	0	1	0	3	0	19	5	1	0	0	0	0	0	0	0	0	0	0	0	0	0	0	0	0	8	0	0	0	0	0	0	0	0	0	0	0	0	0	0	0	0	0	0	1	0	0	3	0	0	0	0	0	0	0	0	0	0	1	0	3	0	0	0
0	384	134	1	25	0	0	0	0	0	0	0	0	8	0	0	10	1	3	0	20	7	0	0	2	0	28	0	0	0	0	1	0	0	0	0	0	0	0	0	10	0	17	2	0	0	0	0	6	0	121	0	218	2	7	0	31	3	0	0	0	0	0	0	1	0	141	15	0	19	0	0	0	0	0
0	0	0	8	30	0	4	1	3	0	71	1	8	0	0	68	60	3	1	130	1	0	0	0	0	15	52	0	1	49	3	0	20	4	0	0	2	0	0	0	30	9	88	3	702	132	0	0	60	14	0	15	0	0	7	15	0	21	1	14	0	0	55	6	28	2	1	70	0	26	25	0	62	84	10
0	14	1	6	3	0	3	0	0	0	0	0	0	0	0	1	0	19	514	0	0	26	0	0	336	0	0	0	130	0	0	0	0	6	0	0	0	0	0	0	33	0	0	1	0	0	0	0	119	0	2	0	3	166	32	0	0	2	0	0	0	0	0	0	0	284	16	0	0	0	0	0	0	3	0
0	0	2	307	8	0	21	0	14	0	587	3	0	68	1	0	341	2	2	768	7	0	0	0	17	1	113	0	4	1050	0	1	423	308	59	0	3	0	2	2	6	1	689	11	1	689	0	0	4	41	0	1	13	0	14	360	0	245	29	0	0	0	478	2	19	0	263	99	0	37	601	3	8	22	0
0	0	0	83	13	0	0	0	234	0	0	0	10	60	0	341	0	3	31	684	1029	0	0	0	1	6	444	0	0	281	32	0	19	32	12	0	0	0	0	0	569	25	51	4	2	635	0	0	8	4	32	1	0	0	4	0	0	0	0	0	0	0	65	72	265	1	13	381	0	190	21	65	21	16	0
0	182	99	2	20	0	2	48	3	0	2	19	1	3	19	2	3	0	159	1	761	266	0	0	43	18	0	0	320	0	367	43	1	144	5	0	0	0	370	8	773	3	22	30	0	8	0	0	158	1	528	6	18	359	312	0	29	1	410	29	0	0	2	0	1	100	97	38	0	0	1	213	0	13	0
0	41	25	17	24	0	7	248	2	0	205	5	3	1	514	2	31	159	0	1	19	102	0	0	643	3	0	0	840	2	256	741	5	67	0	0	13	0	856	50	165	0	22	260	0	4	0	0	404	2	64	32	231	136	668	0	30	2	150	208	0	0	1	8	9	1007	65	70	0	15	21	171	2	23	22
0	0	0	8	11	0	0	0	67	0	23	1	0	130	0	768	684	1	1	0	41	1	0	0	36	0	75	0	0	918	1	0	282	128	107	0	0	0	1	0	13	5	353	1	14	770	0	0	3	21	4	92	18	0	4	354	0	308	51	0	0	0	528	1	173	0	3	231	0	13	241	2	100	25	1
0	0	248	52	67	0	0	4	506	0	0	0	20	1	0	7	1029	761	19	41	0	64	0	0	6	23	14	0	4	1	1220	460	130	322	9	0	4	0	8	58	1105	12	472	81	0	4	0	0	5	0	2017	0	14	2	42	0	2	0	4	96	0	0	0	0	53	0	236	63	0	4	948	633	60	165	2
0	1057	91	258	2	0	64	0	1	0	65	0	7	0	26	0	0	266	102	1	64	0	0	0	38	0	0	0	107	3	363	0	0	80	0	0	0	0	8	18	542	0	0	2	0	1	0	0	212	1	229	7	756	708	29	0	313	1	356	46	0	0	1	0	0	16	18	0	0	1	17	78	0	5	71
0	0	0	0	0	0	0	0	0	0	0	0	0	0	0	0	0	0	0	0	0	0	0	0	0	0	0	0	0	0	0	0	0	0	0	0	0	0	0	0	0	0	0	0	0	0	0	0	0	0	0	0	0	0	0	0	0	0	0	0	0	0	0	0	0	0	0	0	0	0	0	0	0	0	0
0	0	0	0	0	0	0	0	0	0	0	0	0	0	0	0	0	0	0	0	0	0	0	0	0	0	0	0	0	0	0	0	0	0	0	0	0	0	0	0	0	0	0	0	0	0	0	0	0	0	0	0	0	0	0	0	0	0	0	0	0	0	0	0	0	0	0	0	0	0	0	0	0	0	0
0	4	31	7	7	0	3	185	0	0	83	0	2	0	336	17	1	43	643	36	6	38	0	0	0	1	0	0	315	7	141	44	0	21	0	0	0	0	579	31	66	0	18	10	0	0	0	0	188	0	51	5	182	15	517	2	29	3	152	44	0	0	2	4	2	605	84	24	0	11	38	231	0	13	2
0	0	9	0	4	0	0	0	5	0	1	0	0	15	0	1	6	18	3	0	23	0	0	0	1	0	0	0	0	1	5	17	4	3	0	0	0	0	0	0	0	3	13	0	4	1	0	0	11	0	16	6	0	0	9	0	0	0	2	3	0	0	1	0	5	4	46	0	0	0	21	14	0	9	11
0	0	0	2	49	0	0	0	110	0	0	0	28	52	0	113	444	0	0	75	14	0	0	0	0	0	0	0	0	0	0	1	28	0	0	0	134	0	0	62	0	138	47	3	2	86	0	0	0	118	0	0	0	0	30	72	2	0	0	142	0	0	68	542	361	0	75	645	0	415	4	0	69	140	2
0	0	0	0	0	0	0	0	0	0	0	0	0	0	0	0	0	0	0	0	0	0	0	0	0	0	0	0	0	0	0	0	0	0	0	0	0	0	0	0	0	0	0	0	0	0	0	0	0	0	0	0	0	0	0	0	0	0	0	0	0	0	0	0	0	0	0	0	0	0	0	0	0	0	0
0	0	103	18	1	0	0	214	0	0	59	0	0	1	130	4	0	320	840	0	4	107	0	0	315	0	0	0	0	2	305	7	2	49	0	0	1	0	160	47	219	0	29	13	0	0	0	0	359	0	46	34	183	68	179	0	27	1	51	107	0	0	0	0	4	338	23	3	0	1	22	49	0	9	5
0	0	0	31	0	0	14	0	3	0	491	0	0	49	0	1050	281	0	2	918	1	3	0	0	7	1	0	0	2	0	0	0	475	287	363	0	2	0	0	7	3	0	937	1	2	1030	0	0	0	22	0	1	18	4	1	535	0	667	2	0	0	0	626	28	1	0	223	15	0	2	672	1	0	2	0
0	2	0	243	7	0	54	0	0	0	0	0	0	3	0	0	32	367	256	1	1220	363	0	0	141	5	0	0	305	0	0	0	0	3	0	0	0	0	0	0	693	0	18	2	0	0	0	0	131	0	370	0	12	119	2	0	0	0	0	0	0	0	0	0	7	5	32	1	0	3	2	5	0	7	0
0	0	223	0	250	0	0	157	0	0	0	0	1	0	0	1	0	43	741	0	460	0	0	0	44	17	1	0	7	0	0	0	7	88	9	0	0	0	1108	8	83	7	15	916	0	0	0	0	23	0	1324	0	1	0	868	0	1	0	1	8	0	0	0	31	10	826	431	1	0	1	65	716	0	127	0
0	0	4	57	33	0	0	0	0	0	0	0	0	20	0	423	19	1	5	282	130	0	0	0	0	4	28	0	2	475	0	7	0	0	458	0	0	0	0	0	10	40	265	6	0	38	0	0	14	0	25	0	0	0	7	65	0	120	0	0	0	0	4	0	259	8	16	163	0	58	3	0	10	26	0
0	20	26	102	81	0	29	2	0	0	50	0	0	4	6	308	32	144	67	128	322	80	0	0	21	3	0	0	49	287	3	88	0	0	16	0	0	0	8	0	299	0	482	110	0	68	0	0	63	0	283	0	13	71	61	0	1	5	32	0	0	0	0	0	5	99	543	1	0	0	20	5	0	3	30
0	0	0	2	5	0	0	1	11	0	0	0	0	0	0	59	12	5	0	107	9	0	0	0	0	0	0	0	0	363	0	9	458	16	0	0	3	0	4	1	2	4	1	0	0	14	0	0	0	0	8	0	0	0	5	545	3	474	0	1	0	0	512	11	28	0	1	29	0	10	4	0	0	29	0
0	0	0	0	0	0	0	0	0	0	0	0	0	0	0	0	0	0	0	0	0	0	0	0	0	0	0	0	0	0	0	0	0	0	0	0	0	0	0	0	0	0	0	0	0	0	0	0	0	0	0	0	0	0	0	0	0	0	0	0	0	0	0	0	0	0	0	0	0	0	0	0	0	0	0
0	0	1	0	11	0	0	0	0	0	0	8	0	2	0	3	0	0	13	0	4	0	0	0	0	0	134	0	1	2	0	0	0	0	3	0	0	0	0	0	5	0	0	0	0	0	0	0	0	0	0	0	0	0	1	0	0	7	0	0	0	0	8	0	202	0	7	229	0	81	0	0	0	11	0
0	0	0	0	0	0	0	0	0	0	0	0	0	0	0	0	0	0	0	0	0	0	0	0	0	0	0	0	0	0	0	0	0	0	0	0	0	0	0	0	0	0	0	0	0	0	0	0	0	0	0	0	0	0	0	0	0	0	0	0	0	0	0	0	0	0	0	0	0	0	0	0	0	0	0
0	2	11	4	782	0	0	0	0	0	0	0	0	0	0	2	0	370	856	1	8	8	0	0	579	0	0	0	160	0	0	1108	0	8	4	0	0	0	0	0	138	2	9	563	0	0	0	0	36	0	792	0	7	48	154	0	3	1	0	0	0	0	0	0	15	555	387	0	0	7	0	5	0	24	0
0	0	2	13	485	0	0	0	0	0	0	0	0	0	0	2	0	8	50	0	58	18	0	0	31	0	62	0	47	7	0	8	0	0	1	0	0	0	0	0	253	0	5	373	0	0	0	0	13	0	294	0	0	5	7	0	0	1	0	0	0	0	0	0	12	96	51	12	0	232	0	0	2	4	0
0	46	59	79	146	0	26	3	2	0	55	0	10	30	33	6	569	773	165	13	1105	542	0	0	66	0	0	0	219	3	693	83	10	299	2	0	5	0	138	253	0	2	230	51	12	352	0	0	28	11	831	0	65	226	134	1	13	2	279	398	0	0	2	26	43	27	93	122	0	37	96	316	14	45	203
0	0	1	63	212	0	0	0	54	0	0	0	0	9	0	1	25	3	0	5	12	0	0	0	0	3	138	0	0	0	0	7	40	0	4	0	0	0	2	0	2	0	5	6	2	0	0	0	25	146	146	0	1	0	0	0	0	0	5	72	0	0	2	334	87	0	8	14	0	386	0	3	40	40	1
0	114	407	580	175	0	170	0	0	0	436	0	17	88	0	689	51	22	22	353	472	0	0	0	18	13	47	0	29	937	18	15	265	482	1	0	0	0	9	5	230	5	0	60	1	115	0	0	181	4	230	4	2	0	33	134	34	9	12	11	0	0	28	1	39	3	855	119	0	75	462	14	11	47	119
0	0	25	1	1215	0	0	170	2	0	0	0	2	3	1	11	4	30	260	1	81	2	0	0	10	0	3	0	13	1	2	916	6	110	0	0	0	0	563	373	51	6	60	0	0	9	0	0	6	76	558	1	19	2	297	3	8	16	3	364	0	0	2	133	7	110	58	25	0	34	52	314	0	37	8
0	0	0	0	1	0	0	0	0	0	0	0	0	702	0	1	2	0	0	14	0	0	0	0	0	4	2	0	0	2	0	0	0	0	0	0	0	0	0	0	12	2	1	0	0	0	0	0	4	0	0	0	0	4	0	0	0	1	0	0	0	0	0	0	2	0	0	6	0	0	0	0	0	0	0
0	0	0	191	9	0	95	0	0	0	48	0	0	132	0	689	635	8	4	770	4	1	0	0	0	1	86	0	0	1030	0	0	38	68	14	0	0	0	0	0	352	0	115	9	0	0	0	0	14	0	1	346	0	0	9	3	0	552	0	0	0	0	20	0	4	0	9	73	0	44	0	6	2	21	0
0	0	0	0	0	0	0	0	0	0	0	0	0	0	0	0	0	0	0	0	0	0	0	0	0	0	0	0	0	0	0	0	0	0	0	0	0	0	0	0	0	0	0	0	0	0	0	0	0	0	0	0	0	0	0	0	0	0	0	0	0	0	0	0	0	0	0	0	0	0	0	0	0	0	0
0	0	0	0	0	0	0	0	0	0	0	0	0	0	0	0	0	0	0	0	0	0	0	0	0	0	0	0	0	0	0	0	0	0	0	0	0	0	0	0	0	0	0	0	0	0	0	0	0	0	0	0	0	0	0	0	0	0	0	0	0	0	0	0	0	0	0	0	0	0	0	0	0	0	0
0	266	91	161	5	0	98	52	13	0	210	0	6	60	119	4	8	158	404	3	5	212	0	0	188	11	0	0	359	0	131	23	14	63	0	0	0	0	36	13	28	25	181	6	4	14	0	0	0	0	14	10	335	45	106	0	141	2	26	78	0	0	7	1	25	326	192	0	0	5	21	27	0	21	15
0	0	0	27	281	0	11	0	0	0	0	0	0	14	0	41	4	1	2	21	0	1	0	0	0	0	118	0	0	22	0	0	0	0	0	0	0	0	0	0	11	146	4	76	0	0	0	0	0	0	0	0	2	2	0	0	0	1	0	0	0	0	0	0	9	0	1	209	0	119	1	0	17	16	0
0	2	218	2	796	0	2	17	3	0	1	0	121	0	2	0	32	528	64	4	2017	229	0	0	51	16	0	0	46	0	370	1324	25	283	8	0	0	0	792	294	831	146	230	558	0	1	0	0	14	0	0	3	48	4	285	0	3	2	222	364	0	0	1	11	1	23	301	0	0	0	274	498	0	115	0
0	0	0	0	9	0	0	0	0	0	0	0	0	15	0	1	1	6	32	92	0	7	0	0	5	6	0	0	34	1	0	0	0	0	0	0	0	0	0	0	0	0	4	1	0	346	0	0	10	0	3	0	0	23	1	2	0	403	0	0	0	0	25	0	0	0	1	1	0	1	0	0	2	7	0
0	944	439	354	13	0	131	1	0	0	152	0	218	0	3	13	0	18	231	18	14	756	0	0	182	0	0	0	183	18	12	1	0	13	0	0	0	0	7	0	65	1	2	19	0	0	0	0	335	2	48	0	0	520	3	0	290	2	489	3	0	0	0	2	2	95	462	14	0	19	0	1	0	2	0
0	368	31	15	6	0	1	1	0	0	23	0	2	0	166	0	0	359	136	0	2	708	0	0	15	0	0	0	68	4	119	0	0	71	0	0	0	0	48	5	226	0	0	2	4	0	0	0	45	2	4	23	520	0	56	0	205	2	562	15	0	0	0	0	1	1	4	1	0	0	14	3	0	5	6
0	10	72	3	104	0	2	13	0	0	11	0	7	7	32	14	4	312	668	4	42	29	0	0	517	9	30	0	179	1	2	868	7	61	5	0	1	0	154	7	134	0	33	297	0	9	0	0	106	0	285	1	3	56	0	0	3	22	40	4	0	0	0	0	26	601	292	79	0	6	15	100	4	26	8
0	2	0	2	2	0	0	0	0	0	0	1	0	15	0	360	0	0	0	354	0	0	0	0	2	0	72	0	0	535	0	0	65	0	545	0	0	0	0	0	1	0	134	3	0	3	0	0	0	0	0	2	0	0	0	0	0	437	0	0	0	0	134	0	28	1	16	13	0	1	0	0	7	5	0
0	1381	273	29	1	0	7	0	0	0	48	0	31	0	0	0	0	29	30	0	2	313	0	0	29	0	2	0	27	0	0	1	0	1	3	0	0	0	3	0	13	0	34	8	0	0	0	0	141	0	3	0	290	205	3	0	0	0	150	0	0	0	0	0	0	21	73	0	0	0	0	2	0	0	0
0	0	0	0	12	0	0	0	9	0	6	0	3	21	2	245	0	1	2	308	0	1	0	0	3	0	0	0	1	667	0	0	120	5	474	0	7	0	1	1	2	0	9	16	1	552	0	0	2	1	2	403	2	2	22	437	0	0	12	0	0	0	441	9	8	8	3	149	0	11	0	0	0	32	16
0	1102	13	35	10	0	0	0	0	0	0	3	0	1	0	29	0	410	150	51	4	356	0	0	152	2	0	0	51	2	0	1	0	32	0	0	0	0	0	0	279	5	12	3	0	0	0	0	26	0	222	0	489	562	40	0	150	12	0	0	0	0	0	0	0	141	121	20	0	4	0	0	0	0	0
0	36	2	37	431	0	1	0	0	0	0	0	0	14	0	0	0	29	208	0	96	46	0	0	44	3	142	0	107	0	0	8	0	0	1	0	0	0	0	0	398	72	11	364	0	0	0	0	78	0	364	0	3	15	4	0	0	0	0	0	0	0	0	0	2	205	35	30	0	249	1	0	0	7	0
0	0	0	0	0	0	0	0	0	0	0	0	0	0	0	0	0	0	0	0	0	0	0	0	0	0	0	0	0	0	0	0	0	0	0	0	0	0	0	0	0	0	0	0	0	0	0	0	0	0	0	0	0	0	0	0	0	0	0	0	0	0	0	0	0	0	0	0	0	0	0	0	0	0	0
0	0	0	0	0	0	0	0	0	0	0	0	0	0	0	0	0	0	0	0	0	0	0	0	0	0	0	0	0	0	0	0	0	0	0	0	0	0	0	0	0	0	0	0	0	0	0	0	0	0	0	0	0	0	0	0	0	0	0	0	0	0	0	0	0	0	0	0	0	0	0	0	0	0	0
0	2	0	11	35	0	0	0	3	0	0	0	0	55	0	478	65	2	1	528	0	1	0	0	2	1	68	0	0	626	0	0	4	0	512	0	8	0	0	0	2	2	28	2	0	20	0	0	7	0	1	25	0	0	0	134	0	441	0	0	0	0	0	0	17	2	0	22	0	74	2	0	31	41	0
0	2	0	11	429	0	0	0	0	0	0	0	0	6	0	2	72	0	8	1	0	0	0	0	4	0	542	0	0	28	0	31	0	0	11	0	0	0	0	0	26	334	1	133	0	0	0	0	1	0	11	0	2	0	0	0	0	9	0	0	0	0	0	0	82	0	3	671	0	432	0	0	14	23	0
0	0	48	44	57	0	0	16	186	0	3	0	1	28	0	19	265	1	9	173	53	0	0	0	2	5	361	0	4	1	7	10	259	5	28	0	202	0	15	12	43	87	39	7	2	4	0	0	25	9	1	0	2	1	26	28	0	8	0	2	0	0	17	82	0	5	10	1490	0	100	39	18	2	159	0
0	19	64	1	5	0	1	248	0	0	58	0	0	2	284	0	1	100	1007	0	0	16	0	0	605	4	0	0	338	0	5	826	8	99	0	0	0	0	555	96	27	0	3	110	0	0	0	0	326	0	23	0	95	1	601	1	21	8	141	205	0	0	2	0	5	0	320	0	0	0	6	382	0	8	9
0	315	560	216	103	0	185	82	3	0	343	0	141	1	16	263	13	97	65	3	236	18	0	0	84	46	75	0	23	223	32	431	16	543	1	0	7	0	387	51	93	8	855	58	0	9	0	0	192	1	301	1	462	4	292	16	73	3	121	35	0	0	0	3	10	320	0	42	0	1	546	341	0	12	49
0	0	0	23	82	0	0	0	29	0	2	0	15	70	0	99	381	38	70	231	63	0	0	0	24	0	645	0	3	15	1	1	163	1	29	0	229	0	0	12	122	14	119	25	6	73	0	0	0	209	0	1	14	1	79	13	0	149	20	30	0	0	22	671	1490	0	42	0	0	336	45	3	66	325	20
0	0	0	0	0	0	0	0	0	0	0	0	0	0	0	0	0	0	0	0	0	0	0	0	0	0	0	0	0	0	0	0	0	0	0	0	0	0	0	0	0	0	0	0	0	0	0	0	0	0	0	0	0	0	0	0	0	0	0	0	0	0	0	0	0	0	0	0	0	0	0	0	0	0	0
0	0	2	12	703	0	0	0	35	0	4	1	19	26	0	37	190	0	15	13	4	1	0	0	11	0	415	0	1	2	3	1	58	0	10	0	81	0	7	232	37	386	75	34	0	44	0	0	5	119	0	1	19	0	6	1	0	11	4	249	0	0	74	432	100	0	1	336	0	0	4	1	34	84	6
0	48	95	302	49	0	98	0	0	0	7	0	0	25	0	601	21	1	21	241	948	17	0	0	38	21	4	0	22	672	2	65	3	20	4	0	0	0	0	0	96	0	462	52	0	0	0	0	21	1	274	0	0	14	15	0	0	0	0	1	0	0	2	0	39	6	546	45	0	4	0	4	6	18	0
0	38	9	1	318	0	1	0	0	0	1	3	0	0	0	3	65	213	171	2	633	78	0	0	231	14	0	0	49	1	5	716	0	5	0	0	0	0	5	0	316	3	14	314	0	6	0	0	27	0	498	0	1	3	100	0	2	0	0	0	0	0	0	0	18	382	341	3	0	1	4	0	0	18	0
0	0	0	11	16	0	0	0	0	0	0	0	0	62	0	8	21	0	2	100	60	0	0	0	0	0	69	0	0	0	0	0	10	0	0	0	0	0	0	2	14	40	11	0	0	2	0	0	0	17	0	2	0	0	4	7	0	0	0	0	0	0	31	14	2	0	0	66	0	34	6	0	0	2	0
0	0	3	13	41	0	0	0	21	0	2	0	0	84	3	22	16	13	23	25	165	5	0	0	13	9	140	0	9	2	7	127	26	3	29	0	11	0	24	4	45	40	47	37	0	21	0	0	21	16	115	7	2	5	26	5	0	32	0	7	0	0	41	23	159	8	12	325	0	84	18	18	2	0	2
0	2	0	257	2	0	59	0	0	0	0	0	0	10	0	0	0	0	22	1	2	71	0	0	2	11	2	0	5	0	0	0	0	30	0	0	0	0	0	0	203	1	119	8	0	0	0	0	15	0	0	0	0	6	8	0	0	16	0	0	0	0	0	0	0	9	49	20	0	6	0	0	0	2	0
