0	0	0	0	0	0	0	0	0	0	0	0	0	0	0	0	0	0	0	0	0	0	0	0	0	0	0	0	0	0	0	0	0	0	0	0	0	0	0	0	0	0	0	0	0	0	0	0	0	0	0	0	0	0	0	0	0	0	0	0	0	0	0	0	0	0	0	0	0	0	0	0	0	0	0
0	0	1011	73	0	0	57	0	0	0	574	0	30	0	0	0	0	110	5	0	0	344	0	0	14	0	0	60	73	2	14	2	0	14	0	0	0	0	13	0	36	0	70	6	0	0	0	0	375	0	0	6	778	196	16	0	1845	3	20	32	0	0	0	0	0	13	0	4	0	0	4	10	0	2	2
0	1011	0	6	0	11	0	0	0	0	3	9	8	8	0	6	0	27	7	0	0	8	0	0	26	0	0	44	197	5	1	0	7	40	0	0	0	0	2	0	0	0	507	7	0	0	0	0	18	0	0	2	577	19	6	0	197	12	4	0	0	0	0	1	25	38	0	20	0	1	333	1	0	4	1
0	73	6	0	1	2	912	0	158	0	422	0	0	44	0	290	26	3	5	6	22	86	0	0	7	0	34	2	10	44	271	0	58	27	2	0	30	0	1	0	41	29	391	1	0	263	0	0	26	28	0	0	262	7	3	0	4	1	0	11	0	0	3	6	110	1	0	92	0	4	76	1	10	12	180
0	0	0	1	0	0	0	0	14	0	1	3	0	3	0	2	6	6	3	3	114	0	0	0	0	0	1	5	2	4	2	159	14	3	1	0	23	0	53	6	12	150	17	140	0	3	0	0	8	34	0	2	4	0	14	1	0	4	0	129	0	0	1	160	17	2	3	28	0	3	3	101	1	0	0
0	0	11	2	0	0	0	0	0	0	0	0	0	10	0	7	3	1	0	0	5	1	0	0	0	0	0	2	0	7	1	0	15	3	0	0	0	0	0	0	13	0	1	1	0	0	0	0	0	0	0	2	4	0	0	0	0	0	0	1	0	0	0	0	0	0	0	6	0	0	0	0	0	12	1
0	57	0	912	0	0	0	0	0	0	106	0	0	19	0	65	0	0	2	0	0	30	0	0	0	0	0	0	5	5	66	0	0	53	0	0	3	0	0	0	26	0	114	0	0	84	0	0	22	0	0	1	16	1	0	1	9	3	0	10	0	0	0	0	0	1	0	0	0	0	110	12	0	0	64
0	0	0	0	0	0	0	0	0	0	0	0	0	0	0	0	0	0	0	0	0	0	0	0	0	0	0	0	0	0	0	0	0	0	0	0	0	0	0	0	0	0	0	0	0	0	0	0	0	0	0	0	0	0	0	0	0	0	0	0	0	0	0	0	0	0	0	0	0	0	0	0	0	0	0
0	0	0	158	14	0	0	0	0	0	0	0	0	11	0	18	1	0	0	2	142	0	0	0	0	0	9	0	0	0	0	0	177	0	3	0	0	0	0	0	3	0	2	3	0	0	0	0	0	0	0	0	0	0	1	0	0	5	0	0	0	0	0	9	196	6	1	19	0	11	0	0	0	0	0
0	0	0	0	0	0	0	0	0	0	0	0	0	0	0	0	0	0	0	0	0	0	0	0	0	0	0	0	0	0	0	0	0	0	0	0	0	0	0	0	0	0	0	0	0	0	0	0	0	0	0	0	0	0	0	0	0	0	0	0	0	0	0	0	0	0	0	0	0	0	0	0	0	0	0
0	574	3	422	1	0	106	0	0	0	0	0	0	36	0	255	0	0	3	33	1	0	0	0	3	0	0	3	4	28	9	0	2	49	0	0	0	0	1	0	93	0	342	0	0	70	0	0	209	0	0	0	194	0	0	0	38	7	0	15	0	0	0	0	0	1	2	0	0	0	179	0	0	0	63
0	0	9	0	3	0	0	0	0	0	0	0	0	2	0	10	0	12	1	2	15	0	0	0	0	0	0	10	0	0	1	12	8	2	162	0	0	0	33	0	5	0	13	9	0	0	0	0	0	0	26	0	0	0	1	2	0	37	0	1	0	0	0	9	0	0	13	8	0	4	0	35	0	0	0
0	30	8	0	0	0	0	0	0	0	0	0	0	0	0	0	0	0	0	0	0	5	0	0	0	0	0	0	0	0	0	0	0	0	0	0	0	0	0	0	4	0	1	6	0	0	0	0	0	0	0	0	1	0	0	0	16	0	0	2	0	0	0	0	0	0	0	0	0	1	1	0	0	0	0
0	0	8	44	3	10	19	0	11	0	36	2	0	0	0	66	43	1	33	30	1	16	0	0	2	1	25	0	26	87	2	1	44	2	1	0	52	0	0	6	21	0	73	7	772	95	3	0	28	5	1	31	23	23	63	2	1	25	8	9	0	0	8	49	7	6	4	143	0	51	11	5	0	42	5
0	0	0	0	0	0	0	0	0	0	0	0	0	0	0	0	0	0	0	0	0	0	0	0	0	0	0	0	0	0	0	0	0	0	0	0	0	0	0	0	0	0	0	0	0	0	0	0	0	0	0	0	0	0	0	0	0	0	0	0	0	0	0	0	0	0	0	0	0	0	0	0	0	0	0
0	0	6	290	2	7	65	0	18	0	255	10	0	66	0	0	284	0	7	413	6	1	0	0	0	0	4	20	0	392	0	0	396	153	26	0	24	0	4	10	55	0	560	6	0	379	0	0	5	2	0	0	1	0	22	263	0	103	0	0	0	0	110	11	41	13	5	115	0	1	147	0	0	15	0
0	0	0	26	6	3	0	0	1	0	0	0	0	43	0	284	0	6	19	156	482	9	0	0	0	0	139	11	1	12	1	0	80	14	2	0	0	0	5	25	167	0	67	6	0	81	0	0	0	0	1	0	0	4	1	4	0	13	0	1	0	0	10	380	76	2	2	193	0	49	1	6	0	4	0
0	110	27	3	6	1	0	0	0	0	0	12	0	1	0	0	6	0	256	0	234	50	0	0	258	0	23	612	365	0	78	36	0	70	0	0	1	0	265	1	327	1	33	196	0	1	0	0	85	1	5	1	39	146	69	0	13	12	2	35	0	0	0	3	1	142	119	18	0	2	13	72	0	2	6
0	5	7	5	3	0	2	0	0	0	3	1	0	33	0	7	19	256	0	2	12	295	0	0	388	0	9	365	726	0	375	18	1	298	0	0	3	0	717	37	67	0	37	145	0	52	0	0	228	2	0	56	313	110	313	1	2	44	39	245	0	0	1	9	1	654	91	22	0	1	33	269	0	21	69
0	0	0	6	3	0	0	0	2	0	33	2	0	30	0	413	156	0	2	0	3	0	0	0	0	0	3	0	0	233	1	0	207	37	0	0	6	0	2	11	24	1	192	0	0	263	0	0	0	36	0	1	0	56	7	125	0	62	0	0	0	0	237	21	12	0	3	21	0	2	71	0	2	16	0
0	0	0	22	114	5	0	0	142	0	1	15	0	1	0	6	482	234	12	3	0	8	0	0	5	0	0	469	0	0	558	22	15	182	1	0	0	0	65	12	419	0	176	89	0	78	0	0	0	2	98	0	6	0	14	0	0	8	0	73	0	0	0	5	7	1	34	3	0	1	324	50	0	12	0
0	344	8	86	0	1	30	0	0	0	0	0	5	16	0	1	9	50	295	0	8	0	0	0	96	0	4	109	246	0	43	1	0	6	0	0	0	0	10	0	48	0	1	9	0	8	0	0	95	0	0	4	293	200	1	0	28	3	8	29	0	0	0	0	0	20	2	2	0	1	0	2	0	3	5
0	0	0	0	0	0	0	0	0	0	0	0	0	0	0	0	0	0	0	0	0	0	0	0	0	0	0	0	0	0	0	0	0	0	0	0	0	0	0	0	0	0	0	0	0	0	0	0	0	0	0	0	0	0	0	0	0	0	0	0	0	0	0	0	0	0	0	0	0	0	0	0	0	0	0
0	0	0	0	0	0	0	0	0	0	0	0	0	0	0	0	0	0	0	0	0	0	0	0	0	0	0	0	0	0	0	0	0	0	0	0	0	0	0	0	0	0	0	0	0	0	0	0	0	0	0	0	0	0	0	0	0	0	0	0	0	0	0	0	0	0	0	0	0	0	0	0	0	0	0
0	14	26	7	0	0	0	0	0	0	3	0	0	2	0	0	0	258	388	0	5	96	0	0	0	0	20	161	828	0	164	90	0	345	0	0	0	0	746	14	45	0	25	6	0	1	0	0	110	5	2	6	207	1	442	1	4	9	31	93	0	0	0	1	1	743	17	22	0	2	4	67	0	46	6
0	0	0	0	0	0	0	0	0	0	0	0	0	1	0	0	0	0	0	0	0	0	0	0	0	0	0	0	0	0	0	0	0	0	0	0	0	0	0	0	0	0	0	0	0	0	0	0	0	0	0	0	0	0	0	0	0	0	0	0	0	0	0	0	0	0	0	0	0	0	0	0	0	0	0
0	0	0	34	1	0	0	0	9	0	0	0	0	25	0	4	139	23	9	3	0	4	0	0	20	0	0	3	56	0	25	2	78	3	1	0	193	0	27	1	78	58	11	10	0	6	0	0	2	103	0	35	1	0	3	0	0	20	4	44	0	0	0	678	322	18	11	473	0	464	0	27	67	22	0
0	60	44	2	5	2	0	0	0	0	3	10	0	0	0	20	11	612	365	0	469	109	0	0	161	0	3	0	491	0	281	71	1	405	0	0	0	0	660	33	524	0	40	136	0	0	0	0	106	0	28	0	60	121	176	0	4	16	8	78	0	0	0	0	0	124	101	0	0	0	17	218	0	37	12
0	73	197	10	2	0	5	0	0	0	4	0	0	26	0	0	1	365	726	0	0	246	0	0	828	0	56	491	0	0	421	79	0	256	0	0	2	0	535	2	242	0	64	15	0	12	0	0	57	8	0	9	415	300	275	0	22	14	29	126	0	0	1	2	0	437	72	16	0	1	4	354	0	57	1
0	2	5	44	4	7	5	0	0	0	28	0	0	87	0	392	12	0	0	233	0	0	0	0	0	0	0	0	0	0	0	0	201	0	266	0	0	0	0	0	12	0	446	1	0	0	0	0	17	0	0	0	11	0	0	56	0	273	0	0	0	0	0	6	63	0	1	107	0	6	35	0	0	0	0
0	14	1	271	2	1	66	0	0	0	9	1	0	2	0	0	1	78	375	1	558	43	0	0	164	0	25	281	421	0	0	0	0	0	0	0	0	0	0	0	485	0	15	4	0	0	0	0	98	0	10	0	99	176	1	0	1	1	0	72	0	0	0	1	1	1	0	0	0	1	7	1	0	0	0
0	2	0	0	159	0	0	0	0	0	0	12	0	1	0	0	0	36	18	0	22	1	0	0	90	0	2	71	79	0	0	0	1	0	0	0	0	0	255	0	68	0	5	630	0	0	0	0	0	0	0	0	1	2	21	0	1	0	0	142	0	0	0	2	0	68	141	0	0	1	4	2	0	0	0
0	0	7	58	14	15	0	0	177	0	2	8	0	44	0	396	80	0	1	207	15	0	0	0	0	0	78	1	0	201	0	1	0	3	576	0	176	0	1	4	3	54	440	9	0	244	0	0	8	66	0	2	0	0	145	265	0	283	1	1	0	0	118	194	521	15	7	272	0	25	226	1	7	131	10
0	14	40	27	3	3	53	0	0	0	49	2	0	2	0	153	14	70	298	37	182	6	0	0	345	0	3	405	256	0	0	0	3	0	0	0	0	0	231	0	144	0	224	289	0	0	0	0	39	0	12	0	11	8	15	0	1	2	0	30	0	0	0	2	0	218	134	1	0	1	46	3	0	0	0
0	0	0	2	1	0	0	0	3	0	0	162	0	1	0	26	2	0	0	0	1	0	0	0	0	0	1	0	0	266	0	0	576	0	0	0	18	0	0	2	2	2	2	0	0	10	0	0	0	1	0	0	0	0	9	446	0	777	0	1	0	0	360	15	22	0	0	22	0	1	3	0	1	11	0
0	0	0	0	0	0	0	0	0	0	0	0	0	0	0	0	0	0	0	0	0	0	0	0	0	0	0	0	0	0	0	0	0	0	0	0	0	0	0	0	0	0	0	0	0	0	0	0	0	0	0	0	0	0	0	0	0	0	0	0	0	0	0	0	0	0	0	0	0	0	0	0	0	0	0
0	0	0	30	23	0	3	0	0	0	0	0	0	52	0	24	0	1	3	6	0	0	0	0	0	0	193	0	2	0	0	0	176	0	18	0	0	0	0	0	56	0	5	3	0	0	0	0	61	1	0	0	2	8	1	0	0	4	0	0	0	0	0	157	762	17	9	562	0	13	0	0	0	0	0
0	0	0	0	0	0	0	0	0	0	0	0	0	0	0	0	0	0	0	0	0	0	0	0	0	0	0	0	0	0	0	0	0	0	0	0	0	0	0	0	0	0	0	0	0	0	0	0	0	0	0	0	0	0	0	0	0	0	0	0	0	0	0	0	0	0	0	0	0	0	0	0	0	0	0
0	13	2	1	53	0	0	0	0	0	1	33	0	0	0	4	5	265	717	2	65	10	0	0	746	0	27	660	535	0	0	255	1	231	0	0	0	0	0	32	196	0	81	1066	0	0	0	0	80	20	0	1	40	45	274	0	3	11	0	557	0	0	0	187	0	773	328	1	0	4	23	312	0	59	2
0	0	0	0	6	0	0	0	0	0	0	0	0	6	0	10	25	1	37	11	12	0	0	0	14	0	1	33	2	0	0	0	4	0	2	0	0	0	32	0	111	0	4	57	0	0	0	0	2	0	2	0	4	0	4	0	0	0	0	92	0	0	0	12	0	1	2	7	0	6	8	1	0	0	0
0	36	0	41	12	13	26	0	3	0	93	5	4	21	0	55	167	327	67	24	419	48	0	0	45	0	78	524	242	12	485	68	3	144	2	0	56	0	196	111	0	15	171	135	0	303	0	0	78	14	9	35	34	5	70	2	1	41	11	383	0	0	20	95	21	24	16	124	0	29	19	437	42	53	302
0	0	0	29	150	0	0	0	0	0	0	0	0	0	0	0	0	1	0	1	0	0	0	0	0	0	58	0	0	0	0	0	54	0	2	0	0	0	0	0	15	0	1	43	0	0	0	0	0	0	0	0	0	7	0	0	0	0	0	9	0	0	0	485	131	4	0	37	0	270	0	0	0	0	0
0	70	507	391	17	1	114	0	2	0	342	13	1	73	0	560	67	33	37	192	176	1	0	0	25	0	11	40	64	446	15	5	440	224	2	0	5	0	81	4	171	1	0	106	0	209	0	0	257	7	0	0	24	1	14	29	4	3	0	52	0	0	39	50	29	10	104	100	0	17	388	26	6	7	136
0	6	7	1	140	1	0	0	3	0	0	9	6	7	0	6	6	196	145	0	89	9	0	0	6	0	10	136	15	1	4	630	9	289	0	0	3	0	1066	57	135	43	106	0	0	3	0	0	4	96	16	0	17	108	448	0	1	39	4	1154	0	0	1	548	9	295	28	12	0	17	8	649	0	251	19
0	0	0	0	0	0	0	0	0	0	0	0	0	772	0	0	0	0	0	0	0	0	0	0	0	0	0	0	0	0	0	0	0	0	0	0	0	0	0	0	0	0	0	0	0	0	0	0	0	0	0	0	0	0	0	0	0	0	0	0	0	0	0	0	0	1	0	0	0	0	0	0	0	0	0
0	0	0	263	3	0	84	0	0	0	70	0	0	95	0	379	81	1	52	263	78	8	0	0	1	0	6	0	12	0	0	0	244	0	10	0	0	0	0	0	303	0	209	3	0	0	0	0	7	0	0	0	1	32	1	5	0	286	0	18	0	0	0	1	12	1	0	32	0	31	17	0	2	0	0
0	0	0	0	0	0	0	0	0	0	0	0	0	3	0	0	0	0	0	0	0	0	0	0	0	0	0	0	0	0	0	0	0	0	0	0	0	0	0	0	0	0	0	0	0	0	0	0	0	0	0	0	0	0	0	0	0	0	0	0	0	0	0	0	0	0	0	0	0	0	0	0	0	3	0
0	0	0	0	0	0	0	0	0	0	0	0	0	0	0	0	0	0	0	0	0	0	0	0	0	0	0	0	0	0	0	0	0	0	0	0	0	0	0	0	0	0	0	0	0	0	0	0	0	0	0	0	0	0	0	0	0	0	0	0	0	0	0	0	0	0	0	0	0	0	0	0	0	0	0
0	375	18	26	8	0	22	0	0	0	209	0	0	28	0	5	0	85	228	0	0	95	0	0	110	0	2	106	57	17	98	0	8	39	0	0	61	0	80	2	78	0	257	4	0	7	0	0	0	31	0	17	367	63	42	0	119	9	0	23	0	0	1	0	0	172	4	49	0	2	18	18	0	3	30
0	0	0	28	34	0	0	0	0	0	0	0	0	5	0	2	0	1	2	36	2	0	0	0	5	0	103	0	8	0	0	0	66	0	1	0	1	0	20	0	14	0	7	96	0	0	0	0	31	0	0	0	11	0	4	0	1	2	0	133	0	0	0	271	13	6	3	297	0	170	0	0	0	0	0
0	0	0	0	0	0	0	0	0	0	0	26	0	1	0	0	1	5	0	0	98	0	0	0	2	0	0	28	0	0	10	0	0	12	0	0	0	0	0	2	9	0	0	16	0	0	0	0	0	0	0	0	0	0	0	0	0	0	0	0	0	0	0	0	0	0	0	1	0	0	0	0	0	0	0
0	6	2	0	2	2	1	0	0	0	0	0	0	31	0	0	0	1	56	1	0	4	0	0	6	0	35	0	9	0	0	0	2	0	0	0	0	0	1	0	35	0	0	0	0	0	0	0	17	0	0	0	10	38	1	0	0	261	0	1	0	0	0	3	0	15	1	4	0	16	0	0	0	0	0
0	778	577	262	4	4	16	0	0	0	194	0	1	23	0	1	0	39	313	0	6	293	0	0	207	0	1	60	415	11	99	1	0	11	0	0	2	0	40	4	34	0	24	17	0	1	0	0	367	11	0	10	0	377	11	0	140	8	2	50	0	0	0	11	1	100	30	16	0	6	8	7	0	2	1
0	196	19	7	0	0	1	0	0	0	0	0	0	23	0	0	4	146	110	56	0	200	0	0	1	0	0	121	300	0	176	2	0	8	0	0	8	0	45	0	5	7	1	108	0	32	0	0	63	0	0	38	377	0	54	0	122	24	0	68	0	0	0	0	0	2	3	18	0	0	1	80	0	10	0
0	16	6	3	14	0	0	0	1	0	0	1	0	63	0	22	1	69	313	7	14	1	0	0	442	0	3	176	275	0	1	21	145	15	9	0	1	0	274	4	70	0	14	448	0	1	0	0	42	4	0	1	11	54	0	0	0	17	0	37	0	0	1	42	84	306	171	321	0	73	7	18	0	4	3
0	0	0	0	1	0	1	0	0	0	0	2	0	2	0	263	4	0	1	125	0	0	0	0	1	0	0	0	0	56	0	0	265	0	446	0	0	0	0	0	2	0	29	0	0	5	0	0	0	0	0	0	0	0	0	0	0	211	0	0	0	0	0	1	12	1	2	2	0	3	0	0	0	2	0
0	1845	197	4	0	0	9	0	0	0	38	0	16	1	0	0	0	13	2	0	0	28	0	0	4	0	0	4	22	0	1	1	0	1	0	0	0	0	3	0	1	0	4	1	0	0	0	0	119	1	0	0	140	122	0	0	0	1	10	1	0	0	0	0	0	4	0	2	0	0	2	1	0	0	0
0	3	12	1	4	0	3	0	5	0	7	37	0	25	0	103	13	12	44	62	8	3	0	0	9	0	20	16	14	273	1	0	283	2	777	0	4	0	11	0	41	0	3	39	0	286	0	0	9	2	0	261	8	24	17	211	1	0	0	15	0	0	81	69	24	38	9	59	0	39	0	2	0	1	2
0	20	4	0	0	0	0	0	0	0	0	0	0	8	0	0	0	2	39	0	0	8	0	0	31	0	4	8	29	0	0	0	1	0	0	0	0	0	0	0	11	0	0	4	0	0	0	0	0	0	0	0	2	0	0	0	10	0	0	0	0	0	0	2	0	31	0	0	0	1	0	0	0	0	0
0	32	0	11	129	1	10	0	0	0	15	1	2	9	0	0	1	35	245	0	73	29	0	0	93	0	44	78	126	0	72	142	1	30	1	0	0	0	557	92	383	9	52	1154	0	18	0	0	23	133	0	1	50	68	37	0	1	15	0	0	0	0	0	858	2	387	34	16	0	1077	14	332	0	204	7
0	0	0	0	0	0	0	0	0	0	0	0	0	0	0	0	0	0	0	0	0	0	0	0	0	0	0	0	0	0	0	0	0	0	0	0	0	0	0	0	0	0	0	0	0	0	0	0	0	0	0	0	0	0	0	0	0	0	0	0	0	0	0	0	0	0	0	0	0	0	0	0	0	0	0
0	0	0	0	0	0	0	0	0	0	0	0	0	0	0	0	0	0	0	0	0	0	0	0	0	0	0	0	0	0	0	0	0	0	0	0	0	0	0	0	0	0	0	0	0	0	0	0	0	0	0	0	0	0	0	0	0	0	0	0	0	0	0	0	0	0	0	0	0	0	0	0	0	0	0
0	0	0	3	1	0	0	0	0	0	0	0	0	8	0	110	10	0	1	237	0	0	0	0	0	0	0	0	1	0	0	0	118	0	360	0	0	0	0	0	20	0	39	1	0	0	0	0	1	0	0	0	0	0	1	0	0	81	0	0	0	0	0	14	4	1	4	3	0	28	0	0	0	0	0
0	0	1	6	160	0	0	0	9	0	0	9	0	49	0	11	380	3	9	21	5	0	0	0	1	0	678	0	2	6	1	2	194	2	15	0	157	0	187	12	95	485	50	548	0	1	0	0	0	271	0	3	11	0	42	1	0	69	2	858	0	0	14	0	186	7	2	1236	0	1212	26	49	73	365	6
0	0	25	110	17	0	0	0	196	0	0	0	0	7	0	41	76	1	1	12	7	0	0	0	1	0	322	0	0	63	1	0	521	0	22	0	762	0	0	0	21	131	29	9	0	12	0	0	0	13	0	0	1	0	84	12	0	24	0	2	0	0	4	186	0	6	4	1602	0	58	2	1	0	247	0
0	13	38	1	2	0	1	0	6	0	1	0	0	6	0	13	2	142	654	0	1	20	0	0	743	0	18	124	437	0	1	68	15	218	0	0	17	0	773	1	24	4	10	295	1	1	0	0	172	6	0	15	100	2	306	1	4	38	31	387	0	0	1	7	6	0	56	33	0	3	4	91	0	11	15
0	0	0	0	3	0	0	0	1	0	2	13	0	4	0	5	2	119	91	3	34	2	0	0	17	0	11	101	72	1	0	141	7	134	0	0	9	0	328	2	16	0	104	28	0	0	0	0	4	3	0	1	30	3	171	2	0	9	0	34	0	0	4	2	4	56	0	38	0	1	4	161	0	88	17
0	4	20	92	28	6	0	0	19	0	0	8	0	143	0	115	193	18	22	21	3	2	0	0	22	0	473	0	16	107	0	0	272	1	22	0	562	0	1	7	124	37	100	12	0	32	0	0	49	297	1	4	16	18	321	2	2	59	0	16	0	0	3	1236	1602	33	38	0	0	335	23	16	6	104	13
0	0	0	0	0	0	0	0	0	0	0	0	0	0	0	0	0	0	0	0	0	0	0	0	0	0	0	0	0	0	0	0	0	0	0	0	0	0	0	0	0	0	0	0	0	0	0	0	0	0	0	0	0	0	0	0	0	0	0	0	0	0	0	0	0	0	0	0	0	0	0	0	0	0	0
0	0	1	4	3	0	0	0	11	0	0	4	1	51	0	1	49	2	1	2	1	1	0	0	2	0	464	0	1	6	1	1	25	1	1	0	13	0	4	6	29	270	17	17	0	31	0	0	2	170	0	16	6	0	73	3	0	39	1	1077	0	0	28	1212	58	3	1	335	0	0	2	0	62	65	0
0	4	333	76	3	0	110	0	0	0	179	0	1	11	0	147	1	13	33	71	324	0	0	0	4	0	0	17	4	35	7	4	226	46	3	0	0	0	23	8	19	0	388	8	0	17	0	0	18	0	0	0	8	1	7	0	2	0	0	14	0	0	0	26	2	4	4	23	0	2	0	15	0	4	5
0	10	1	1	101	0	12	0	0	0	0	35	0	5	0	0	6	72	269	0	50	2	0	0	67	0	27	218	354	0	1	2	1	3	0	0	0	0	312	1	437	0	26	649	0	0	0	0	18	0	0	0	7	80	18	0	1	2	0	332	0	0	0	49	1	91	161	16	0	0	15	0	1	0	0
0	0	0	10	1	0	0	0	0	0	0	0	0	0	0	0	0	0	0	2	0	0	0	0	0	0	67	0	0	0	0	0	7	0	1	0	0	0	0	0	42	0	6	0	0	2	0	0	0	0	0	0	0	0	0	0	0	0	0	0	0	0	0	73	0	0	0	6	0	62	0	1	0	4	0
0	2	4	12	0	12	0	0	0	0	0	0	0	42	0	15	4	2	21	16	12	3	0	0	46	0	22	37	57	0	0	0	131	0	11	0	0	0	59	0	53	0	7	251	0	0	3	0	3	0	0	0	2	10	4	2	0	1	0	204	0	0	0	365	247	11	88	104	0	65	4	0	4	0	0
0	2	1	180	0	1	64	0	0	0	63	0	0	5	0	0	0	6	69	0	0	5	0	0	6	0	0	12	1	0	0	0	10	0	0	0	0	0	2	0	302	0	136	19	0	0	0	0	30	0	0	0	1	0	3	0	0	2	0	7	0	0	0	6	0	15	17	13	0	0	5	0	0	0	0
