0	0	0	0	0	0	0	0	0	0	0	0	0	0	0	0	0	0	0	0	0	0	0	0	0	0	0	0	0	0	0	0	0	0	0	0	0	0	0	0	0	0	0	0	0	0	0	0	0	0	0	0	0	0	0	0	0	0	0	0	0	0	0	0	0	0	0	0	0	0	0	0	0	0	0
0	0	315	35	0	0	0	0	0	0	60	0	344	0	2	0	0	34	6	0	0	337	0	0	0	0	0	0	0	0	0	0	0	4	0	0	0	0	2	0	37	0	20	0	0	0	0	0	0	0	0	0	322	133	6	0	1153	0	308	14	0	0	0	2	0	0	187	0	0	0	0	0	0	0	0
0	315	0	0	5	0	0	0	0	0	1	0	133	0	1	0	0	43	6	0	67	9	0	0	24	0	0	0	19	0	0	53	4	174	0	0	1	0	11	2	5	2	427	5	0	0	0	0	11	0	60	0	483	3	46	0	185	0	42	3	0	0	0	0	25	40	387	0	0	1	161	5	0	2	0
0	35	0	0	4	0	418	0	105	0	316	0	0	8	100	127	101	9	14	5	59	109	0	0	38	1	2	0	8	29	143	0	61	120	2	0	0	0	4	14	231	76	528	1	0	146	0	0	170	27	2	0	197	6	6	2	15	0	40	8	0	0	11	11	44	3	102	23	0	9	70	4	11	9	119
0	0	5	4	0	0	0	0	13	0	1	0	2	3	3	6	35	16	19	1	49	2	0	0	4	6	75	0	0	1	4	142	15	19	7	0	18	0	458	140	118	382	75	720	0	5	0	0	0	130	696	2	3	6	83	0	1	4	8	133	0	0	12	210	31	5	100	28	0	370	6	143	3	32	0
0	0	0	0	0	0	0	0	0	0	2	0	0	0	0	0	7	6	0	0	11	0	0	0	1	0	29	0	0	0	6	2	0	5	0	0	0	0	3	0	6	0	3	2	0	0	0	0	0	0	6	0	0	0	3	0	0	0	0	0	0	0	0	0	0	1	0	0	0	0	0	6	100	0	0
0	0	0	418	0	0	0	0	0	0	77	0	0	4	3	21	0	2	7	0	0	64	0	0	3	0	0	0	0	16	54	0	0	29	0	0	0	0	0	0	37	0	172	0	0	95	0	0	98	11	2	0	131	1	2	0	7	0	0	1	0	0	0	0	0	1	185	0	0	0	98	1	0	0	59
0	0	0	0	0	0	0	0	0	0	0	0	0	0	0	0	0	0	0	0	0	0	0	0	0	0	0	0	0	0	0	0	0	0	0	0	0	0	0	0	0	0	0	0	0	0	0	0	0	0	0	0	0	0	0	0	0	0	0	0	0	0	0	0	0	0	0	0	0	0	0	0	0	0	0
0	0	0	105	13	0	0	0	0	0	0	0	0	6	0	11	94	1	2	6	400	1	0	0	0	0	0	0	0	7	0	0	0	0	14	0	0	0	0	0	8	47	3	4	0	0	0	0	0	0	2	0	1	0	0	0	0	0	0	0	0	0	4	0	205	1	1	31	0	18	0	0	6	13	0
0	0	0	0	0	0	0	0	0	0	0	0	0	0	0	0	0	0	0	0	0	0	0	0	0	0	0	0	0	0	0	0	0	0	0	0	0	0	0	0	0	0	0	0	0	0	0	0	0	0	0	0	0	0	0	0	0	0	0	0	0	0	0	0	0	0	0	0	0	0	0	0	0	0	0
0	60	1	316	1	2	77	0	0	0	0	0	0	60	0	346	0	17	113	6	0	63	0	0	239	0	0	0	241	295	0	0	0	10	0	0	0	0	0	0	105	0	297	1	0	60	0	0	0	0	23	0	87	23	13	0	59	3	0	15	0	0	0	0	3	127	200	3	0	2	4	1	0	1	66
0	0	0	0	0	0	0	0	0	0	0	0	0	2	0	17	0	7	5	0	0	0	0	0	1	3	0	0	0	88	0	0	0	0	259	0	8	0	0	0	0	0	0	0	0	0	0	0	0	0	1	0	0	0	0	333	1	0	3	0	0	0	143	0	0	0	0	0	0	1	0	3	0	0	0
0	344	133	0	2	0	0	0	0	0	0	0	0	0	0	0	0	0	3	0	14	7	0	0	1	0	0	0	0	0	0	0	0	0	0	0	0	0	0	0	2	0	14	0	0	0	0	0	0	0	32	0	212	2	1	0	8	0	0	0	0	0	0	0	0	0	141	0	0	19	0	0	0	0	0
0	0	0	8	3	0	4	0	6	0	60	2	0	0	0	59	44	3	0	55	3	4	0	0	0	2	11	0	0	45	16	0	33	3	0	0	5	0	0	0	38	2	29	5	907	128	0	0	0	20	3	7	0	0	13	15	0	11	0	14	0	0	22	28	7	0	0	84	0	30	2	0	18	32	3
0	2	1	100	3	0	3	0	0	0	0	0	0	0	0	157	0	18	396	0	0	26	0	0	229	0	0	0	107	92	0	0	0	6	0	0	0	0	0	0	36	0	118	1	0	6	0	0	2	0	3	0	21	166	26	0	55	2	0	0	0	0	0	0	0	228	18	0	0	0	0	0	0	3	59
0	0	0	127	6	0	21	0	11	0	346	17	0	59	157	0	354	0	2	368	4	0	0	0	0	0	36	0	1	972	3	1	289	187	73	0	3	0	2	1	4	0	579	5	0	553	0	0	0	36	0	1	0	0	9	475	0	19	19	0	0	0	342	4	6	0	235	20	0	15	241	4	1	16	0
0	0	0	101	35	7	0	0	94	0	0	0	0	44	0	354	0	5	31	464	857	1	0	0	1	0	214	0	0	442	8	0	22	20	17	0	0	0	0	0	432	12	57	10	0	473	0	0	0	2	39	1	1	0	3	0	0	0	0	2	0	0	76	41	361	0	9	646	0	128	22	75	39	37	0
0	34	43	9	16	6	2	0	1	0	17	7	0	3	18	0	5	0	41	1	556	271	0	0	55	5	0	0	351	0	274	60	3	108	18	0	3	0	384	13	595	0	38	71	0	0	0	0	17	2	277	6	18	236	318	0	14	1	342	32	0	0	0	3	0	131	38	3	0	0	33	102	0	9	1
0	6	6	14	19	0	7	0	2	0	113	5	3	0	396	2	31	41	0	1	15	50	0	0	303	0	0	0	220	2	217	403	0	49	0	0	13	0	663	31	148	0	14	60	0	4	0	0	49	1	54	31	97	108	423	0	3	2	89	121	0	0	1	7	9	322	17	70	0	14	7	40	2	16	7
0	0	0	5	1	0	0	0	6	0	6	0	0	55	0	368	464	1	1	0	6	1	0	0	1	0	2	0	1	650	2	0	165	66	78	0	0	0	1	0	4	2	217	4	0	633	0	0	0	1	3	89	0	0	0	324	0	244	2	1	0	0	327	0	35	0	0	43	0	4	72	2	6	6	2
0	0	67	59	49	11	0	0	400	0	0	0	14	3	0	4	857	556	15	6	0	68	0	0	10	6	4	0	2	1	954	406	150	360	8	0	4	0	44	126	1214	30	520	57	0	0	0	0	2	0	1638	0	3	2	29	0	0	0	4	104	0	0	3	0	30	9	151	53	0	10	727	611	52	166	0
0	337	9	109	2	0	64	0	1	0	63	0	7	4	26	0	1	271	50	1	68	0	0	0	40	2	0	0	156	2	255	0	0	47	2	0	0	0	9	18	440	0	0	5	0	1	0	0	6	1	65	1	711	482	33	0	204	1	295	14	0	0	3	0	0	6	10	0	0	0	15	1	0	5	20
0	0	0	0	0	0	0	0	0	0	0	0	0	0	0	0	0	0	0	0	0	0	0	0	0	0	0	0	0	0	0	0	0	0	0	0	0	0	0	0	0	0	0	0	0	0	0	0	0	0	0	0	0	0	0	0	0	0	0	0	0	0	0	0	0	0	0	0	0	0	0	0	0	0	0
0	0	0	0	0	0	0	0	0	0	0	0	0	0	0	0	0	0	0	0	0	0	0	0	0	0	0	0	0	0	0	0	0	0	0	0	0	0	0	0	0	0	0	0	0	0	0	0	0	0	0	0	0	0	0	0	0	0	0	0	0	0	0	0	0	0	0	0	0	0	0	0	0	0	0
0	0	24	38	4	1	3	0	0	0	239	1	1	0	229	0	1	55	303	1	10	40	0	0	0	2	2	0	540	8	98	13	1	39	19	0	0	0	558	10	61	0	12	1	0	1	0	0	37	0	34	15	138	11	608	1	4	3	172	67	0	0	2	4	1	733	13	23	0	11	26	58	0	7	18
0	0	0	1	6	0	0	0	0	0	0	3	0	2	0	0	0	5	0	0	6	2	0	0	2	0	0	0	2	0	1	7	0	6	0	0	3	0	8	3	2	0	2	15	3	1	0	0	3	7	20	0	2	0	6	0	0	0	0	4	0	0	0	1	31	4	0	0	0	0	6	10	0	0	0
0	0	0	2	75	29	0	0	0	0	0	0	0	11	0	36	214	0	0	2	4	0	0	0	2	0	0	0	0	0	0	1	24	0	7	0	396	0	2	0	2	88	47	3	0	78	0	0	0	196	3	0	0	0	9	72	0	0	0	111	0	0	61	556	432	2	75	473	0	160	8	2	102	79	0
0	0	0	0	0	0	0	0	0	0	0	0	0	0	0	0	0	0	0	0	0	0	0	0	0	0	0	0	0	0	0	0	0	0	0	0	0	0	0	0	0	0	0	0	0	0	0	0	0	0	0	0	0	0	0	0	0	0	0	0	0	0	0	0	0	0	0	0	0	0	0	0	0	0	0
0	0	19	8	0	0	0	0	0	0	241	0	0	0	107	1	0	351	220	1	2	156	0	0	540	2	0	0	0	6	239	2	2	62	20	0	1	0	264	2	142	0	9	2	0	0	0	0	18	0	14	0	123	28	272	0	1	0	76	126	0	0	1	7	1	329	10	7	0	0	17	136	0	4	41
0	0	0	29	1	0	16	0	7	0	295	88	0	45	92	972	442	0	2	650	1	2	0	0	8	0	0	0	6	0	0	0	498	339	407	0	2	0	0	0	9	1	1085	1	0	1056	0	0	0	10	1	1	9	4	1	690	0	277	2	1	0	0	470	29	6	0	201	18	0	10	480	0	0	10	0
0	0	0	143	4	6	54	0	0	0	0	0	0	16	0	3	8	274	217	2	954	255	0	0	98	1	0	0	239	0	0	0	0	6	2	0	1	0	0	0	598	0	20	13	0	1	0	0	15	5	203	0	27	94	8	0	0	0	0	20	0	0	4	2	7	5	19	3	0	2	0	6	1	4	62
0	0	53	0	142	2	0	0	0	0	0	0	0	0	0	1	0	60	403	0	406	0	0	0	13	7	1	0	2	0	0	0	2	24	31	0	0	0	827	6	102	10	18	460	0	0	0	0	0	0	816	0	0	0	705	0	0	0	0	2	0	0	0	31	10	497	180	0	0	1	55	235	0	127	0
0	0	4	61	15	0	0	0	0	0	0	0	0	33	0	289	22	3	0	165	150	0	0	0	1	0	24	0	2	498	0	2	0	0	393	0	0	0	0	0	2	70	256	0	0	46	0	0	0	0	12	0	0	0	2	207	0	43	0	1	0	0	25	0	282	1	2	174	0	58	0	0	5	14	0
0	4	174	120	19	5	29	0	0	0	10	0	0	3	6	187	20	108	49	66	360	47	0	0	39	6	0	0	62	339	6	24	0	0	13	0	0	0	10	0	306	0	529	98	0	36	0	0	0	0	304	0	26	51	56	0	0	5	6	29	0	0	0	0	6	76	383	0	0	2	21	8	0	8	4
0	0	0	2	7	0	0	0	14	0	0	259	0	0	0	73	17	18	0	78	8	2	0	0	19	0	7	0	20	407	2	31	393	13	0	0	7	0	8	2	2	5	1	7	0	17	0	0	0	0	8	0	11	0	6	880	3	277	15	3	0	0	628	11	40	24	1	31	0	8	10	7	3	30	0
0	0	0	0	0	0	0	0	0	0	0	0	0	0	0	0	0	0	0	0	0	0	0	0	0	0	0	0	0	0	0	0	0	0	0	0	0	0	0	0	0	0	0	0	0	0	0	0	0	0	0	0	0	0	0	0	0	0	0	0	0	0	0	0	0	0	0	0	0	0	0	0	0	0	0
0	0	1	0	18	0	0	0	0	0	0	8	0	5	0	3	0	3	13	0	4	0	0	0	0	3	396	0	1	2	1	0	0	0	7	0	0	0	0	0	5	3	0	2	0	0	0	0	0	0	0	0	0	0	3	0	0	7	0	0	0	0	16	0	413	1	7	338	0	82	0	0	0	18	0
0	0	0	0	0	0	0	0	0	0	0	0	0	0	0	0	0	0	0	0	0	0	0	0	0	0	0	0	0	0	0	0	0	0	0	0	0	0	0	0	0	0	0	0	0	0	0	0	0	0	0	0	0	0	0	0	0	0	0	0	0	0	0	0	0	0	0	0	0	0	0	0	0	0	0
0	2	11	4	458	3	0	0	0	0	0	0	0	0	0	2	0	384	663	1	44	9	0	0	558	8	2	0	264	0	0	827	0	10	8	0	0	0	0	0	169	1	10	453	0	0	0	0	7	0	889	0	11	48	180	0	0	1	0	42	0	0	0	0	14	541	241	1	0	4	4	9	0	25	2
0	0	2	14	140	0	0	0	0	0	0	0	0	0	0	1	0	13	31	0	126	18	0	0	10	3	0	0	2	0	0	6	0	0	2	0	0	0	0	0	106	1	8	157	0	0	0	0	0	0	222	0	4	5	8	0	0	0	0	10	0	0	0	0	1	28	60	3	0	92	0	0	0	3	0
0	37	5	231	118	6	37	0	8	0	105	0	2	38	36	4	432	595	148	4	1214	440	0	0	61	2	2	0	142	9	598	102	2	306	2	0	5	0	169	106	0	3	266	69	1	231	0	0	4	11	697	0	62	212	156	1	12	2	313	243	0	0	0	26	5	45	104	88	0	37	113	468	3	25	182
0	0	2	76	382	0	0	0	47	0	0	0	0	2	0	0	12	0	0	2	30	0	0	0	0	0	88	0	0	1	0	10	70	0	5	0	3	0	1	1	3	0	7	16	1	0	0	0	0	161	189	0	1	0	0	0	0	0	4	94	0	0	2	526	201	0	0	22	0	295	2	0	71	70	0
0	20	427	528	75	3	172	0	3	0	297	0	14	29	118	579	57	38	14	217	520	0	0	0	12	2	47	0	9	1085	20	18	256	529	1	0	0	0	10	8	266	7	0	17	0	161	0	0	52	6	188	2	15	0	11	137	20	2	13	19	0	0	21	1	17	12	701	79	0	61	330	46	7	21	97
0	0	5	1	720	2	0	0	4	0	1	0	0	5	1	5	10	71	60	4	57	5	0	0	1	15	3	0	2	1	13	460	0	98	7	0	2	0	453	157	69	16	17	0	0	0	0	0	0	82	367	1	16	2	190	0	0	1	3	218	0	0	5	131	3	45	36	11	0	9	57	292	2	21	10
0	0	0	0	0	0	0	0	0	0	0	0	0	907	0	0	0	0	0	0	0	0	0	0	0	3	0	0	0	0	0	0	0	0	0	0	0	0	0	0	1	1	0	0	0	0	0	0	0	0	0	0	0	4	0	0	0	0	0	0	0	0	0	0	0	0	0	0	0	0	0	0	0	0	0
0	0	0	146	5	0	95	0	0	0	60	0	0	128	6	553	473	0	4	633	0	1	0	0	1	1	78	0	0	1056	1	0	46	36	17	0	0	0	0	0	231	0	161	0	0	0	0	0	0	0	0	350	3	0	0	122	0	313	0	0	0	0	202	0	22	0	0	25	0	32	0	0	0	13	1
0	0	0	0	0	0	0	0	0	0	0	0	0	0	0	0	0	0	0	0	0	0	0	0	0	0	0	0	0	0	0	0	0	0	0	0	0	0	0	0	0	0	0	0	0	0	0	0	0	0	0	0	0	0	0	0	0	0	0	0	0	0	0	0	0	0	0	0	0	0	0	0	0	0	0
0	0	0	0	0	0	0	0	0	0	0	0	0	0	0	0	0	0	0	0	0	0	0	0	0	0	0	0	0	0	0	0	0	0	0	0	0	0	0	0	0	0	0	0	0	0	0	0	0	0	0	0	0	0	0	0	0	0	0	0	0	0	0	0	0	0	0	0	0	0	0	0	0	0	0
0	0	11	170	0	0	98	0	0	0	0	0	0	0	2	0	0	17	49	0	2	6	0	0	37	3	0	0	18	0	15	0	0	0	0	0	0	0	7	0	4	0	52	0	0	0	0	0	0	0	0	0	157	29	12	0	0	0	0	7	0	0	1	0	13	46	161	0	0	3	0	0	0	0	3
0	0	0	27	130	0	11	0	0	0	0	0	0	20	0	36	2	2	1	1	0	1	0	0	0	7	196	0	0	10	5	0	0	0	0	0	0	0	0	0	11	161	6	82	0	0	0	0	0	0	0	0	1	2	1	0	0	0	0	7	0	0	11	0	9	0	1	134	0	57	0	0	7	10	0
0	0	60	2	696	6	2	0	2	0	23	1	32	3	3	0	39	277	54	3	1638	65	0	0	34	20	3	0	14	1	203	816	12	304	8	0	0	0	889	222	697	189	188	367	0	0	0	0	0	0	0	0	21	4	319	0	0	1	143	313	0	0	0	16	0	29	235	0	0	0	233	553	1	91	19
0	0	0	0	2	0	0	0	0	0	0	0	0	7	0	1	1	6	31	89	0	1	0	0	15	0	0	0	0	1	0	0	0	0	0	0	0	0	0	0	0	0	2	1	0	350	0	0	0	0	0	0	1	23	0	2	0	221	0	0	0	0	41	0	0	0	1	0	0	2	0	2	2	2	0
0	322	483	197	3	0	131	0	1	0	87	0	212	0	21	0	1	18	97	0	3	711	0	0	138	2	0	0	123	9	27	0	0	26	11	0	0	0	11	4	62	1	15	16	0	3	0	0	157	1	21	1	0	377	24	0	148	0	482	40	0	0	0	0	2	140	279	15	0	19	12	13	1	2	2
0	133	3	6	6	0	1	0	0	0	23	0	2	0	166	0	0	236	108	0	2	482	0	0	11	0	0	0	28	4	94	0	0	51	0	0	0	0	48	5	212	0	0	2	4	0	0	0	29	2	4	23	377	0	55	0	101	1	412	15	0	0	0	0	1	0	3	0	0	0	13	1	0	5	6
0	6	46	6	83	3	2	0	0	0	13	0	1	13	26	9	3	318	423	0	29	33	0	0	608	6	9	0	272	1	8	705	2	56	6	0	3	0	180	8	156	0	11	190	0	0	0	0	12	1	319	0	24	55	0	0	1	0	47	11	0	0	7	2	17	611	141	61	0	9	15	21	0	12	2
0	0	0	2	0	0	0	0	0	0	0	333	0	15	0	475	0	0	0	324	0	0	0	0	1	0	72	0	0	690	0	0	207	0	880	0	0	0	0	0	1	0	137	0	0	122	0	0	0	0	0	2	0	0	0	0	0	269	0	0	0	0	539	1	27	0	14	15	0	0	0	0	7	3	0
0	1153	185	15	1	0	7	0	0	0	59	1	8	0	55	0	0	14	3	0	0	204	0	0	4	0	0	0	1	0	0	0	0	0	3	0	0	0	0	0	12	0	20	0	0	0	0	0	0	0	0	0	148	101	1	0	0	0	88	1	0	0	0	1	0	1	52	0	0	0	0	0	0	1	3
0	0	0	0	4	0	0	0	0	0	3	0	0	11	2	19	0	1	2	244	0	1	0	0	3	0	0	0	0	277	0	0	43	5	277	0	7	0	1	0	2	0	2	1	0	313	0	0	0	0	1	221	0	1	0	269	0	0	12	0	0	0	188	9	8	0	2	131	0	6	0	0	0	23	0
0	308	42	40	8	0	0	0	0	0	0	3	0	0	0	19	0	342	89	2	4	295	0	0	172	0	0	0	76	2	0	0	0	6	15	0	0	0	0	0	313	4	13	3	0	0	0	0	0	0	143	0	482	412	47	0	88	12	0	10	0	0	0	0	0	198	18	20	0	4	0	0	0	1	66
0	14	3	8	133	0	1	0	0	0	15	0	0	14	0	0	2	32	121	1	104	14	0	0	67	4	111	0	126	1	20	2	1	29	3	0	0	0	42	10	243	94	19	218	0	0	0	0	7	7	313	0	40	15	11	0	1	0	10	0	0	0	1	23	2	113	41	12	0	111	4	37	0	17	6
0	0	0	0	0	0	0	0	0	0	0	0	0	0	0	0	0	0	0	0	0	0	0	0	0	0	0	0	0	0	0	0	0	0	0	0	0	0	0	0	0	0	0	0	0	0	0	0	0	0	0	0	0	0	0	0	0	0	0	0	0	0	0	0	0	0	0	0	0	0	0	0	0	0	0
0	0	0	0	0	0	0	0	0	0	0	0	0	0	0	0	0	0	0	0	0	0	0	0	0	0	0	0	0	0	0	0	0	0	0	0	0	0	0	0	0	0	0	0	0	0	0	0	0	0	0	0	0	0	0	0	0	0	0	0	0	0	0	0	0	0	0	0	0	0	0	0	0	0	0
0	0	0	11	12	0	0	0	4	0	0	143	0	22	0	342	76	0	1	327	3	3	0	0	2	0	61	0	1	470	4	0	25	0	628	0	16	0	0	0	0	2	21	5	0	202	0	0	1	11	0	41	0	0	7	539	0	188	0	1	0	0	0	18	55	2	0	60	0	35	3	0	29	22	0
0	2	0	11	210	0	0	0	0	0	0	0	0	28	0	4	41	3	7	0	0	0	0	0	4	1	556	0	7	29	2	31	0	0	11	0	0	0	0	0	26	526	1	131	0	0	0	0	0	0	16	0	0	0	2	1	1	9	0	23	0	0	18	0	98	1	3	799	0	331	0	0	30	30	0
0	0	25	44	31	0	0	0	205	0	3	0	0	7	0	6	361	0	9	35	30	0	0	0	1	31	432	0	1	6	7	10	282	6	40	0	413	0	14	1	5	201	17	3	0	22	0	0	13	9	0	0	2	1	17	27	0	8	0	2	0	0	55	98	0	4	3	1347	0	125	16	11	28	101	0
0	0	40	3	5	1	1	0	1	0	127	0	0	0	228	0	0	131	322	0	9	6	0	0	733	4	2	0	329	0	5	497	1	76	24	0	1	0	541	28	45	0	12	45	0	0	0	0	46	0	29	0	140	0	611	0	1	0	198	113	0	0	2	1	4	0	178	0	0	1	18	33	0	4	23
0	187	387	102	100	0	185	0	1	0	200	0	141	0	18	235	9	38	17	0	151	10	0	0	13	0	75	0	10	201	19	180	2	383	1	0	7	0	241	60	104	0	701	36	0	0	0	0	161	1	235	1	279	3	141	14	52	2	18	41	0	0	0	3	3	178	0	31	0	3	363	85	0	5	41
0	0	0	23	28	0	0	0	31	0	3	0	0	84	0	20	646	3	70	43	53	0	0	0	23	0	473	0	7	18	3	0	174	0	31	0	338	0	1	3	88	22	79	11	0	25	0	0	0	134	0	0	15	0	61	15	0	131	20	12	0	0	60	799	1347	0	31	0	0	268	17	1	75	182	7
0	0	0	0	0	0	0	0	0	0	0	0	0	0	0	0	0	0	0	0	0	0	0	0	0	0	0	0	0	0	0	0	0	0	0	0	0	0	0	0	0	0	0	0	0	0	0	0	0	0	0	0	0	0	0	0	0	0	0	0	0	0	0	0	0	0	0	0	0	0	0	0	0	0	0
0	0	1	9	370	0	0	0	18	0	2	1	19	30	0	15	128	0	14	4	10	0	0	0	11	0	160	0	0	10	2	1	58	2	8	0	82	0	4	92	37	295	61	9	0	32	0	0	3	57	0	2	19	0	9	0	0	6	4	111	0	0	35	331	125	1	3	268	0	0	10	2	5	69	5
0	0	161	70	6	0	98	0	0	0	4	0	0	2	0	241	22	33	7	72	727	15	0	0	26	6	8	0	17	480	0	55	0	21	10	0	0	0	4	0	113	2	330	57	0	0	0	0	0	0	233	0	12	13	15	0	0	0	0	4	0	0	3	0	16	18	363	17	0	10	0	10	3	2	0
0	0	5	4	143	6	1	0	0	0	1	3	0	0	0	4	75	102	40	2	611	1	0	0	58	10	2	0	136	0	6	235	0	8	7	0	0	0	9	0	468	0	46	292	0	0	0	0	0	0	553	2	13	1	21	0	0	0	0	37	0	0	0	0	11	33	85	1	0	2	10	0	0	22	1
0	0	0	11	3	100	0	0	6	0	0	0	0	18	0	1	39	0	2	6	52	0	0	0	0	0	102	0	0	0	1	0	5	0	3	0	0	0	0	0	3	71	7	2	0	0	0	0	0	7	1	2	1	0	0	7	0	0	0	0	0	0	29	30	28	0	0	75	0	5	3	0	0	3	0
0	0	2	9	32	0	0	0	13	0	1	0	0	32	3	16	37	9	16	6	166	5	0	0	7	0	79	0	4	10	4	127	14	8	30	0	18	0	25	3	25	70	21	21	0	13	0	0	0	10	91	2	2	5	12	3	1	23	1	17	0	0	22	30	101	4	5	182	0	69	2	22	3	0	0
0	0	0	119	0	0	59	0	0	0	66	0	0	3	59	0	0	1	7	2	0	20	0	0	18	0	0	0	41	0	62	0	0	4	0	0	0	0	2	0	182	0	97	10	0	1	0	0	3	0	19	0	2	6	2	0	3	0	66	6	0	0	0	0	0	23	41	7	0	5	0	1	0	0	0
