0	0	0	0	0	0	0	0	0	0	0	0	0	0	0	0	0	0	0	0	0	0	0	0	0	0	0	0	0	0	0	0	0	0	0	0	0	0	0	0	0	0	0	0	0	0	0	0	0	0	0	0	0	0	0	0	0	0	0	0	0	0	0	0	0	0	0	0	0	0	0	0	0	0	0
0	0	130	6	1	0	0	0	0	0	0	0	0	0	7	0	0	0	51	0	0	0	0	0	3	0	0	0	556	0	0	0	0	0	0	0	0	0	0	0	0	0	0	0	0	0	0	0	0	0	0	0	0	132	0	0	550	0	0	0	3	0	0	0	0	5	0	0	0	0	0	0	0	1	0
0	130	0	0	2	0	0	0	0	0	0	0	73	0	54	0	0	0	32	0	0	5	0	0	15	0	0	126	39	0	0	0	0	41	0	0	0	0	2	0	0	0	103	19	0	0	0	0	1	0	0	0	108	0	2	0	1	0	13	0	0	9	0	0	33	56	121	0	0	0	27	3	0	2	2
0	6	0	0	14	0	280	0	0	0	98	4	4	11	6	291	0	0	17	7	2	325	0	0	5	0	0	2	1	0	328	0	0	125	0	0	0	0	9	0	86	2	582	1	0	372	0	0	234	0	0	0	364	1	0	0	14	0	14	12	11	13	0	0	48	5	182	0	0	0	62	0	0	14	984
0	1	2	14	0	0	0	0	0	3	1	0	11	5	0	10	205	17	19	0	53	5	0	0	0	0	0	4	0	0	8	82	56	1	0	0	88	0	66	74	34	61	36	98	8	61	0	0	3	13	0	0	8	0	14	8	0	0	38	100	11	38	5	280	43	1	15	255	0	52	20	56	10	9	15
0	0	0	0	0	0	0	0	0	0	0	0	0	0	0	0	0	0	0	0	0	0	0	0	0	0	0	0	0	0	0	0	0	0	0	0	0	0	0	0	0	0	0	0	0	0	0	0	0	0	0	0	0	0	0	0	0	0	0	0	0	0	0	0	0	0	0	0	0	0	0	0	0	0	0
0	0	0	280	0	0	0	0	0	0	54	0	0	1	58	117	0	0	1	0	0	25	0	0	0	0	0	0	1	0	19	0	0	2	0	0	0	0	0	1	1	0	15	0	0	61	0	0	69	0	0	0	29	0	0	0	4	0	0	10	0	0	0	0	0	1	5	0	0	0	1	0	0	1	315
0	0	0	0	0	0	0	0	0	0	0	0	0	0	0	0	0	0	0	0	0	0	0	0	0	0	0	0	0	0	0	0	0	0	0	0	0	0	0	0	0	0	0	0	0	0	0	0	0	0	0	0	0	0	0	0	0	0	0	0	0	0	0	0	0	0	0	0	0	0	0	0	0	0	0
0	0	0	0	0	0	0	0	0	0	0	0	0	0	0	0	0	0	0	0	0	0	0	0	0	0	0	0	0	0	0	0	0	0	0	0	0	0	0	0	0	0	0	0	0	0	0	0	0	0	0	0	0	0	0	0	0	0	0	0	0	0	0	0	0	0	0	0	0	0	0	0	0	0	0
0	0	0	0	3	0	0	0	0	0	0	3	0	0	0	0	19	2	0	0	0	0	0	0	0	0	0	2	0	0	0	141	7	0	0	0	0	0	0	484	0	378	0	158	0	0	0	0	0	0	0	0	0	0	1	0	0	0	0	563	0	0	0	6	7	0	2	248	0	4	4	0	174	0	0
0	0	0	98	1	0	54	0	0	0	0	0	0	35	169	446	0	0	62	0	0	0	0	0	57	0	0	0	0	0	0	0	0	28	0	0	0	0	0	0	0	0	219	0	0	0	0	0	102	0	0	0	0	1	0	0	0	0	0	0	9	0	0	0	0	41	3	0	0	0	2	0	0	1	484
0	0	0	4	0	0	0	0	0	3	0	0	0	0	0	1	0	0	0	5	0	0	0	0	0	2	0	0	0	0	0	0	0	0	7	0	0	0	0	0	0	0	0	0	0	0	0	0	0	0	0	0	0	0	0	4	0	0	0	1	1194	0	0	0	4	0	3	0	0	0	0	0	0	0	0
0	0	73	4	11	0	0	0	0	0	0	0	0	3	12	3	0	0	4	16	0	0	0	0	2	0	0	27	3	0	0	0	0	6	0	0	0	0	0	0	0	0	8	18	0	0	0	0	0	0	0	0	0	0	0	0	0	0	0	13	0	0	0	0	22	2	44	0	0	0	0	0	0	4	2
0	0	0	11	5	0	1	0	0	0	35	0	3	0	26	125	4	0	6	23	0	0	0	0	0	0	0	0	0	0	0	0	16	0	0	0	35	0	1	28	15	0	8	1	924	136	0	0	2	0	0	0	0	0	12	9	0	0	0	4	4	43	13	20	2	0	0	56	0	19	1	2	11	15	5
0	7	54	6	0	0	58	0	0	0	169	0	12	26	0	28	2	395	1342	0	0	103	0	0	731	0	0	343	0	0	111	1	28	215	0	0	0	0	640	0	216	0	62	7	0	12	0	0	409	0	0	0	172	8	238	0	0	0	212	137	0	5	0	0	0	804	8	0	0	5	63	56	0	3	130
0	0	0	291	10	0	117	0	0	0	446	1	3	125	28	0	205	1	3	386	3	0	0	0	1	1	0	0	0	12	0	0	583	192	3	0	15	0	1	0	2	2	491	2	0	625	0	0	0	0	0	0	0	1	7	351	0	0	16	0	14	17	226	31	38	2	29	90	0	24	413	1	0	29	1
0	0	0	0	205	0	0	0	0	19	0	0	0	4	2	205	0	0	0	224	142	0	0	0	0	1	2	0	0	0	0	0	0	76	0	0	0	0	0	0	0	0	6	3	0	4	0	0	0	0	0	0	0	0	0	0	0	0	0	0	0	0	0	0	258	4	52	0	0	9	0	0	1	205	2
0	0	0	0	17	0	0	0	0	2	0	0	0	0	395	1	0	0	78	4	252	0	0	0	102	1	0	300	135	0	0	0	0	18	0	0	0	0	0	0	0	0	12	74	0	0	0	0	2	0	0	0	0	39	24	0	0	0	0	135	6	0	0	0	2	139	24	0	0	2	0	0	0	16	1
0	51	32	17	19	0	1	0	0	0	62	0	4	6	1342	3	0	78	0	5	43	99	0	0	902	0	0	67	293	0	345	293	8	120	0	0	18	0	883	14	181	0	8	139	0	4	0	0	307	0	0	0	194	6	406	0	0	0	552	314	0	24	4	0	0	1669	2	3	0	5	14	72	0	57	44
0	0	0	7	0	0	0	0	0	0	0	5	16	23	0	386	224	4	5	0	0	0	0	0	0	0	0	1	0	3	6	0	114	30	2	0	5	0	4	0	20	0	150	4	0	222	0	0	0	1	0	0	0	0	3	137	0	0	23	1	0	10	296	2	1	0	2	5	0	3	1	0	0	3	3
0	0	0	2	53	0	0	0	0	0	0	0	0	0	0	3	142	252	43	0	0	8	0	0	0	0	0	225	1	0	398	24	8	270	0	0	22	0	54	0	222	0	63	55	0	0	0	0	0	0	0	0	0	0	8	18	0	0	20	48	0	70	0	0	7	8	13	2	0	7	212	30	0	83	22
0	0	5	325	5	0	25	0	0	0	0	0	0	0	103	0	0	0	99	0	8	0	0	0	128	0	0	36	533	0	0	0	0	26	0	0	0	0	0	0	0	0	10	1	0	0	0	0	60	0	0	0	0	140	1	0	0	0	0	90	0	0	0	0	0	50	0	0	0	1	0	0	0	5	113
0	0	0	0	0	0	0	0	0	0	0	0	0	0	0	0	0	0	0	0	0	0	0	0	0	0	0	0	0	0	0	0	0	0	0	0	0	0	0	0	0	0	0	0	0	0	0	0	0	0	0	0	0	0	0	0	0	0	0	0	0	0	0	0	0	0	0	0	0	0	0	0	0	0	0
0	0	0	0	0	0	0	0	0	0	0	0	0	0	0	0	0	0	0	0	0	0	0	0	0	0	0	0	0	0	0	0	0	0	0	0	0	0	0	0	0	0	0	0	0	0	0	0	0	0	0	0	0	0	0	0	0	0	0	0	0	0	0	0	0	0	0	0	0	0	0	0	0	0	0
0	3	15	5	0	0	0	0	0	0	57	0	2	0	731	1	0	102	902	0	0	128	0	0	0	0	0	48	174	0	200	2	10	100	0	0	0	0	667	6	158	0	18	0	0	1	0	0	266	1	0	0	181	3	662	0	0	0	373	76	1	3	0	0	1	1029	67	1	0	8	16	314	0	5	4
0	0	0	0	0	0	0	0	0	0	0	2	0	0	0	1	1	1	0	0	0	0	0	0	0	0	0	2	0	0	0	0	2	1	0	0	0	0	1	0	0	0	16	0	4	0	0	0	0	0	0	0	0	0	0	0	0	0	0	0	0	0	0	0	2	0	0	6	0	0	0	1	0	0	0
0	0	0	0	0	0	0	0	0	0	0	0	0	0	0	0	2	0	0	0	0	0	0	0	0	0	0	0	0	0	0	0	0	0	0	0	0	0	0	0	0	0	0	0	0	0	0	0	0	0	0	0	0	0	0	0	0	0	0	0	0	0	0	4	0	0	48	12	0	0	0	0	0	6	0
0	0	126	2	4	0	0	0	0	2	0	0	27	0	343	0	0	300	67	1	225	36	0	0	48	2	0	0	113	0	173	10	56	462	0	0	0	0	432	2	211	0	18	45	0	0	0	0	33	0	0	0	8	29	191	0	0	0	296	57	2	247	0	0	0	141	23	0	0	1	1	14	0	4	3
0	556	39	1	0	0	1	0	0	0	0	0	3	0	0	0	0	135	293	0	1	533	0	0	174	0	0	113	0	0	167	0	13	0	0	0	0	0	142	0	84	0	0	0	0	0	0	0	11	0	0	0	429	107	49	0	43	0	444	2	1	0	0	0	0	250	0	0	0	0	0	30	0	4	0
0	0	0	0	0	0	0	0	0	0	0	0	0	0	0	12	0	0	0	3	0	0	0	0	0	0	0	0	0	0	0	0	15	0	0	0	2	0	0	0	0	0	7	0	0	18	0	0	0	0	0	0	0	0	0	16	0	0	0	0	0	0	11	0	0	0	0	7	0	0	2	0	0	0	0
0	0	0	328	8	0	19	0	0	0	0	0	0	0	111	0	0	0	345	6	398	0	0	0	200	0	0	173	167	0	0	0	0	36	0	0	0	0	0	0	0	0	9	3	0	0	0	0	10	0	0	0	0	11	0	0	0	0	0	206	10	0	0	0	0	18	38	0	0	1	0	0	0	8	101
0	0	0	0	82	0	0	0	0	141	0	0	0	0	1	0	0	0	293	0	24	0	0	0	2	0	0	10	0	0	0	0	0	6	0	0	0	0	0	0	0	0	0	702	0	0	0	0	0	0	0	0	0	0	10	0	0	0	0	145	0	0	0	0	0	154	176	0	0	0	0	0	0	63	0
0	0	0	0	56	0	0	0	0	7	0	0	0	16	28	583	0	0	8	114	8	0	0	0	10	2	0	56	13	15	0	0	0	0	8	0	0	0	0	0	0	0	140	9	0	0	0	0	2	0	0	0	0	0	0	19	0	0	0	1	9	0	0	0	183	11	13	0	0	10	0	0	1	56	7
0	0	41	125	1	0	2	0	0	0	28	0	6	0	215	192	76	18	120	30	270	26	0	0	100	1	0	462	0	0	36	6	0	0	0	0	0	0	14	0	18	0	292	118	0	4	0	0	5	0	0	0	2	8	18	5	0	0	130	127	7	4	0	0	4	147	141	0	0	0	12	30	0	1	677
0	0	0	0	0	0	0	0	0	0	0	7	0	0	0	3	0	0	0	2	0	0	0	0	0	0	0	0	0	0	0	0	8	0	0	0	1	0	0	0	0	0	1	0	0	3	0	0	0	0	0	0	0	0	0	16	0	0	0	0	572	0	6	0	0	0	0	0	0	0	0	0	0	0	0
0	0	0	0	0	0	0	0	0	0	0	0	0	0	0	0	0	0	0	0	0	0	0	0	0	0	0	0	0	0	0	0	0	0	0	0	0	0	0	0	0	0	0	0	0	0	0	0	0	0	0	0	0	0	0	0	0	0	0	0	0	0	0	0	0	0	0	0	0	0	0	0	0	0	0
0	0	0	0	88	0	0	0	0	0	0	0	0	35	0	15	0	0	18	5	22	0	0	0	0	0	0	0	0	2	0	0	0	0	1	0	0	0	0	0	0	0	8	5	0	2	0	0	0	0	0	0	0	0	0	0	0	0	0	1	12	0	0	0	735	16	29	0	0	39	0	0	0	88	2
0	0	0	0	0	0	0	0	0	0	0	0	0	0	0	0	0	0	0	0	0	0	0	0	0	0	0	0	0	0	0	0	0	0	0	0	0	0	0	0	0	0	0	0	0	0	0	0	0	0	0	0	0	0	0	0	0	0	0	0	0	0	0	0	0	0	0	0	0	0	0	0	0	0	0
0	0	2	9	66	0	0	0	0	0	0	0	0	1	640	1	0	0	883	4	54	0	0	0	667	1	0	432	142	0	0	0	0	14	0	0	0	0	0	0	0	0	5	857	0	0	0	0	5	0	0	0	0	3	31	0	0	0	0	1494	0	0	0	0	2	1016	232	0	0	1	0	0	0	22	19
0	0	0	0	74	0	1	0	0	484	0	0	0	28	0	0	0	0	14	0	0	0	0	0	6	0	0	2	0	0	0	0	0	0	0	0	0	0	0	0	0	0	2	397	0	0	0	0	3	0	0	0	0	0	3	0	0	0	0	819	0	0	0	0	1	36	3	0	0	5	0	0	0	59	0
0	0	0	86	34	0	1	0	0	0	0	0	0	15	216	2	0	0	181	20	222	0	0	0	158	0	0	211	84	0	0	0	0	18	0	0	0	0	0	0	0	0	10	71	0	0	0	0	1	0	0	0	0	14	7	0	0	0	0	376	1	0	0	0	10	154	29	0	0	4	0	0	0	34	277
0	0	0	2	61	0	0	0	0	378	0	0	0	0	0	2	0	0	0	0	0	0	0	0	0	0	0	0	0	0	0	0	0	0	0	0	0	0	0	0	0	0	0	2	0	0	0	0	0	0	0	0	0	0	0	0	0	0	0	2	0	0	0	0	40	2	3	0	0	0	0	0	0	55	0
0	0	103	582	36	0	15	0	0	0	219	0	8	8	62	491	6	12	8	150	63	10	0	0	18	16	0	18	0	7	9	0	140	292	1	0	8	0	5	2	10	0	0	44	3	150	0	0	41	1	0	0	1	0	4	17	0	0	2	26	11	2	2	2	22	30	222	8	0	6	232	8	0	34	248
0	0	19	1	98	0	0	0	0	158	0	0	18	1	7	2	3	74	139	4	55	1	0	0	0	0	0	45	0	0	3	702	9	118	0	0	5	0	857	397	71	2	44	0	21	2	0	0	3	7	0	0	27	0	629	0	0	0	17	2681	0	9	0	195	5	98	38	6	0	3	50	392	0	154	1
0	0	0	0	8	0	0	0	0	0	0	0	0	924	0	0	0	0	0	0	0	0	0	0	0	4	0	0	0	0	0	0	0	0	0	0	0	0	0	0	0	0	3	21	0	0	0	0	0	0	0	0	0	2	0	0	0	0	0	185	0	0	0	0	0	0	0	0	0	3	0	0	0	8	0
0	0	0	372	61	0	61	0	0	0	0	0	0	136	12	625	4	0	4	222	0	0	0	0	1	0	0	0	0	18	0	0	0	4	3	0	2	0	0	0	0	0	150	2	0	0	0	0	0	0	0	0	0	0	2	2	0	0	0	5	16	2	0	2	310	10	0	4	0	17	0	0	1	61	556
0	0	0	0	0	0	0	0	0	0	0	0	0	0	0	0	0	0	0	0	0	0	0	0	0	0	0	0	0	0	0	0	0	0	0	0	0	0	0	0	0	0	0	0	0	0	0	0	0	0	0	0	0	0	0	0	0	0	0	0	0	0	0	0	0	0	0	0	0	0	0	0	0	0	0
0	0	0	0	0	0	0	0	0	0	0	0	0	0	0	0	0	0	0	0	0	0	0	0	0	0	0	0	0	0	0	0	0	0	0	0	0	0	0	0	0	0	0	0	0	0	0	0	0	0	0	0	0	0	0	0	0	0	0	0	0	0	0	0	0	0	0	0	0	0	0	0	0	0	0
0	0	1	234	3	0	69	0	0	0	102	0	0	2	409	0	0	2	307	0	0	60	0	0	266	0	0	33	11	0	10	0	2	5	0	0	0	0	5	3	1	0	41	3	0	0	0	0	0	0	0	0	102	1	4	0	0	0	13	3	0	2	0	0	2	231	145	2	0	1	2	4	0	3	18
0	0	0	0	13	0	0	0	0	0	0	0	0	0	0	0	0	0	0	1	0	0	0	0	1	0	0	0	0	0	0	0	0	0	0	0	0	0	0	0	0	0	1	7	0	0	0	0	0	0	0	0	0	0	0	0	0	0	0	8	0	0	0	0	0	13	4	0	0	2	0	0	0	13	0
0	0	0	0	0	0	0	0	0	0	0	0	0	0	0	0	0	0	0	0	0	0	0	0	0	0	0	0	0	0	0	0	0	0	0	0	0	0	0	0	0	0	0	0	0	0	0	0	0	0	0	0	0	0	0	0	0	0	0	0	0	0	0	0	0	0	0	0	0	0	0	0	0	0	0
0	0	0	0	0	0	0	0	0	0	0	0	0	0	0	0	0	0	0	0	0	0	0	0	0	0	0	0	0	0	0	0	0	0	0	0	0	0	0	0	0	0	0	0	0	0	0	0	0	0	0	0	0	0	0	0	0	0	0	0	3	0	0	0	0	0	0	0	0	0	0	0	0	0	0
0	0	108	364	8	0	29	0	0	0	0	0	0	0	172	0	0	0	194	0	0	0	0	0	181	0	0	8	429	0	0	0	0	2	0	0	0	0	0	0	0	0	1	27	0	0	0	0	102	0	0	0	0	139	4	0	0	0	0	300	1	0	0	0	0	133	71	0	0	0	0	0	0	8	9
0	132	0	1	0	0	0	0	0	0	1	0	0	0	8	1	0	39	6	0	0	140	0	0	3	0	0	29	107	0	11	0	0	8	0	0	0	0	3	0	14	0	0	0	2	0	0	0	1	0	0	0	139	0	0	0	1	0	106	1	0	1	0	0	0	3	0	0	0	0	0	0	0	0	0
0	0	2	0	14	0	0	0	0	1	0	0	0	12	238	7	0	24	406	3	8	1	0	0	662	0	0	191	49	0	0	10	0	18	0	0	0	0	31	3	7	0	4	629	0	2	0	0	4	0	0	0	4	0	0	1	0	0	11	66	0	6	0	0	5	970	181	6	0	4	1	17	0	8	3
0	0	0	0	8	0	0	0	0	0	0	4	0	9	0	351	0	0	0	137	18	0	0	0	0	0	0	0	0	16	0	0	19	5	16	0	0	0	0	0	0	0	17	0	0	2	0	0	0	0	0	0	0	0	1	0	0	0	0	0	3740	0	5	0	22	0	28	11	0	0	0	0	0	8	1
0	550	1	14	0	0	4	0	0	0	0	0	0	0	0	0	0	0	0	0	0	0	0	0	0	0	0	0	43	0	0	0	0	0	0	0	0	0	0	0	0	0	0	0	0	0	0	0	0	0	0	0	0	1	0	0	0	0	0	0	0	0	0	0	0	0	1	0	0	0	0	0	0	0	0
0	0	0	0	0	0	0	0	0	0	0	0	0	0	0	0	0	0	0	0	0	0	0	0	0	0	0	0	0	0	0	0	0	0	0	0	0	0	0	0	0	0	0	0	0	0	0	0	0	0	0	0	0	0	0	0	0	0	0	0	0	0	0	0	0	0	0	0	0	0	0	0	0	0	0
0	0	13	14	38	0	0	0	0	0	0	0	0	0	212	16	0	0	552	23	20	0	0	0	373	0	0	296	444	0	0	0	0	130	0	0	0	0	0	0	0	0	2	17	0	0	0	0	13	0	0	0	0	106	11	0	0	0	0	90	4	0	0	0	15	456	15	0	0	2	0	0	0	38	464
0	0	0	12	100	0	10	0	0	563	0	1	13	4	137	0	0	135	314	1	48	90	0	0	76	0	0	57	2	0	206	145	1	127	0	0	1	0	1494	819	376	2	26	2681	185	5	0	0	3	8	0	0	300	1	66	0	0	0	90	0	10	6	0	1391	17	328	202	6	0	16	172	219	0	203	6
0	3	0	11	11	0	0	0	0	0	9	1194	0	4	0	14	0	6	0	0	0	0	0	0	1	0	0	2	1	0	10	0	9	7	572	0	12	0	0	0	1	0	11	0	0	16	0	0	0	0	0	3	1	0	0	3740	0	0	4	10	0	10	2592	91	0	2	0	1	0	145	0	1	0	62	1
0	0	9	13	38	0	0	0	0	0	0	0	0	43	5	17	0	0	24	10	70	0	0	0	3	0	0	247	0	0	0	0	0	4	0	0	0	0	0	0	0	0	2	9	0	2	0	0	2	0	0	0	0	1	6	0	0	0	0	6	10	0	0	0	321	5	15	0	0	31	0	0	2	37	0
0	0	0	0	5	0	0	0	0	0	0	0	0	13	0	226	0	0	4	296	0	0	0	0	0	0	0	0	0	11	0	0	0	0	6	0	0	0	0	0	0	0	2	0	0	0	0	0	0	0	0	0	0	0	0	5	0	0	0	0	2592	0	0	0	44	1	0	0	0	7	0	0	0	5	21
0	0	0	0	280	0	0	0	0	6	0	0	0	20	0	31	0	0	0	2	0	0	0	0	0	0	4	0	0	0	0	0	0	0	0	0	0	0	0	0	0	0	2	195	0	2	0	0	0	0	0	0	0	0	0	0	0	0	0	1391	91	0	0	0	44	1	14	0	0	41	0	1	0	262	0
0	0	33	48	43	0	0	0	0	7	0	4	22	2	0	38	258	2	0	1	7	0	0	0	1	2	0	0	0	0	0	0	183	4	0	0	735	0	2	1	10	40	22	5	0	310	0	0	2	0	0	0	0	0	5	22	0	0	15	17	0	321	44	44	0	1	5	1402	0	34	0	0	0	144	0
0	5	56	5	1	0	1	0	0	0	41	0	2	0	804	2	4	139	1669	0	8	50	0	0	1029	0	0	141	250	0	18	154	11	147	0	0	16	0	1016	36	154	2	30	98	0	10	0	0	231	13	0	0	133	3	970	0	0	0	456	328	2	5	1	1	1	0	138	18	0	1	21	431	0	8	9
0	0	121	182	15	0	5	0	0	2	3	3	44	0	8	29	52	24	2	2	13	0	0	0	67	0	48	23	0	0	38	176	13	141	0	0	29	0	232	3	29	3	222	38	0	0	0	0	145	4	0	0	71	0	181	28	1	0	15	202	0	15	0	14	5	138	0	22	0	6	191	223	2	45	7
0	0	0	0	255	0	0	0	0	248	0	0	0	56	0	90	0	0	3	5	2	0	0	0	1	6	12	0	0	7	0	0	0	0	0	0	0	0	0	0	0	0	8	6	0	4	0	0	2	0	0	0	0	0	6	11	0	0	0	6	1	0	0	0	1402	18	22	0	0	45	0	0	3	255	28
0	0	0	0	0	0	0	0	0	0	0	0	0	0	0	0	0	0	0	0	0	0	0	0	0	0	0	0	0	0	0	0	0	0	0	0	0	0	0	0	0	0	0	0	0	0	0	0	0	0	0	0	0	0	0	0	0	0	0	0	0	0	0	0	0	0	0	0	0	0	0	0	0	0	0
0	0	0	0	52	0	0	0	0	4	0	0	0	19	5	24	9	2	5	3	7	1	0	0	8	0	0	1	0	0	1	0	10	0	0	0	39	0	1	5	4	0	6	3	3	17	0	0	1	2	0	0	0	0	4	0	0	0	2	16	145	31	7	41	34	1	6	45	0	0	0	9	9	78	0
0	0	27	62	20	0	1	0	0	4	2	0	0	1	63	413	0	0	14	1	212	0	0	0	16	0	0	1	0	2	0	0	0	12	0	0	0	0	0	0	0	0	232	50	0	0	0	0	2	0	0	0	0	0	1	0	0	0	0	172	0	0	0	0	0	21	191	0	0	0	0	0	0	5	12
0	0	3	0	56	0	0	0	0	0	0	0	0	2	56	1	0	0	72	0	30	0	0	0	314	1	0	14	30	0	0	0	0	30	0	0	0	0	0	0	0	0	8	392	0	0	0	0	4	0	0	0	0	0	17	0	0	0	0	219	1	0	0	1	0	431	223	0	0	9	0	0	0	51	25
0	0	0	0	10	0	0	0	0	174	0	0	0	11	0	0	1	0	0	0	0	0	0	0	0	0	0	0	0	0	0	0	1	0	0	0	0	0	0	0	0	0	0	0	0	1	0	0	0	0	0	0	0	0	0	0	0	0	0	0	0	2	0	0	0	0	2	3	0	9	0	0	0	11	0
0	1	2	14	9	0	1	0	0	0	1	0	4	15	3	29	205	16	57	3	83	5	0	0	5	0	6	4	4	0	8	63	56	1	0	0	88	0	22	59	34	55	34	154	8	61	0	0	3	13	0	0	8	0	8	8	0	0	38	203	62	37	5	262	144	8	45	255	0	78	5	51	11	0	38
0	0	2	984	15	0	315	0	0	0	484	0	2	5	130	1	2	1	44	3	22	113	0	0	4	0	0	3	0	0	101	0	7	677	0	0	2	0	19	0	277	0	248	1	0	556	0	0	18	0	0	0	9	0	3	1	0	0	464	6	1	0	21	0	0	9	7	28	0	0	12	25	0	38	0
