0	0	0	0	0	0	0	0	0	0	0	0	0	0	0	0	0	0	0	0	0	0	0	0	0	0	0	0	0	0	0	0	0	0	0	0	0	0	0	0	0	0	0	0	0	0	0	0	0	0	0	0	0	0	0	0	0	0	0	0	0	0	0	0	0	0	0	0	0	0	0	0	0	0	0
0	0	1123	126	2	0	9	2	0	0	408	1	924	0	0	3	0	84	65	2	2	538	0	0	11	0	0	37	526	0	14	12	0	104	14	0	2	0	58	22	4	0	93	3	0	0	0	0	239	0	0	10	698	230	27	0	1402	0	824	34	0	0	0	0	0	19	379	0	0	1	3	52	0	6	6
0	1123	0	2	3	0	0	0	2	0	26	1	493	0	0	0	0	0	2	0	98	25	0	0	24	0	0	7	56	0	0	3	2	211	0	0	1	0	3	1	3	0	291	4	0	0	0	0	39	0	0	0	507	2	11	0	410	10	28	1	0	0	1	2	55	28	401	1	0	1	489	5	0	3	0
0	126	2	0	2	0	362	0	69	0	475	0	15	68	0	107	20	3	49	2	7	119	0	0	5	0	0	5	8	31	204	3	61	118	2	0	11	0	7	16	30	8	134	2	0	144	0	0	380	31	0	0	130	8	1	0	8	19	17	15	51	0	2	5	14	3	21	89	0	2	178	9	0	22	253
0	2	3	2	0	38	0	5	1	0	73	0	0	0	0	3	2	141	368	1	82	120	0	0	132	0	274	14	222	0	0	334	6	3	0	0	6	0	924	274	82	232	136	680	0	0	0	0	28	233	0	4	64	14	421	0	1	20	80	540	0	0	5	626	5	167	43	15	0	960	5	747	35	302	21
0	0	0	0	38	0	0	0	1	0	0	0	0	0	0	1	6	15	8	0	24	0	0	0	3	0	4	34	0	0	24	1	7	22	1	0	4	0	20	0	30	1	24	0	0	5	0	0	0	0	0	0	5	0	6	0	0	7	0	13	0	0	0	1	4	1	0	8	0	1	4	1	19	2	0
0	9	0	362	0	0	0	0	0	0	54	0	0	0	0	14	0	0	1	0	0	13	0	0	0	0	0	0	0	2	33	0	0	35	0	0	0	0	0	0	0	0	37	0	0	20	0	0	13	0	0	0	19	1	0	0	0	0	0	0	0	0	0	0	0	0	0	0	0	0	9	0	0	0	38
0	2	0	0	5	0	0	0	0	0	0	0	0	0	0	0	0	2	93	0	0	9	0	0	108	0	0	24	33	0	0	0	0	0	0	0	0	0	16	1	1	0	2	0	0	0	0	0	98	0	0	0	1	9	10	0	0	0	12	8	0	0	0	0	17	38	22	0	0	4	0	7	0	0	0
0	0	2	69	1	1	0	0	0	0	0	0	0	27	0	10	57	2	15	4	666	0	0	0	2	0	1	0	0	0	0	0	68	0	28	0	0	0	10	0	21	0	10	0	0	1	0	0	2	0	0	0	2	0	1	0	0	2	0	0	21	0	0	9	245	18	1	35	0	7	59	0	14	0	0
0	0	0	0	0	0	0	0	0	0	0	0	0	0	0	0	0	0	0	0	0	0	0	0	0	0	0	0	0	0	0	0	0	0	0	0	0	0	0	0	0	0	0	0	0	0	0	0	0	0	0	0	0	0	0	0	0	0	0	0	0	0	0	0	0	0	0	0	0	0	0	0	0	0	0
0	408	26	475	73	0	54	0	0	0	0	0	14	121	0	321	1	100	267	74	2	173	0	0	257	0	0	0	213	49	126	1	8	229	3	0	1	0	238	32	357	0	169	6	0	110	0	0	154	11	0	11	167	14	145	0	112	50	29	142	0	0	5	1	0	159	252	12	0	4	123	64	7	20	218
0	1	1	0	0	0	0	0	0	0	0	0	0	0	0	20	0	6	0	6	0	0	0	0	0	0	0	0	0	0	0	0	0	0	7	0	0	0	0	0	0	0	0	0	0	0	0	0	0	0	0	0	1	0	1	0	0	1	0	4	0	0	0	0	0	0	0	0	0	0	0	0	0	0	3
0	924	493	15	0	0	0	0	0	0	14	0	0	39	0	32	0	1	5	1	0	1	0	0	1	0	0	4	93	0	0	0	37	0	2	0	0	0	0	0	4	0	8	11	0	0	0	0	1	0	0	0	227	7	0	0	81	21	0	0	10	0	0	20	10	2	31	67	0	1	2	0	0	0	0
0	0	0	68	0	0	0	0	27	0	121	0	39	0	0	27	9	0	1	1	0	0	0	0	1	0	36	0	19	40	2	0	95	0	5	0	69	0	1	0	10	0	27	3	784	87	0	0	1	0	0	30	0	0	15	0	0	146	2	1	50	0	24	2	10	4	17	242	0	48	13	57	86	49	3
0	0	0	0	0	0	0	0	0	0	0	0	0	0	0	0	0	0	0	0	0	0	0	0	0	0	0	0	0	0	0	0	0	0	0	0	0	0	0	0	0	0	0	0	0	0	0	0	0	0	0	0	0	0	0	0	0	0	0	0	0	0	0	0	0	0	0	0	0	0	0	0	0	0	0
0	3	0	107	3	1	14	0	10	0	321	20	32	27	0	0	191	4	0	678	0	0	0	0	1	0	11	0	1	515	1	0	584	205	13	0	28	0	2	4	45	1	503	1	0	508	0	0	9	21	0	1	2	0	5	141	0	270	16	0	12	0	347	36	41	0	209	208	0	6	457	15	10	59	0
0	0	0	20	2	6	0	0	57	0	1	0	0	9	0	191	0	2	2	508	1006	0	0	0	3	0	205	1	2	1	33	0	40	1	8	0	0	0	3	0	226	0	23	14	0	175	0	0	0	0	0	0	1	2	1	0	0	3	0	0	2	0	118	118	250	1	28	428	0	72	3	0	46	1	0
0	84	0	3	141	15	0	2	2	0	100	6	1	0	0	4	2	0	213	3	446	43	0	0	160	0	1	470	223	0	53	12	45	54	8	0	0	0	232	16	274	0	23	111	0	0	0	0	60	2	0	1	38	158	93	0	7	27	70	14	0	0	2	2	5	126	29	41	0	3	1	33	1	6	0
0	65	2	49	368	8	1	93	15	0	267	0	5	1	0	0	2	213	0	0	13	366	0	0	844	0	8	89	716	0	180	130	13	9	2	0	46	0	972	33	178	0	52	369	0	33	0	0	236	19	0	24	396	11	719	0	20	81	367	151	0	0	0	18	5	1106	27	115	0	5	3	337	14	43	7
0	2	0	2	1	0	0	0	4	0	74	6	1	1	0	678	508	3	0	0	23	0	0	0	0	0	2	0	0	390	36	0	186	285	2	0	0	0	0	1	79	0	341	0	0	505	0	0	0	18	0	5	0	0	0	135	0	89	2	0	0	0	300	0	0	1	3	5	0	10	51	1	63	5	3
0	2	98	7	82	24	0	0	666	0	2	0	0	0	0	0	1006	446	13	23	0	93	0	0	21	0	35	151	0	2	1354	60	27	652	2	0	12	0	222	412	976	6	431	117	0	3	0	0	0	4	0	0	14	0	26	0	1	7	0	66	0	0	2	5	34	0	58	51	0	1	802	128	38	204	0
0	538	25	119	120	0	13	9	0	0	173	0	1	0	0	0	0	43	366	0	93	0	0	0	275	0	0	193	250	0	54	0	0	13	3	0	9	0	27	10	150	0	5	77	0	0	0	0	238	0	0	0	311	142	9	0	18	7	32	9	0	0	0	0	1	22	16	2	0	3	0	0	2	3	5
0	0	0	0	0	0	0	0	0	0	0	0	0	0	0	0	0	0	0	0	0	0	0	0	0	0	0	0	0	0	0	0	0	0	0	0	0	0	0	0	0	0	0	0	0	0	0	0	0	0	0	0	0	0	0	0	0	0	0	0	0	0	0	0	0	0	0	0	0	0	0	0	0	0	0
0	0	0	0	0	0	0	0	0	0	0	0	0	0	0	0	0	0	0	0	0	0	0	0	0	0	0	0	0	0	0	0	0	0	0	0	0	0	0	0	0	0	0	0	0	0	0	0	0	0	0	0	0	0	0	0	0	0	0	0	0	0	0	0	0	0	0	0	0	0	0	0	0	0	0
0	11	24	5	132	3	0	108	2	0	257	0	1	1	0	1	3	160	844	0	21	275	0	0	0	0	0	52	508	0	239	9	14	4	1	0	2	0	769	81	73	0	57	18	0	7	0	0	149	31	0	6	325	7	623	1	15	53	371	131	0	0	0	3	0	881	57	21	0	1	3	320	1	19	3
0	0	0	0	0	0	0	0	0	0	0	0	0	0	0	0	0	0	0	0	0	0	0	0	0	0	0	0	0	0	0	0	0	0	0	0	0	0	0	0	0	0	0	0	2	0	0	0	0	0	0	0	0	0	0	0	0	0	0	0	0	0	0	0	0	0	0	0	0	0	0	0	0	0	0
0	0	0	0	274	4	0	0	1	0	0	0	0	36	0	11	205	1	8	2	35	0	0	0	0	0	0	0	1	5	1	0	15	0	4	0	91	0	0	0	7	61	34	1	0	130	0	0	0	66	0	0	0	0	2	0	0	44	1	48	0	0	20	297	548	2	3	1051	0	730	36	0	123	201	0
0	37	7	5	14	34	0	24	0	0	0	0	4	0	0	0	1	470	89	0	151	193	0	0	52	0	0	0	100	0	345	23	63	172	2	0	0	0	461	43	70	0	21	14	0	0	0	0	30	2	0	0	36	4	214	0	8	16	209	37	0	0	0	0	0	4	100	0	0	0	4	74	10	11	1
0	526	56	8	222	0	0	33	0	0	213	0	93	19	0	1	2	223	716	0	0	250	0	0	508	0	1	100	0	3	139	30	28	0	4	0	1	0	341	20	44	0	43	4	0	56	0	0	134	30	0	63	310	253	255	0	128	75	336	55	0	0	6	0	3	346	48	10	0	1	0	5	1	20	15
0	0	0	31	0	0	2	0	0	0	49	0	0	40	0	515	1	0	0	390	2	0	0	0	0	0	5	0	3	0	0	0	158	0	67	0	0	0	0	0	15	0	72	0	0	66	0	0	0	0	0	0	0	0	1	0	0	288	0	0	3	0	5	0	13	0	102	58	0	4	109	0	0	0	0
0	14	0	204	0	24	33	0	0	0	126	0	0	2	0	1	33	53	180	36	1354	54	0	0	239	0	1	345	139	0	0	0	0	0	6	0	0	0	2	0	340	0	8	22	0	2	0	0	165	0	0	0	43	123	4	0	2	0	0	7	0	0	0	1	0	0	5	1	0	4	1	0	4	0	0
0	12	3	3	334	1	0	0	0	0	1	0	0	0	0	0	0	12	130	0	60	0	0	0	9	0	0	23	30	0	0	0	16	0	7	0	0	0	40	0	28	0	2	384	0	0	0	0	2	0	0	0	0	0	37	0	1	3	0	0	0	0	0	2	1	99	6	2	0	0	1	0	0	0	0
0	0	2	61	6	7	0	0	68	0	8	0	37	95	0	584	40	45	13	186	27	0	0	0	14	0	15	63	28	158	0	16	0	10	476	0	68	0	42	2	0	21	266	35	0	250	0	0	0	20	0	2	11	0	70	89	0	423	3	12	31	0	175	37	226	4	66	329	0	43	163	45	3	70	0
0	104	211	118	3	22	35	0	0	0	229	0	0	0	0	205	1	54	9	285	652	13	0	0	4	0	0	172	0	0	0	0	10	0	0	0	0	0	0	0	143	0	26	1	0	0	0	0	94	0	0	0	1	17	1	0	5	1	0	0	0	0	0	0	0	0	143	0	0	0	6	0	0	0	0
0	14	0	2	0	1	0	0	28	0	3	7	2	5	0	13	8	8	2	2	2	3	0	0	1	0	4	2	4	67	6	7	476	0	0	0	4	0	15	0	8	1	12	1	0	2	0	0	1	5	0	5	6	0	4	166	5	709	7	3	0	0	407	8	61	3	0	28	0	6	1	13	19	7	1
0	0	0	0	0	0	0	0	0	0	0	0	0	0	0	0	0	0	0	0	0	0	0	0	0	0	0	0	0	0	0	0	0	0	0	0	0	0	0	0	0	0	0	0	0	0	0	0	0	0	0	0	0	0	0	0	0	0	0	0	0	0	0	0	0	0	0	0	0	0	0	0	0	0	0
0	2	1	11	6	4	0	0	0	0	1	0	0	69	0	28	0	0	46	0	12	9	0	0	2	0	91	0	1	0	0	0	68	0	4	0	0	0	0	0	1	0	1	1	0	0	0	0	17	0	0	0	2	0	0	0	0	30	0	0	5	0	1	12	411	0	0	488	0	209	0	0	19	0	0
0	0	0	0	0	0	0	0	0	0	0	0	0	0	0	0	0	0	0	0	0	0	0	0	0	0	0	0	0	0	0	0	0	0	0	0	0	0	0	0	0	0	0	0	0	0	0	0	0	0	0	0	0	0	0	0	0	0	0	0	0	0	0	0	0	0	0	0	0	0	0	0	0	0	0
0	58	3	7	924	20	0	16	10	0	238	0	0	1	0	2	3	232	972	0	222	27	0	0	769	0	0	461	341	0	2	40	42	0	15	0	0	0	0	22	68	0	15	701	0	0	0	0	263	4	0	1	108	25	221	0	3	23	21	65	0	0	0	156	2	363	90	1	0	9	2	159	0	40	2
0	22	1	16	274	0	0	1	0	0	32	0	0	0	0	4	0	16	33	1	412	10	0	0	81	0	0	43	20	0	0	0	2	0	0	0	0	0	22	0	125	0	12	226	0	0	0	0	0	0	0	0	11	3	5	0	1	3	0	6	0	0	0	3	1	0	0	11	0	41	3	0	0	0	0
0	4	3	30	82	30	0	1	21	0	357	0	4	10	0	45	226	274	178	79	976	150	0	0	73	0	7	70	44	15	340	28	0	143	8	0	1	0	68	125	0	2	155	24	0	67	0	0	31	10	0	12	71	13	77	0	0	26	68	252	3	0	3	36	9	133	2	96	0	4	12	80	59	31	73
0	0	0	8	232	1	0	0	0	0	0	0	0	0	0	1	0	0	0	0	6	0	0	0	0	0	61	0	0	0	0	0	21	0	1	0	0	0	0	0	2	0	0	26	0	0	0	0	0	0	0	0	0	1	0	0	0	0	0	0	0	0	0	192	104	0	0	2	0	287	0	0	0	0	0
0	93	291	134	136	24	37	2	10	0	169	0	8	27	0	503	23	23	52	341	431	5	0	0	57	0	34	21	43	72	8	2	266	26	12	0	1	0	15	12	155	0	0	19	0	51	0	0	228	3	0	2	25	1	11	0	14	36	1	5	2	0	9	15	52	36	139	190	0	22	156	8	10	13	12
0	3	4	2	680	0	0	0	0	0	6	0	11	3	0	1	14	111	369	0	117	77	0	0	18	0	1	14	4	0	22	384	35	1	1	0	1	0	701	226	24	26	19	0	0	2	0	0	0	55	0	0	6	0	496	1	0	46	36	528	0	0	1	382	3	165	7	10	0	35	4	623	6	363	1
0	0	0	0	0	0	0	0	0	0	0	0	0	784	0	0	0	0	0	0	0	0	0	0	0	2	0	0	0	0	0	0	0	0	0	0	0	0	0	0	0	0	0	0	0	0	0	0	0	0	0	0	0	0	0	0	0	0	0	0	0	0	0	0	0	0	0	1	0	0	0	0	0	0	0
0	0	0	144	0	5	20	0	1	0	110	0	0	87	0	508	175	0	33	505	3	0	0	0	7	0	130	0	56	66	2	0	250	0	2	0	0	0	0	0	67	0	51	2	0	0	0	0	12	3	0	83	1	0	0	0	0	417	0	0	0	0	176	29	141	0	0	373	0	54	0	0	48	39	2
0	0	0	0	0	0	0	0	0	0	0	0	0	0	0	0	0	0	0	0	0	0	0	0	0	0	0	0	0	0	0	0	0	0	0	0	0	0	0	0	0	0	0	0	0	0	0	0	0	0	0	0	0	0	0	0	0	0	0	0	0	0	0	0	0	0	0	0	0	0	0	0	0	0	0
0	0	0	0	0	0	0	0	0	0	0	0	0	0	0	0	0	0	0	0	0	0	0	0	0	0	0	0	0	0	0	0	0	0	0	0	0	0	0	0	0	0	0	0	0	0	0	0	0	0	0	0	0	0	0	0	0	0	0	0	0	0	0	0	0	0	0	0	0	0	0	0	0	0	0
0	239	39	380	28	0	13	98	2	0	154	0	1	1	0	9	0	60	236	0	0	238	0	0	149	0	0	30	134	0	165	2	0	94	1	0	17	0	263	0	31	0	228	0	0	12	0	0	0	14	0	6	370	251	61	0	15	77	85	67	0	0	0	1	34	139	73	6	0	0	104	59	18	20	37
0	0	0	31	233	0	0	0	0	0	11	0	0	0	0	21	0	2	19	18	4	0	0	0	31	0	66	2	30	0	0	0	20	0	5	0	0	0	4	0	10	0	3	55	0	3	0	0	14	0	0	0	1	6	6	0	0	3	0	5	0	0	0	75	27	0	0	270	0	248	0	0	5	0	0
0	0	0	0	0	0	0	0	0	0	0	0	0	0	0	0	0	0	0	0	0	0	0	0	0	0	0	0	0	0	0	0	0	0	0	0	0	0	0	0	0	0	0	0	0	0	0	0	0	0	0	0	0	0	0	0	0	0	0	0	0	0	0	0	0	0	0	0	0	0	0	0	0	0	0
0	10	0	0	4	0	0	0	0	0	11	0	0	30	0	1	0	1	24	5	0	0	0	0	6	0	0	0	63	0	0	0	2	0	5	0	0	0	1	0	12	0	2	0	0	83	0	0	6	0	0	0	0	0	0	0	1	186	0	0	0	0	117	0	0	9	0	6	0	2	0	0	0	0	0
0	698	507	130	64	5	19	1	2	0	167	1	227	0	0	2	1	38	396	0	14	311	0	0	325	0	0	36	310	0	43	0	11	1	6	0	2	0	108	11	71	0	25	6	0	1	0	0	370	1	0	0	0	291	49	0	246	19	282	16	0	0	0	1	0	67	12	4	0	6	0	4	2	4	1
0	230	2	8	14	0	1	9	0	0	14	0	7	0	0	0	2	158	11	0	0	142	0	0	7	0	0	4	253	0	123	0	0	17	0	0	0	0	25	3	13	1	1	0	0	0	0	0	251	6	0	0	291	0	4	0	51	2	455	7	0	0	21	0	0	7	0	0	0	0	0	4	0	0	17
0	27	11	1	421	6	0	10	1	0	145	1	0	15	0	5	1	93	719	0	26	9	0	0	623	0	2	214	255	1	4	37	70	1	4	0	0	0	221	5	77	0	11	496	0	0	0	0	61	6	0	0	49	4	0	0	3	37	24	10	0	0	4	9	6	309	54	62	0	9	4	83	19	16	0
0	0	0	0	0	0	0	0	0	0	0	0	0	0	0	141	0	0	0	135	0	0	0	0	1	0	0	0	0	0	0	0	89	0	166	0	0	0	0	0	0	0	0	1	0	0	0	0	0	0	0	0	0	0	0	0	0	0	0	0	0	0	0	0	1	0	0	3	0	3	0	0	0	0	0
0	1402	410	8	1	0	0	0	0	0	112	0	81	0	0	0	0	7	20	0	1	18	0	0	15	0	0	8	128	0	2	1	0	5	5	0	0	0	3	1	0	0	14	0	0	0	0	0	15	0	0	1	246	51	3	0	0	0	57	4	0	0	0	0	0	2	162	2	0	1	0	1	0	0	1
0	0	10	19	20	7	0	0	2	0	50	1	21	146	0	270	3	27	81	89	7	7	0	0	53	0	44	16	75	288	0	3	423	1	709	0	30	0	23	3	26	0	36	46	0	417	0	0	77	3	0	186	19	2	37	0	0	0	12	10	4	0	337	9	52	50	5	275	0	27	1	7	48	26	4
0	824	28	17	80	0	0	12	0	0	29	0	0	2	0	16	0	70	367	2	0	32	0	0	371	0	1	209	336	0	0	0	3	0	7	0	0	0	21	0	68	0	1	36	0	0	0	0	85	0	0	0	282	455	24	0	57	12	0	15	0	0	0	0	1	89	17	36	0	3	0	0	0	0	0
0	34	1	15	540	13	0	8	0	0	142	4	0	1	0	0	0	14	151	0	66	9	0	0	131	0	48	37	55	0	7	0	12	0	3	0	0	0	65	6	252	0	5	528	0	0	0	0	67	5	0	0	16	7	10	0	4	10	15	0	0	0	0	140	0	201	12	3	0	750	0	16	0	0	0
0	0	0	51	0	0	0	0	21	0	0	0	10	50	0	12	2	0	0	0	0	0	0	0	0	0	0	0	0	3	0	0	31	0	0	0	5	0	0	0	3	0	2	0	0	0	0	0	0	0	0	0	0	0	0	0	0	4	0	0	0	0	1	12	0	0	0	32	0	10	0	26	0	14	0
0	0	0	0	0	0	0	0	0	0	0	0	0	0	0	0	0	0	0	0	0	0	0	0	0	0	0	0	0	0	0	0	0	0	0	0	0	0	0	0	0	0	0	0	0	0	0	0	0	0	0	0	0	0	0	0	0	0	0	0	0	0	0	0	0	0	0	0	0	0	0	0	0	0	0
0	0	1	2	5	0	0	0	0	0	5	0	0	24	0	347	118	2	0	300	2	0	0	0	0	0	20	0	6	5	0	0	175	0	407	0	1	0	0	0	3	0	9	1	0	176	0	0	0	0	0	117	0	21	4	0	0	337	0	0	1	0	0	16	37	0	0	28	0	40	2	0	2	0	0
0	0	2	5	626	1	0	0	9	0	1	0	20	2	0	36	118	2	18	0	5	0	0	0	3	0	297	0	0	0	1	2	37	0	8	0	12	0	156	3	36	192	15	382	0	29	0	0	1	75	0	0	1	0	9	0	0	9	0	140	12	0	16	0	121	7	0	1328	0	963	7	16	129	131	0
0	0	55	14	5	4	0	17	245	0	0	0	10	10	0	41	250	5	5	0	34	1	0	0	0	0	548	0	3	13	0	1	226	0	61	0	411	0	2	1	9	104	52	3	0	141	0	0	34	27	0	0	0	0	6	1	0	52	1	0	0	0	37	121	0	1	1	1993	0	96	2	5	135	174	0
0	19	28	3	167	1	0	38	18	0	159	0	2	4	0	0	1	126	1106	1	0	22	0	0	881	0	2	4	346	0	0	99	4	0	3	0	0	0	363	0	133	0	36	165	0	0	0	0	139	0	0	9	67	7	309	0	2	50	89	201	0	0	0	7	1	0	25	1	0	5	2	228	0	24	0
0	379	401	21	43	0	0	22	1	0	252	0	31	17	0	209	28	29	27	3	58	16	0	0	57	0	3	100	48	102	5	6	66	143	0	0	0	0	90	0	2	0	139	7	0	0	0	0	73	0	0	0	12	0	54	0	162	5	17	12	0	0	0	0	1	25	0	42	0	7	14	20	10	10	0
0	0	1	89	15	8	0	0	35	0	12	0	67	242	0	208	428	41	115	5	51	2	0	0	21	0	1051	0	10	58	1	2	329	0	28	0	488	0	1	11	96	2	190	10	1	373	0	0	6	270	0	6	4	0	62	3	2	275	36	3	32	0	28	1328	1993	1	42	0	0	961	31	26	358	472	66
0	0	0	0	0	0	0	0	0	0	0	0	0	0	0	0	0	0	0	0	0	0	0	0	0	0	0	0	0	0	0	0	0	0	0	0	0	0	0	0	0	0	0	0	0	0	0	0	0	0	0	0	0	0	0	0	0	0	0	0	0	0	0	0	0	0	0	0	0	0	0	0	0	0	0
0	1	1	2	960	1	0	4	7	0	4	0	1	48	0	6	72	3	5	10	1	3	0	0	1	0	730	0	1	4	4	0	43	0	6	0	209	0	9	41	4	287	22	35	0	54	0	0	0	248	0	2	6	0	9	3	1	27	3	750	10	0	40	963	96	5	7	961	0	0	7	22	218	204	0
0	3	489	178	5	4	9	0	59	0	123	0	2	13	0	457	3	1	3	51	802	0	0	0	3	0	36	4	0	109	1	1	163	6	1	0	0	0	2	3	12	0	156	4	0	0	0	0	104	0	0	0	0	0	4	0	0	1	0	0	0	0	2	7	2	2	14	31	0	7	0	0	1	2	37
0	52	5	9	747	1	0	7	0	0	64	0	0	57	0	15	0	33	337	1	128	0	0	0	320	0	0	74	5	0	0	0	45	0	13	0	0	0	159	0	80	0	8	623	0	0	0	0	59	0	0	0	4	4	83	0	1	7	0	16	26	0	0	16	5	228	20	26	0	22	0	0	0	1	0
0	0	0	0	35	19	0	0	14	0	7	0	0	86	0	10	46	1	14	63	38	2	0	0	1	0	123	10	1	0	4	0	3	0	19	0	19	0	0	0	59	0	10	6	0	48	0	0	18	5	0	0	2	0	19	0	0	48	0	0	0	0	2	129	135	0	10	358	0	218	1	0	0	2	0
0	6	3	22	302	2	0	0	0	0	20	0	0	49	0	59	1	6	43	5	204	3	0	0	19	0	201	11	20	0	0	0	70	0	7	0	0	0	40	0	31	0	13	363	0	39	0	0	20	0	0	0	4	0	16	0	0	26	0	0	14	0	0	131	174	24	10	472	0	204	2	1	2	0	0
0	6	0	253	21	0	38	0	0	0	218	3	0	3	0	0	0	0	7	3	0	5	0	0	3	0	0	1	15	0	0	0	0	0	1	0	0	0	2	0	73	0	12	1	0	2	0	0	37	0	0	0	1	17	0	0	1	4	0	0	0	0	0	0	0	0	0	66	0	0	37	0	0	0	0
