0	0	0	0	0	0	0	0	0	0	0	0	0	0	0	0	0	0	0	0	0	0	0	0	0	0	0	0	0	0	0	0	0	0	0	0	0	0	0	0	0	0	0	0	0	0	0	0	0	0	0	0	0	0	0	0	0	0	0	0	0	0	0	0	0	0	0	0	0	0	0	0	0	0	0
0	0	1074	91	0	0	6	2	0	0	490	0	348	0	12	0	0	208	74	0	0	1234	0	0	5	0	0	0	10	0	2	0	0	20	0	0	0	0	0	0	43	0	169	0	0	0	0	0	266	0	2	0	1106	473	19	2	1949	0	1455	34	0	0	2	0	0	21	580	0	0	0	48	96	0	0	18
0	1074	0	28	3	0	0	1	0	0	0	0	111	0	1	3	0	98	31	0	294	103	0	0	32	13	0	0	118	0	0	252	0	17	0	0	0	0	6	0	55	1	448	43	0	0	0	0	91	0	250	0	308	29	79	0	405	10	39	2	0	0	0	0	48	83	628	0	0	3	74	7	0	1	1
0	91	28	0	8	0	308	1	153	0	676	0	1	51	5	340	11	7	15	9	1	308	0	0	5	11	0	0	23	58	259	0	32	70	1	0	0	0	0	0	97	9	611	3	0	296	0	0	26	13	2	6	405	13	4	0	33	15	31	36	0	0	2	49	102	2	242	60	0	81	278	1	23	39	296
0	0	3	8	0	0	0	5	25	0	1	0	25	30	3	8	12	21	15	11	62	2	0	0	7	9	12	0	1	4	6	172	29	81	5	0	4	0	775	486	85	95	169	1193	1	10	0	0	7	279	642	11	13	0	104	2	1	12	10	426	0	0	30	428	47	6	93	86	0	634	52	312	18	33	2
0	0	0	0	0	0	0	0	0	0	0	0	0	0	0	0	0	0	0	0	0	0	0	0	0	0	0	0	0	0	0	0	0	0	0	0	0	0	0	0	0	0	0	0	0	0	0	0	0	0	0	0	0	0	0	0	0	0	0	0	0	0	0	0	0	0	0	0	0	0	0	0	0	0	0
0	6	0	308	0	0	0	0	0	0	63	0	0	17	1	83	0	0	14	1	0	127	0	0	0	0	0	0	1	25	44	0	0	8	0	0	0	0	0	0	8	0	148	0	0	59	0	0	2	11	2	0	9	3	0	0	5	0	0	0	0	0	0	0	0	1	107	0	0	1	0	1	0	0	34
0	2	1	1	5	0	0	0	0	0	0	0	0	1	0	0	0	48	248	0	4	0	0	0	185	0	0	0	214	0	0	157	0	2	1	0	0	0	0	0	3	0	0	170	0	0	0	0	52	0	17	0	1	1	13	0	0	0	0	0	0	0	0	0	16	248	82	0	0	0	0	0	0	0	0
0	0	0	153	25	0	0	0	0	0	0	0	0	7	0	12	163	3	2	68	326	1	0	0	0	11	114	0	0	4	0	0	0	0	11	0	0	0	0	0	49	37	1	3	0	0	0	0	13	0	3	0	0	0	0	0	0	10	0	0	0	0	0	0	182	0	5	46	0	58	1	0	0	25	0
0	0	0	0	0	0	0	0	0	0	0	0	0	0	0	0	0	0	0	0	0	0	0	0	0	0	0	0	0	0	0	0	0	0	0	0	0	0	0	0	0	0	0	0	0	0	0	0	0	0	0	0	0	0	0	0	0	0	0	0	0	0	0	0	0	0	0	0	0	0	0	0	0	0	0
0	490	0	676	1	0	63	0	0	0	0	0	0	87	0	626	0	20	233	26	0	81	0	0	109	1	0	0	114	525	0	1	0	48	0	0	0	0	0	0	84	0	521	2	0	2	0	0	220	0	4	0	158	30	1	0	53	6	0	0	0	0	0	0	0	73	426	2	0	3	7	0	0	1	0
0	0	0	0	0	0	0	0	0	0	0	0	0	2	0	3	0	19	5	1	0	0	0	0	0	0	0	0	0	0	0	0	0	0	0	0	8	0	0	0	0	0	0	0	0	0	0	0	0	0	0	0	0	0	0	1	0	0	3	0	0	0	0	0	0	0	0	0	0	1	0	3	0	0	0
0	348	111	1	25	0	0	0	0	0	0	0	0	8	0	0	10	1	2	0	6	7	0	0	2	0	28	0	0	0	0	1	0	0	0	0	0	0	0	0	10	0	11	2	0	0	0	0	6	0	93	0	174	0	7	0	31	3	0	0	0	0	0	0	1	0	57	15	0	19	0	0	0	0	0
0	0	0	51	30	0	17	1	7	0	87	2	8	0	0	75	71	4	1	121	1	0	0	0	0	13	81	0	1	109	3	0	18	5	1	0	1	0	0	1	18	9	77	3	637	176	0	0	63	4	0	12	0	0	8	1	0	60	1	8	0	0	78	19	73	3	2	108	0	39	34	0	65	91	12
0	12	1	5	3	0	1	0	0	0	0	0	0	0	0	1	0	19	346	0	0	24	0	0	180	0	0	0	24	0	0	0	0	6	0	0	0	0	0	0	7	0	0	1	0	0	0	0	119	0	0	0	2	85	24	0	0	2	0	0	0	0	0	0	0	249	13	0	0	0	0	0	0	3	0
0	0	3	340	8	0	83	0	12	0	626	3	0	75	1	0	249	2	0	871	5	0	0	0	17	1	77	0	3	1220	0	0	446	247	131	0	0	0	0	2	2	1	934	12	2	641	0	0	4	55	1	0	13	0	12	241	0	307	24	0	0	0	490	18	19	1	150	122	0	63	541	3	22	21	0
0	0	0	11	12	0	0	0	163	0	0	0	10	71	0	249	0	3	50	673	759	0	0	0	13	21	481	0	5	285	30	23	18	21	6	0	0	0	0	0	476	25	75	9	2	289	0	0	42	4	51	1	0	0	4	0	0	1	0	0	0	0	41	58	225	1	16	418	0	145	3	1	3	15	0
0	208	98	7	21	0	0	48	3	0	20	19	1	4	19	2	3	0	219	1	711	357	0	0	79	44	0	0	466	0	281	73	2	187	5	0	0	0	256	7	742	3	34	76	0	9	0	0	212	1	680	6	26	351	272	0	33	8	304	30	0	0	2	0	1	122	100	54	0	3	11	183	0	15	0
0	74	31	15	15	0	14	248	2	0	233	5	2	1	346	0	50	219	0	0	35	205	0	0	805	3	0	0	1149	2	195	681	5	288	0	0	11	0	532	57	131	0	18	429	0	0	0	0	411	4	56	47	411	115	606	0	42	7	193	223	0	0	2	3	1	1307	61	72	0	12	44	224	0	17	49
0	0	0	9	11	0	1	0	68	0	26	1	0	121	0	871	673	1	0	0	45	1	0	0	35	0	74	0	0	993	1	0	309	109	167	0	0	0	1	0	12	5	470	8	14	768	0	0	10	20	3	69	18	0	5	235	0	464	49	0	0	0	580	8	149	0	4	201	0	11	285	7	94	25	7
0	0	294	1	62	0	0	4	326	0	0	0	6	1	0	5	759	711	35	45	0	71	0	0	8	39	18	0	3	0	986	226	152	138	9	0	2	0	0	22	793	0	225	88	0	4	0	0	6	2	2051	0	30	3	36	0	2	3	4	74	0	0	0	6	64	9	201	53	0	83	628	670	8	11	2
0	1234	103	308	2	0	127	0	1	0	81	0	7	0	24	0	0	357	205	1	71	0	0	0	91	0	0	0	272	1	496	6	0	84	0	0	0	0	8	12	539	0	5	2	0	2	0	0	236	1	375	10	736	765	32	0	385	1	467	48	0	0	1	0	0	51	24	0	0	2	23	91	0	5	77
0	0	0	0	0	0	0	0	0	0	0	0	0	0	0	0	0	0	0	0	0	0	0	0	0	0	0	0	0	0	0	0	0	0	0	0	0	0	0	0	0	0	0	0	0	0	0	0	0	0	0	0	0	0	0	0	0	0	0	0	0	0	0	0	0	0	0	0	0	0	0	0	0	0	0
0	0	0	0	0	0	0	0	0	0	0	0	0	0	0	0	0	0	0	0	0	0	0	0	0	0	0	0	0	0	0	0	0	0	0	0	0	0	0	0	0	0	0	0	0	0	0	0	0	0	0	0	0	0	0	0	0	0	0	0	0	0	0	0	0	0	0	0	0	0	0	0	0	0	0
0	5	32	5	7	0	0	185	0	0	109	0	2	0	180	17	13	79	805	35	8	91	0	0	0	1	0	0	467	1	139	65	0	203	0	0	0	0	330	26	53	0	23	12	0	1	0	0	193	11	51	20	281	17	516	2	30	6	171	37	0	0	3	3	3	855	86	24	0	1	55	243	0	11	23
0	0	13	11	9	0	0	0	11	0	1	0	0	13	0	1	21	44	3	0	39	0	0	0	1	0	0	0	0	1	5	33	13	5	0	0	0	0	0	0	0	14	25	10	4	16	0	0	109	4	42	11	2	0	68	0	0	24	6	19	0	0	3	9	6	4	58	8	0	17	39	35	0	32	14
0	0	0	0	12	0	0	0	114	0	0	0	28	81	0	77	481	0	0	74	18	0	0	0	0	0	0	0	0	0	0	0	22	0	0	0	0	0	0	68	2	83	46	4	2	40	0	0	0	166	0	0	0	0	28	56	2	35	0	60	0	0	64	416	403	0	78	754	0	441	5	0	0	109	2
0	0	0	0	0	0	0	0	0	0	0	0	0	0	0	0	0	0	0	0	0	0	0	0	0	0	0	0	0	0	0	0	0	0	0	0	0	0	0	0	0	0	0	0	0	0	0	0	0	0	0	0	0	0	0	0	0	0	0	0	0	0	0	0	0	0	0	0	0	0	0	0	0	0	0
0	10	118	23	1	0	1	214	0	0	114	0	0	1	24	3	5	466	1149	0	3	272	0	0	467	0	0	0	0	0	232	6	9	358	0	0	0	0	93	59	183	0	29	21	0	0	0	0	362	17	49	62	362	65	145	0	32	3	81	108	0	0	1	0	4	553	43	3	0	1	69	150	0	10	42
0	0	0	58	4	0	25	0	4	0	525	0	0	109	0	1220	285	0	2	993	0	1	0	0	1	1	0	0	0	0	0	0	450	123	448	0	1	0	0	7	1	0	909	1	2	917	0	0	0	12	0	2	11	0	1	387	0	903	1	0	0	0	719	36	0	0	184	19	0	21	431	10	14	1	0
0	2	0	259	6	0	44	0	0	0	0	0	0	3	0	0	30	281	195	1	986	496	0	0	139	5	0	0	232	0	0	0	0	3	0	0	0	0	0	0	660	0	17	3	0	0	0	0	146	0	281	0	39	145	2	0	0	1	0	0	0	0	0	0	1	21	30	1	0	3	4	4	0	6	0
0	0	252	0	172	0	0	157	0	0	1	0	1	0	0	0	23	73	681	0	226	6	0	0	65	33	0	0	6	0	0	0	16	408	9	0	0	0	678	3	58	1	39	1403	0	0	0	0	23	0	1644	0	1	0	727	0	1	0	1	7	0	0	0	2	0	897	436	1	0	0	77	780	0	32	0
0	0	0	32	29	0	0	0	0	0	0	0	0	18	0	446	18	2	5	309	152	0	0	0	0	13	22	0	9	450	0	16	0	0	363	0	0	0	0	0	8	38	357	22	0	2	0	0	19	0	46	0	0	0	7	61	0	151	0	0	0	0	0	0	204	8	17	178	0	62	4	0	11	22	0
0	20	17	70	81	0	8	2	0	0	48	0	0	5	6	247	21	187	288	109	138	84	0	0	203	5	0	0	358	123	3	408	0	0	16	0	0	0	8	0	251	0	297	317	0	32	0	0	72	2	576	0	28	72	80	0	1	6	32	0	0	0	0	0	0	276	346	2	0	1	18	11	0	2	28
0	0	0	1	5	0	0	1	11	0	0	0	0	1	0	131	6	5	0	167	9	0	0	0	0	0	0	0	0	448	0	9	363	16	0	0	3	0	4	1	2	4	1	0	0	8	0	0	1	0	8	0	0	0	5	418	0	566	0	1	0	0	388	11	23	0	1	30	0	10	4	0	0	29	0
0	0	0	0	0	0	0	0	0	0	0	0	0	0	0	0	0	0	0	0	0	0	0	0	0	0	0	0	0	0	0	0	0	0	0	0	0	0	0	0	0	0	0	0	0	0	0	0	0	0	0	0	0	0	0	0	0	0	0	0	0	0	0	0	0	0	0	0	0	0	0	0	0	0	0
0	0	0	0	4	0	0	0	0	0	0	8	0	1	0	0	0	0	11	0	2	0	0	0	0	0	0	0	0	1	0	0	0	0	3	0	0	0	0	0	5	0	0	0	0	0	0	0	0	0	0	0	0	0	0	0	0	2	0	0	0	0	0	0	103	0	0	140	0	40	0	0	0	4	0
0	0	0	0	0	0	0	0	0	0	0	0	0	0	0	0	0	0	0	0	0	0	0	0	0	0	0	0	0	0	0	0	0	0	0	0	0	0	0	0	0	0	0	0	0	0	0	0	0	0	0	0	0	0	0	0	0	0	0	0	0	0	0	0	0	0	0	0	0	0	0	0	0	0	0
0	0	6	0	775	0	0	0	0	0	0	0	0	0	0	0	0	256	532	1	0	8	0	0	330	0	0	0	93	0	0	678	0	8	4	0	0	0	0	0	41	1	8	537	0	0	0	0	36	0	485	2	4	15	80	0	3	1	0	0	0	0	0	0	1	454	364	4	0	5	0	3	0	19	0
0	0	0	0	486	0	0	0	0	0	0	0	0	1	0	2	0	7	57	0	22	12	0	0	26	0	68	0	59	7	0	3	0	0	1	0	0	0	0	0	305	0	2	465	0	0	0	0	13	0	278	0	0	1	5	0	0	1	0	0	0	0	0	0	11	116	27	13	0	275	0	0	2	3	0
0	43	55	97	85	0	8	3	49	0	84	0	10	18	7	2	476	742	131	12	793	539	0	0	53	0	2	0	183	1	660	58	8	251	2	0	5	0	41	305	0	1	189	99	12	282	0	0	43	2	869	0	67	180	48	0	13	3	209	495	0	0	6	3	48	40	49	132	0	6	66	390	14	35	284
0	0	1	9	95	0	0	0	37	0	0	0	0	9	0	1	25	3	0	5	0	0	0	0	0	14	83	0	0	0	0	1	38	0	4	0	0	0	1	0	1	0	2	12	2	0	0	0	27	84	52	0	0	0	0	0	0	0	5	0	0	0	2	170	57	0	8	12	0	276	0	3	2	41	1
0	169	448	611	169	0	148	0	1	0	521	0	11	77	0	934	75	34	18	470	225	5	0	0	23	25	46	0	29	909	17	39	357	297	1	0	0	0	8	2	189	2	0	107	1	207	0	0	142	0	273	7	10	1	40	128	38	10	12	7	0	0	103	3	27	4	878	128	0	55	395	27	5	48	131
0	0	43	3	1193	0	0	170	3	0	2	0	2	3	1	12	9	76	429	8	88	2	0	0	12	10	4	0	21	1	3	1403	22	317	0	0	0	0	537	465	99	12	107	0	0	9	0	0	6	85	903	1	26	2	415	3	8	16	17	558	0	0	2	167	9	249	74	32	0	42	74	583	0	44	10
0	0	0	0	1	0	0	0	0	0	0	0	0	637	0	2	2	0	0	14	0	0	0	0	0	4	2	0	0	2	0	0	0	0	0	0	0	0	0	0	12	2	1	0	0	0	0	0	5	0	0	0	0	0	0	0	0	1	0	0	0	0	0	0	2	0	0	6	0	0	0	0	0	0	0
0	0	0	296	10	0	59	0	0	0	2	0	0	176	0	641	289	9	0	768	4	2	0	0	1	16	40	0	0	917	0	0	2	32	8	0	0	0	0	0	282	0	207	9	0	0	0	0	51	0	4	8	2	0	11	2	0	681	0	0	0	0	8	0	6	4	17	105	0	60	0	6	4	14	0
0	0	0	0	0	0	0	0	0	0	0	0	0	0	0	0	0	0	0	0	0	0	0	0	0	0	0	0	0	0	0	0	0	0	0	0	0	0	0	0	0	0	0	0	0	0	0	0	0	0	0	0	0	0	0	0	0	0	0	0	0	0	0	0	0	0	0	0	0	0	0	0	0	0	0
0	0	0	0	0	0	0	0	0	0	0	0	0	0	0	0	0	0	0	0	0	0	0	0	0	0	0	0	0	0	0	0	0	0	0	0	0	0	0	0	0	0	0	0	0	0	0	0	0	0	0	0	0	0	0	0	0	0	0	0	0	0	0	0	0	0	0	0	0	0	0	0	0	0	0
0	266	91	26	7	0	2	52	13	0	220	0	6	63	119	4	42	212	411	10	6	236	0	0	193	109	0	0	362	0	146	23	19	72	1	0	0	0	36	13	43	27	142	6	5	51	0	0	0	1	14	31	225	25	183	0	141	37	28	79	0	0	13	12	32	332	41	35	0	7	26	32	0	46	24
0	0	0	13	279	0	11	0	0	0	0	0	0	4	0	55	4	1	4	20	2	1	0	0	11	4	166	0	17	12	0	0	0	2	0	0	0	0	0	0	2	84	0	85	0	0	0	0	1	0	16	0	1	2	1	0	0	1	0	0	0	0	0	0	11	2	2	229	0	164	2	0	11	14	0
0	2	250	2	642	0	2	17	3	0	4	0	93	0	0	1	51	680	56	3	2051	375	0	0	51	42	0	0	49	0	281	1644	46	576	8	0	0	0	485	278	869	52	273	903	0	4	0	0	14	16	0	3	89	1	258	0	3	4	176	357	0	0	4	2	8	61	341	0	0	0	308	817	0	60	13
0	0	0	6	11	0	0	0	0	0	0	0	0	12	0	0	1	6	47	69	0	10	0	0	20	11	0	0	62	2	0	0	0	0	0	0	0	0	2	0	0	0	7	1	0	8	0	0	31	0	3	0	13	25	3	2	0	458	0	0	0	0	0	0	0	0	1	1	0	4	0	0	4	7	0
0	1106	308	405	13	0	9	1	0	0	158	0	174	0	2	13	0	26	411	18	30	736	0	0	281	2	0	0	362	11	39	1	0	28	0	0	0	0	4	0	67	0	10	26	0	2	0	0	225	1	89	13	0	547	4	0	345	3	365	28	0	0	0	2	2	161	378	14	0	19	30	32	2	1	1
0	473	29	13	0	0	3	1	0	0	30	0	0	0	85	0	0	351	115	0	3	765	0	0	17	0	0	0	65	0	145	0	0	72	0	0	0	0	15	1	180	0	1	2	0	0	0	0	25	2	1	25	547	0	21	0	256	2	704	1	0	0	0	0	1	5	6	1	0	1	6	12	0	4	7
0	19	79	4	104	0	0	13	0	0	1	0	7	8	24	12	4	272	606	5	36	32	0	0	516	68	28	0	145	1	2	727	7	80	5	0	0	0	80	5	48	0	40	415	0	11	0	0	183	1	258	3	4	21	0	0	3	39	30	3	0	0	0	0	21	617	272	64	0	11	14	97	6	26	9
0	2	0	0	2	0	0	0	0	0	0	1	0	1	0	241	0	0	0	235	0	0	0	0	2	0	56	0	0	387	0	0	61	0	418	0	0	0	0	0	0	0	128	3	0	2	0	0	0	0	0	2	0	0	0	0	0	437	0	0	0	0	112	0	16	1	14	1	0	1	0	0	0	5	0
0	1949	405	33	1	0	5	0	0	0	53	0	31	0	0	0	0	33	42	0	2	385	0	0	30	0	2	0	32	0	0	1	0	1	0	0	0	0	3	0	13	0	38	8	0	0	0	0	141	0	3	0	345	256	3	0	0	0	225	0	0	0	0	0	0	22	148	0	0	0	0	4	0	0	1
0	0	10	15	12	0	0	0	10	0	6	0	3	60	2	307	1	8	7	464	3	1	0	0	6	24	35	0	3	903	1	0	151	6	566	0	2	0	1	1	3	0	10	16	1	681	0	0	37	1	4	458	3	2	39	437	0	0	12	0	0	0	544	21	10	35	6	189	0	17	2	2	0	49	16
0	1455	39	31	10	0	0	0	0	0	0	3	0	1	0	24	0	304	193	49	4	467	0	0	171	6	0	0	81	1	0	1	0	32	0	0	0	0	0	0	209	5	12	17	0	0	0	0	28	0	176	0	365	704	30	0	225	12	0	0	0	0	0	0	0	127	123	13	0	4	0	0	0	0	0
0	34	2	36	426	0	0	0	0	0	0	0	0	8	0	0	0	30	223	0	74	48	0	0	37	19	60	0	108	0	0	7	0	0	1	0	0	0	0	0	495	0	7	558	0	0	0	0	79	0	357	0	28	1	3	0	0	0	0	0	0	0	0	0	0	317	26	29	0	326	2	0	2	2	0
0	0	0	0	0	0	0	0	0	0	0	0	0	0	0	0	0	0	0	0	0	0	0	0	0	0	0	0	0	0	0	0	0	0	0	0	0	0	0	0	0	0	0	0	0	0	0	0	0	0	0	0	0	0	0	0	0	0	0	0	0	0	0	0	0	0	0	0	0	0	0	0	0	0	0
0	0	0	0	0	0	0	0	0	0	0	0	0	0	0	0	0	0	0	0	0	0	0	0	0	0	0	0	0	0	0	0	0	0	0	0	0	0	0	0	0	0	0	0	0	0	0	0	0	0	0	0	0	0	0	0	0	0	0	0	0	0	0	0	0	0	0	0	0	0	0	0	0	0	0
0	2	0	2	30	0	0	0	0	0	0	0	0	78	0	490	41	2	2	580	0	1	0	0	3	3	64	0	1	719	0	0	0	0	388	0	0	0	0	0	6	2	103	2	0	8	0	0	13	0	4	0	0	0	0	112	0	544	0	0	0	0	0	0	11	3	0	24	0	70	1	0	5	28	0
0	0	0	49	428	0	0	0	0	0	0	0	0	19	0	18	58	0	3	8	6	0	0	0	3	9	416	0	0	36	0	2	0	0	11	0	0	0	0	0	3	170	3	167	0	0	0	0	12	0	2	0	2	0	0	0	0	21	0	0	0	0	0	0	98	0	2	752	0	610	1	0	7	20	0
0	0	48	102	47	0	0	16	182	0	0	0	1	73	0	19	225	1	1	149	64	0	0	0	3	6	403	0	4	0	1	0	204	0	23	0	103	0	1	11	48	57	27	9	2	6	0	0	32	11	8	0	2	1	21	16	0	10	0	0	0	0	11	98	0	2	8	1558	0	79	38	9	8	161	0
0	21	83	2	6	0	1	248	0	0	73	0	0	3	249	1	1	122	1307	0	9	51	0	0	855	4	0	0	553	0	21	897	8	276	0	0	0	0	454	116	40	0	4	249	0	4	0	0	332	2	61	0	161	5	617	1	22	35	127	317	0	0	3	0	2	0	319	1	0	1	13	415	0	10	26
0	580	628	242	93	0	107	82	5	0	426	0	57	2	13	150	16	100	61	4	201	24	0	0	86	58	78	0	43	184	30	436	17	346	1	0	0	0	364	27	49	8	878	74	0	17	0	0	41	2	341	1	378	6	272	14	148	6	123	26	0	0	0	2	8	319	0	47	0	2	427	415	0	14	53
0	0	0	60	86	0	0	0	46	0	2	0	15	108	0	122	418	54	72	201	53	0	0	0	24	8	754	0	3	19	1	1	178	2	30	0	140	0	4	13	132	12	128	32	6	105	0	0	35	229	0	1	14	1	64	1	0	189	13	29	0	0	24	752	1558	1	47	0	0	403	46	3	56	352	16
0	0	0	0	0	0	0	0	0	0	0	0	0	0	0	0	0	0	0	0	0	0	0	0	0	0	0	0	0	0	0	0	0	0	0	0	0	0	0	0	0	0	0	0	0	0	0	0	0	0	0	0	0	0	0	0	0	0	0	0	0	0	0	0	0	0	0	0	0	0	0	0	0	0	0
0	0	3	81	634	0	1	0	58	0	3	1	19	39	0	63	145	3	12	11	83	2	0	0	1	17	441	0	1	21	3	0	62	1	10	0	40	0	5	275	6	276	55	42	0	60	0	0	7	164	0	4	19	1	11	1	0	17	4	326	0	0	70	610	79	1	2	403	0	0	42	3	49	86	1
0	48	74	278	52	0	0	0	1	0	7	0	0	34	0	541	3	11	44	285	628	23	0	0	55	39	5	0	69	431	4	77	4	18	4	0	0	0	0	0	66	0	395	74	0	0	0	0	26	2	308	0	30	6	14	0	0	2	0	2	0	0	1	1	38	13	427	46	0	42	0	8	7	19	1
0	96	7	1	312	0	1	0	0	0	0	3	0	0	0	3	1	183	224	7	670	91	0	0	243	35	0	0	150	10	4	780	0	11	0	0	0	0	3	0	390	3	27	583	0	6	0	0	32	0	817	0	32	12	97	0	4	2	0	0	0	0	0	0	9	415	415	3	0	3	8	0	0	13	0
0	0	0	23	18	0	0	0	0	0	0	0	0	65	0	22	3	0	0	94	8	0	0	0	0	0	0	0	0	14	0	0	11	0	0	0	0	0	0	2	14	2	5	0	0	4	0	0	0	11	0	4	2	0	6	0	0	0	0	2	0	0	5	7	8	0	0	56	0	49	7	0	0	14	0
0	0	1	39	33	0	0	0	25	0	1	0	0	91	3	21	15	15	17	25	11	5	0	0	11	32	109	0	10	1	6	32	22	2	29	0	4	0	19	3	35	41	48	44	0	14	0	0	46	14	60	7	1	4	26	5	0	49	0	2	0	0	28	20	161	10	14	352	0	86	19	13	14	0	2
0	18	1	296	2	0	34	0	0	0	0	0	0	12	0	0	0	0	49	7	2	77	0	0	23	14	2	0	42	0	0	0	0	28	0	0	0	0	0	0	284	1	131	10	0	0	0	0	24	0	13	0	1	7	9	0	1	16	0	0	0	0	0	0	0	26	53	16	0	1	1	0	0	2	0
