0	0	0	0	0	0	0	0	0	0	0	0	0	0	0	0	0	0	0	0	0	0	0	0	0	0	0	0	0	0	0	0	0	0	0	0	0	0	0	0	0	0	0	0	0	0	0	0	0	0	0	0	0	0	0	0	0	0	0	0	0	0	0	0	0	0	0	0	0	0	0	0	0	0	0
0	0	1048	152	0	0	34	0	0	0	376	0	114	0	8	0	0	185	25	2	0	1410	0	0	19	0	0	64	273	0	6	0	0	58	0	0	0	0	31	0	41	2	57	5	0	0	0	0	201	0	6	0	795	330	42	0	1431	7	1286	24	0	0	0	0	0	8	21	0	0	4	2	253	0	0	152
0	1048	0	0	0	0	5	0	0	0	0	1	0	4	0	4	0	39	2	0	74	36	0	0	39	0	0	62	95	0	0	2	0	3	0	0	0	0	9	0	57	0	90	4	0	0	0	0	13	0	197	0	185	53	22	0	72	25	15	2	0	0	0	0	22	45	126	0	0	0	10	32	37	0	0
0	152	0	0	2	0	975	0	101	0	563	0	0	62	2	294	3	8	2	24	1	156	0	0	10	0	6	13	15	37	192	8	41	93	8	0	0	0	8	0	10	1	288	1	0	165	0	0	155	0	1	0	263	27	10	0	13	6	96	9	0	0	1	21	95	13	1	112	0	6	33	22	51	21	105
0	0	0	2	0	0	0	0	2	0	0	0	1	1	0	6	9	0	0	0	6	2	0	0	0	0	4	2	0	1	3	17	4	0	0	0	0	0	9	1	5	4	7	8	0	2	0	0	0	2	9	1	0	0	8	5	0	1	2	14	0	0	0	22	8	0	3	5	0	3	7	7	4	0	2
0	0	0	0	0	0	0	0	0	0	0	0	0	0	0	0	0	0	0	0	0	0	0	0	0	0	0	0	0	0	0	0	0	0	0	0	0	0	0	0	0	0	0	0	0	0	0	0	0	0	0	0	0	0	0	0	0	0	0	0	0	0	0	0	0	0	0	0	0	0	0	0	0	0	0
0	34	5	975	0	0	0	0	0	0	339	0	0	25	0	417	0	1	3	1	0	191	0	0	2	1	0	1	1	49	144	1	0	177	0	0	0	0	0	0	36	0	240	0	0	100	0	0	84	0	0	0	180	13	0	0	54	12	106	0	0	0	0	0	0	0	0	0	0	0	3	31	0	3	128
0	0	0	0	0	0	0	0	0	0	0	0	0	0	0	0	0	0	0	0	0	0	0	0	0	0	0	0	0	0	0	0	0	0	0	0	0	0	0	0	0	0	0	0	0	0	0	0	0	0	0	0	0	0	0	0	0	0	0	0	0	0	0	0	0	0	0	0	0	0	0	0	0	0	0
0	0	0	101	2	0	0	0	0	0	0	0	0	22	0	2	59	0	0	5	6	0	0	0	1	0	14	1	0	0	0	1	0	0	14	0	0	0	0	0	0	0	3	0	0	0	0	0	0	0	3	0	4	0	2	0	0	18	0	0	0	0	0	5	42	3	0	61	0	3	4	0	16	0	0
0	0	0	0	0	0	0	0	0	0	0	0	0	0	0	0	0	0	0	0	0	0	0	0	0	0	0	0	0	0	0	0	0	0	0	0	0	0	0	0	0	0	0	0	0	0	0	0	0	0	0	0	0	0	0	0	0	0	0	0	0	0	0	0	0	0	0	0	0	0	0	0	0	0	0
0	376	0	563	0	0	339	0	0	0	0	0	0	44	0	439	0	45	52	13	0	49	0	0	126	0	0	2	150	0	0	0	0	2	0	0	0	0	19	0	50	0	216	0	0	24	0	0	84	0	2	0	10	74	0	0	65	0	0	0	0	0	0	0	0	71	54	0	0	0	1	0	1	0	0
0	0	1	0	0	0	0	0	0	0	0	0	0	0	0	0	0	10	0	0	0	0	0	0	1	0	0	0	0	0	4	0	0	0	0	0	0	0	0	0	0	0	0	0	0	0	0	0	0	0	124	0	0	7	0	1	0	0	0	0	0	0	1	0	0	0	0	1	0	0	0	23	0	0	1
0	114	0	0	1	0	0	0	0	0	0	0	0	1	0	0	0	2	1	0	2	0	0	0	6	0	2	7	16	0	0	0	0	0	0	0	0	0	10	0	37	0	2	5	0	0	0	0	0	0	270	0	1	0	0	0	0	0	0	0	0	0	0	0	12	1	3	3	0	6	0	0	81	0	0
0	0	4	62	1	0	25	0	22	0	44	0	1	0	0	56	17	0	0	36	0	0	0	0	0	1	0	0	0	56	1	43	8	0	2	0	0	0	0	4	3	0	4	0	644	48	0	0	14	0	0	3	0	0	14	0	0	28	0	1	0	0	16	5	2	0	1	58	0	18	12	0	24	17	6
0	8	0	2	0	0	0	0	0	0	0	0	0	0	0	0	0	5	323	13	0	52	0	0	267	0	0	66	413	0	0	0	0	0	0	0	0	0	7	0	0	0	1	1	0	0	0	0	44	0	0	0	3	20	1	0	0	0	0	0	0	0	0	0	0	226	9	0	0	1	0	0	0	0	0
0	0	4	294	6	0	417	0	2	0	439	0	0	56	0	0	168	0	0	870	0	0	0	0	0	0	9	0	0	567	4	15	264	174	6	0	0	0	0	0	17	0	537	1	5	435	0	0	6	16	0	6	0	8	27	169	0	265	0	4	0	0	55	4	18	0	7	59	0	7	13	117	13	30	2
0	0	0	3	9	0	0	0	59	0	0	0	0	17	0	168	0	3	5	629	116	0	0	0	1	0	189	20	1	4	7	0	0	0	2	0	0	0	0	0	18	0	34	7	0	46	0	0	9	0	6	0	0	1	4	0	0	2	0	0	0	0	0	80	87	0	2	436	0	66	1	0	25	0	0
0	185	39	8	0	0	1	0	0	0	45	10	2	0	5	0	3	0	54	19	105	403	0	0	208	0	0	522	831	0	56	1	0	141	2	0	0	0	416	0	307	0	25	65	0	1	0	0	10	10	734	1	24	177	85	0	6	19	73	10	0	0	0	12	1	183	137	17	0	6	6	2	84	0	2
0	25	2	2	0	0	3	0	0	0	52	0	1	0	323	0	5	54	0	18	1	73	0	0	483	0	0	118	949	0	102	175	0	103	0	0	0	0	523	0	39	1	9	336	0	8	0	0	40	1	40	8	165	16	280	1	1	4	12	89	0	0	0	4	0	600	5	1	0	3	4	86	1	10	0
0	2	0	24	0	0	1	0	5	0	13	0	0	36	13	870	629	19	18	0	22	16	0	0	14	0	17	25	33	626	5	4	208	85	4	0	0	0	12	0	72	4	415	12	0	758	0	0	30	18	1	73	4	1	15	157	0	85	0	3	0	0	284	3	89	6	4	20	0	4	133	50	10	9	35
0	0	74	1	6	0	0	0	6	0	0	0	2	0	0	0	116	105	1	22	0	4	0	0	14	0	4	257	4	0	180	14	8	8	5	0	0	0	9	0	255	0	51	72	0	0	0	0	3	0	1092	0	0	1	6	0	0	6	4	4	0	0	0	0	57	11	21	37	0	1	5	14	50	4	0
0	1410	36	156	2	0	191	0	0	0	49	0	0	0	52	0	0	403	73	16	4	0	0	0	290	0	0	269	656	0	455	2	0	42	0	0	0	0	81	0	546	0	11	5	0	0	0	0	84	0	361	0	413	252	48	0	408	5	395	40	0	0	0	0	1	230	28	0	0	1	5	2	58	2	145
0	0	0	0	0	0	0	0	0	0	0	0	0	0	0	0	0	0	0	0	0	0	0	0	0	0	0	0	0	0	0	0	0	0	0	0	0	0	0	0	0	0	0	0	0	0	0	0	0	0	0	0	0	0	0	0	0	0	0	0	0	0	0	0	0	0	0	0	0	0	0	0	0	0	0
0	0	0	0	0	0	0	0	0	0	0	0	0	0	0	0	0	0	0	0	0	0	0	0	0	0	0	0	0	0	0	0	0	0	0	0	0	0	0	0	0	0	0	0	0	0	0	0	0	0	0	0	0	0	0	0	0	0	0	0	0	0	0	0	0	0	0	0	0	0	0	0	0	0	0
0	19	39	10	0	0	2	0	1	0	126	1	6	0	267	0	1	208	483	14	14	290	0	0	0	0	1	140	1213	0	244	34	0	144	0	0	0	0	1062	0	146	0	11	10	0	0	0	0	20	1	89	0	139	12	759	0	2	20	10	79	0	0	0	7	0	880	158	47	0	1	5	143	28	7	8
0	0	0	0	0	0	1	0	0	0	0	0	0	1	0	0	0	0	0	0	0	0	0	0	0	0	0	0	0	0	0	0	0	0	0	0	0	0	0	0	0	0	0	0	4	0	0	0	0	0	0	0	0	0	0	0	0	0	0	0	0	0	0	0	0	0	0	0	0	0	0	0	0	0	0
0	0	0	6	4	0	0	0	14	0	0	0	2	0	0	9	189	0	0	17	4	0	0	0	1	0	0	0	1	0	0	1	15	2	0	0	0	0	3	0	3	23	6	4	0	18	0	0	0	31	0	1	4	0	34	0	0	6	0	79	0	0	0	322	219	1	26	819	0	535	3	30	5	83	0
0	64	62	13	2	0	1	0	1	0	2	0	7	0	66	0	20	522	118	25	257	269	0	0	140	0	0	0	625	0	239	65	2	188	3	0	0	0	590	4	301	0	38	168	0	0	0	0	11	0	239	0	25	43	189	0	4	9	203	16	0	0	1	47	0	151	15	3	0	6	3	32	1	6	0
0	273	95	15	0	0	1	0	0	0	150	0	16	0	413	0	1	831	949	33	4	656	0	0	1213	0	1	625	0	0	531	22	1	463	0	0	0	0	1218	1	274	0	31	9	0	0	0	0	103	0	5	0	230	90	734	0	10	34	2	106	0	0	0	0	4	1200	100	0	0	1	5	15	154	9	21
0	0	0	37	1	0	49	0	0	0	0	0	0	56	0	567	4	0	0	626	0	0	0	0	0	0	0	0	0	0	0	0	0	0	14	0	0	0	0	0	0	0	238	1	0	264	0	0	0	0	0	0	0	0	1	29	0	271	0	0	0	0	0	0	2	0	17	1	0	2	3	0	2	0	0
0	6	0	192	3	0	144	0	0	0	0	4	0	1	0	4	7	56	102	5	180	455	0	0	244	0	0	239	531	0	0	1	0	0	0	0	0	0	0	0	281	0	11	8	0	0	0	0	60	0	303	0	7	128	4	0	0	0	0	0	0	0	0	0	0	13	4	1	0	1	0	0	100	0	0
0	0	2	8	17	0	1	0	1	0	0	0	0	43	0	15	0	1	175	4	14	2	0	0	34	0	1	65	22	0	1	0	5	6	0	0	0	0	189	0	0	0	19	458	0	8	0	0	20	0	240	38	16	0	50	0	0	2	1	0	0	0	3	86	12	323	102	8	0	1	14	1	31	22	0
0	0	0	41	4	0	0	0	0	0	0	0	0	8	0	264	0	0	0	208	8	0	0	0	0	0	15	2	1	0	0	5	0	0	55	0	0	0	1	0	0	0	96	0	0	0	0	0	1	0	5	0	1	0	1	0	0	89	0	0	0	0	0	1	72	6	0	134	0	7	4	0	16	0	0
0	58	3	93	0	0	177	0	0	0	2	0	0	0	0	174	0	141	103	85	8	42	0	0	144	0	2	188	463	0	0	6	0	0	2	0	0	0	299	0	0	0	97	130	0	0	0	0	26	0	352	0	3	29	6	0	2	3	0	0	0	0	0	14	1	177	74	3	0	0	0	0	0	0	0
0	0	0	8	0	0	0	0	14	0	0	0	0	2	0	6	2	2	0	4	5	0	0	0	0	0	0	3	0	14	0	0	55	2	0	0	0	0	2	0	1	0	0	1	0	4	0	0	1	0	0	0	0	0	1	181	0	344	0	0	0	0	89	10	8	0	0	7	0	1	0	0	0	2	0
0	0	0	0	0	0	0	0	0	0	0	0	0	0	0	0	0	0	0	0	0	0	0	0	0	0	0	0	0	0	0	0	0	0	0	0	0	0	0	0	0	0	0	0	0	0	0	0	0	0	0	0	0	0	0	0	0	0	0	0	0	0	0	0	0	0	0	0	0	0	0	0	0	0	0
0	0	0	0	0	0	0	0	0	0	0	0	0	0	0	0	0	0	0	0	0	0	0	0	0	0	0	0	0	0	0	0	0	0	0	0	0	0	0	0	0	0	0	0	0	0	0	0	0	0	0	0	0	0	0	0	0	0	0	0	0	0	0	0	0	0	0	0	0	0	0	0	0	0	0
0	0	0	0	0	0	0	0	0	0	0	0	0	0	0	0	0	0	0	0	0	0	0	0	0	0	0	0	0	0	0	0	0	0	0	0	0	0	0	0	0	0	0	0	0	0	0	0	0	0	0	0	0	0	0	0	0	0	0	0	0	0	0	0	0	0	0	0	0	0	0	0	0	0	0
0	31	9	8	9	0	0	0	0	0	19	0	10	0	7	0	0	416	523	12	9	81	0	0	1062	0	3	590	1218	0	0	189	1	299	2	0	0	0	0	11	119	1	49	981	0	0	0	0	43	3	1265	0	57	31	249	0	0	12	0	176	0	0	0	142	3	964	420	52	0	2	5	92	60	15	4
0	0	0	0	1	0	0	0	0	0	0	0	0	4	0	0	0	0	0	0	0	0	0	0	0	0	0	4	1	0	0	0	0	0	0	0	0	0	11	0	0	0	0	82	0	0	0	0	13	0	11	0	0	0	0	0	0	0	0	0	0	0	0	0	0	9	0	3	0	111	0	0	0	0	0
0	41	57	10	5	0	36	0	0	0	50	0	37	3	0	17	18	307	39	72	255	546	0	0	146	0	3	301	274	0	281	0	0	0	1	0	0	0	119	0	0	0	56	61	0	0	0	0	25	0	819	0	5	45	116	0	1	16	0	74	0	0	0	5	0	134	66	82	0	15	2	0	186	0	247
0	2	0	1	4	0	0	0	0	0	0	0	0	0	0	0	0	0	1	4	0	0	0	0	0	0	23	0	0	0	0	0	0	0	0	0	0	0	1	0	0	0	0	19	0	0	0	0	1	0	65	0	0	0	2	0	0	0	0	0	0	0	0	102	0	0	0	3	0	150	0	0	13	0	0
0	57	90	288	7	0	240	0	3	0	216	0	2	4	1	537	34	25	9	415	51	11	0	0	11	0	6	38	31	238	11	19	96	97	0	0	0	0	49	0	56	0	0	76	0	49	0	0	58	0	71	0	0	1	6	38	78	18	6	3	0	0	6	14	12	9	40	67	0	3	102	109	3	2	85
0	5	4	1	8	0	0	0	0	0	0	0	5	0	1	1	7	65	336	12	72	5	0	0	10	0	4	168	9	1	8	458	0	130	1	0	0	0	981	82	61	19	76	0	0	1	0	0	5	22	444	53	46	24	323	0	0	42	1	382	0	0	0	279	5	266	42	6	0	12	10	150	5	85	15
0	0	0	0	0	0	0	0	0	0	0	0	0	644	0	5	0	0	0	0	0	0	0	0	0	4	0	0	0	0	0	0	0	0	0	0	0	0	0	0	0	0	0	0	0	0	0	0	0	0	0	0	0	5	0	0	0	0	0	0	0	0	0	0	0	0	0	0	0	0	0	0	0	0	0
0	0	0	165	2	0	100	0	0	0	24	0	0	48	0	435	46	1	8	758	0	0	0	0	0	0	18	0	0	264	0	8	0	0	4	0	0	0	0	0	0	0	49	1	0	0	0	0	64	0	0	118	1	0	2	3	1	267	0	0	0	0	202	0	1	0	0	33	0	22	1	0	15	7	0
0	0	0	0	0	0	0	0	0	0	0	0	0	0	0	0	0	0	0	0	0	0	0	0	0	0	0	0	0	0	0	0	0	0	0	0	0	0	0	0	0	0	0	0	0	0	0	0	0	0	0	0	0	0	0	0	0	0	0	0	0	0	0	0	0	0	0	0	0	0	0	0	0	0	0
0	0	0	0	0	0	0	0	0	0	0	0	0	0	0	0	0	0	0	0	0	0	0	0	0	0	0	0	0	0	0	0	0	0	0	0	0	0	0	0	0	0	0	0	0	0	0	0	0	0	0	0	0	0	0	0	0	0	0	0	0	0	0	0	0	0	0	0	0	0	0	0	0	0	0
0	201	13	155	0	0	84	0	0	0	84	0	0	14	44	6	9	10	40	30	3	84	0	0	20	0	0	11	103	0	60	20	1	26	1	0	0	0	43	13	25	1	58	5	0	64	0	0	0	2	25	74	61	2	35	1	14	54	48	11	0	0	0	8	3	45	16	49	0	1	0	10	1	14	13
0	0	0	0	2	0	0	0	0	0	0	0	0	0	0	16	0	10	1	18	0	0	0	0	1	0	31	0	0	0	0	0	0	0	0	0	0	0	3	0	0	0	0	22	0	0	0	0	2	0	0	0	7	10	0	0	0	5	0	0	0	0	0	23	0	0	0	109	0	124	0	0	0	0	0
0	6	197	1	9	0	0	0	3	0	2	124	270	0	0	0	6	734	40	1	1092	361	0	0	89	0	0	239	5	0	303	240	5	352	0	0	0	0	1265	11	819	65	71	444	0	0	0	0	25	0	0	0	63	0	236	0	5	11	126	310	0	0	0	31	9	17	105	0	0	1	25	67	292	104	2
0	0	0	0	1	0	0	0	0	0	0	0	0	3	0	6	0	1	8	73	0	0	0	0	0	0	1	0	0	0	0	38	0	0	0	0	0	0	0	0	0	0	0	53	0	118	0	0	74	0	0	0	0	16	0	0	0	109	0	0	0	0	0	0	2	0	0	0	0	0	0	0	0	0	0
0	795	185	263	0	0	180	0	4	0	10	0	1	0	3	0	0	24	165	4	0	413	0	0	139	0	4	25	230	0	7	16	1	3	0	0	0	0	57	0	5	0	0	46	0	1	0	0	61	7	63	0	0	249	3	0	111	0	100	5	0	0	0	12	0	62	17	0	0	4	0	79	0	0	0
0	330	53	27	0	0	13	0	0	0	74	7	0	0	20	8	1	177	16	1	1	252	0	0	12	0	0	43	90	0	128	0	0	29	0	0	0	0	31	0	45	0	1	24	5	0	0	0	2	10	0	16	249	0	26	0	70	23	265	5	0	0	0	1	0	41	1	0	0	0	1	0	0	8	76
0	42	22	10	8	0	0	0	2	0	0	0	0	14	1	27	4	85	280	15	6	48	0	0	759	0	34	189	734	1	4	50	1	6	1	0	0	0	249	0	116	2	6	323	0	2	0	0	35	0	236	0	3	26	0	0	0	12	0	3	0	0	0	34	1	604	252	168	0	25	9	13	102	8	2
0	0	0	0	5	0	0	0	0	0	0	1	0	0	0	169	0	0	1	157	0	0	0	0	0	0	0	0	0	29	0	0	0	0	181	0	0	0	0	0	0	0	38	0	0	3	0	0	1	0	0	0	0	0	0	0	0	107	0	0	0	0	22	0	1	0	5	2	0	1	0	0	0	1	0
0	1431	72	13	0	0	54	0	0	0	65	0	0	0	0	0	0	6	1	0	0	408	0	0	2	0	0	4	10	0	0	0	0	2	0	0	0	0	0	0	1	0	78	0	0	1	0	0	14	0	5	0	111	70	0	0	0	0	73	0	0	0	0	2	0	1	4	0	0	0	0	4	0	0	3
0	7	25	6	1	0	12	0	18	0	0	0	0	28	0	265	2	19	4	85	6	5	0	0	20	0	6	9	34	271	0	2	89	3	344	0	0	0	12	0	16	0	18	42	0	267	0	0	54	5	11	109	0	23	12	107	0	0	0	1	0	0	64	1	16	47	32	85	0	6	2	3	11	11	7
0	1286	15	96	2	0	106	0	0	0	0	0	0	0	0	0	0	73	12	0	4	395	0	0	10	0	0	203	2	0	0	1	0	0	0	0	0	0	0	0	0	0	6	1	0	0	0	0	48	0	126	0	100	265	0	0	73	0	0	0	0	0	0	0	0	1	51	0	0	0	0	0	0	0	0
0	24	2	9	14	0	0	0	0	0	0	0	0	1	0	4	0	10	89	3	4	40	0	0	79	0	79	16	106	0	0	0	0	0	0	0	0	0	176	0	74	0	3	382	0	0	0	0	11	0	310	0	5	5	3	0	0	1	0	0	0	0	0	124	0	303	20	13	0	406	0	0	94	0	0
0	0	0	0	0	0	0	0	0	0	0	0	0	0	0	0	0	0	0	0	0	0	0	0	0	0	0	0	0	0	0	0	0	0	0	0	0	0	0	0	0	0	0	0	0	0	0	0	0	0	0	0	0	0	0	0	0	0	0	0	0	0	0	0	0	0	0	0	0	0	0	0	0	0	0
0	0	0	0	0	0	0	0	0	0	0	0	0	0	0	0	0	0	0	0	0	0	0	0	0	0	0	0	0	0	0	0	0	0	0	0	0	0	0	0	0	0	0	0	0	0	0	0	0	0	0	0	0	0	0	0	0	0	0	0	0	0	0	0	0	0	0	0	0	0	0	0	0	0	0
0	0	0	1	0	0	0	0	0	0	0	1	0	16	0	55	0	0	0	284	0	0	0	0	0	0	0	1	0	0	0	3	0	0	89	0	0	0	0	0	0	0	6	0	0	202	0	0	0	0	0	0	0	0	0	22	0	64	0	0	0	0	0	0	3	1	0	0	0	2	0	0	1	0	0
0	0	0	21	22	0	0	0	5	0	0	0	0	5	0	4	80	12	4	3	0	0	0	0	7	0	322	47	0	0	0	86	1	14	10	0	0	0	142	0	5	102	14	279	0	0	0	0	8	23	31	0	12	1	34	0	2	1	0	124	0	0	0	0	42	18	1	357	0	640	4	8	32	43	1
0	0	22	95	8	0	0	0	42	0	0	0	12	2	0	18	87	1	0	89	57	1	0	0	0	0	219	0	4	2	0	12	72	1	8	0	0	0	3	0	0	0	12	5	0	1	0	0	3	0	9	2	0	0	1	1	0	16	0	0	0	0	3	42	0	1	1	842	0	119	10	0	40	9	0
0	8	45	13	0	0	0	0	3	0	71	0	1	0	226	0	0	183	600	6	11	230	0	0	880	0	1	151	1200	0	13	323	6	177	0	0	0	0	964	9	134	0	9	266	0	0	0	0	45	0	17	0	62	41	604	0	1	47	1	303	0	0	1	18	1	0	314	1	0	2	1	215	0	2	10
0	21	126	1	3	0	0	0	0	0	54	0	3	1	9	7	2	137	5	4	21	28	0	0	158	0	26	15	100	17	4	102	0	74	0	0	0	0	420	0	66	0	40	42	0	0	0	0	16	0	105	0	17	1	252	5	4	32	51	20	0	0	0	1	1	314	0	8	0	1	14	229	15	18	11
0	0	0	112	5	0	0	0	61	0	0	1	3	58	0	59	436	17	1	20	37	0	0	0	47	0	819	3	0	1	1	8	134	3	7	0	0	0	52	3	82	3	67	6	0	33	0	0	49	109	0	0	0	0	168	2	0	85	0	13	0	0	0	357	842	1	8	0	0	500	10	7	39	87	24
0	0	0	0	0	0	0	0	0	0	0	0	0	0	0	0	0	0	0	0	0	0	0	0	0	0	0	0	0	0	0	0	0	0	0	0	0	0	0	0	0	0	0	0	0	0	0	0	0	0	0	0	0	0	0	0	0	0	0	0	0	0	0	0	0	0	0	0	0	0	0	0	0	0	0
0	4	0	6	3	0	0	0	3	0	0	0	6	18	1	7	66	6	3	4	1	1	0	0	1	0	535	6	1	2	1	1	7	0	1	0	0	0	2	111	15	150	3	12	0	22	0	0	1	124	1	0	4	0	25	1	0	6	0	406	0	0	2	640	119	2	1	500	0	0	3	1	22	119	2
0	2	10	33	7	0	3	0	4	0	1	0	0	12	0	13	1	6	4	133	5	5	0	0	5	0	3	3	5	3	0	14	4	0	0	0	0	0	5	0	2	0	102	10	0	1	0	0	0	0	25	0	0	1	9	0	0	2	0	0	0	0	0	4	10	1	14	10	0	3	0	2	17	6	0
0	253	32	22	7	0	31	0	0	0	0	23	0	0	0	117	0	2	86	50	14	2	0	0	143	0	30	32	15	0	0	1	0	0	0	0	0	0	92	0	0	0	109	150	0	0	0	0	10	0	67	0	79	0	13	0	4	3	0	0	0	0	0	8	0	215	229	7	0	1	2	0	0	0	0
0	0	37	51	4	0	0	0	16	0	1	0	81	24	0	13	25	84	1	10	50	58	0	0	28	0	5	1	154	2	100	31	16	0	0	0	0	0	60	0	186	13	3	5	0	15	0	0	1	0	292	0	0	0	102	0	0	11	0	94	0	0	1	32	40	0	15	39	0	22	17	0	0	7	0
0	0	0	21	0	0	3	0	0	0	0	0	0	17	0	30	0	0	10	9	4	2	0	0	7	0	83	6	9	0	0	22	0	0	2	0	0	0	15	0	0	0	2	85	0	7	0	0	14	0	104	0	0	8	8	1	0	11	0	0	0	0	0	43	9	2	18	87	0	119	6	0	7	0	0
0	152	0	105	2	0	128	0	0	0	0	1	0	6	0	2	0	2	0	35	0	145	0	0	8	0	0	0	21	0	0	0	0	0	0	0	0	0	4	0	247	0	85	15	0	0	0	0	13	0	2	0	0	76	2	0	3	7	0	0	0	0	0	1	0	10	11	24	0	2	0	0	0	0	0
