0	0	0	0	0	0	0	0	0	0	0	0	0	0	0	0	0	0	0	0	0	0	0	0	0	0	0	0	0	0	0	0	0	0	0	0	0	0	0	0	0	0	0	0	0	0	0	0	0	0	0	0	0	0	0	0	0	0	0	0	0	0	0	0	0	0	0	0	0	0	0	0	0	0	0
0	0	1146	80	1	0	61	0	0	0	562	0	174	0	0	0	0	132	7	0	0	541	0	0	16	0	0	80	81	2	18	2	0	22	0	0	0	0	15	0	10	0	74	6	0	0	0	0	376	0	0	4	953	126	18	0	1962	2	154	8	0	0	0	0	0	21	79	4	0	0	4	10	0	0	2
0	1146	0	1	0	0	0	0	0	0	4	0	9	0	0	0	0	27	7	0	0	7	0	0	27	0	0	46	196	0	0	0	1	40	0	0	4	0	2	0	0	0	554	7	0	0	0	0	20	0	0	1	581	19	6	0	283	9	4	0	0	0	0	0	43	28	99	18	0	1	309	1	0	0	0
0	80	1	0	0	0	919	0	138	0	333	0	0	25	0	214	43	3	5	4	23	91	0	0	7	0	25	2	10	42	252	0	30	10	2	0	15	0	1	0	40	27	357	3	0	248	0	0	71	29	0	1	316	7	2	0	8	0	0	11	0	0	12	9	39	3	35	44	0	4	28	1	10	1	174
0	1	0	0	0	0	0	0	14	0	1	3	0	2	0	1	7	75	25	6	75	3	0	0	11	0	1	85	100	3	2	151	13	14	1	0	22	0	109	6	11	88	17	160	0	3	0	0	12	31	0	6	7	0	67	1	0	23	1	80	0	0	1	103	16	37	3	30	0	3	2	91	1	0	0
0	0	0	0	0	0	0	0	0	0	0	0	0	0	0	0	0	0	0	0	0	0	0	0	0	0	0	0	0	0	0	0	0	0	0	0	0	0	0	0	5	0	0	0	0	0	0	0	0	0	0	0	0	0	0	0	0	0	0	0	0	0	0	0	0	0	0	0	0	0	0	0	0	0	0
0	61	0	919	0	0	0	0	0	0	55	0	0	10	0	39	0	0	1	0	0	30	0	0	0	0	0	0	2	3	52	0	0	26	0	0	3	0	0	0	7	0	77	0	0	66	0	0	22	0	0	0	41	1	0	0	11	3	0	10	0	0	0	0	0	1	34	0	0	0	63	0	0	0	25
0	0	0	0	0	0	0	0	0	0	0	0	0	0	0	0	0	0	0	0	0	0	0	0	0	0	0	0	0	0	0	0	0	0	0	0	0	0	0	0	0	0	0	0	0	0	0	0	0	0	0	0	0	0	0	0	0	0	0	0	0	0	0	0	0	0	0	0	0	0	0	0	0	0	0
0	0	0	138	14	0	0	0	0	0	0	0	0	20	0	0	89	0	0	3	144	0	0	0	0	0	9	0	0	0	0	0	170	0	3	0	0	0	0	0	3	0	2	3	0	0	0	0	0	0	0	0	0	0	1	0	0	5	0	0	0	0	0	9	197	1	2	18	0	11	0	0	0	0	0
0	0	0	0	0	0	0	0	0	0	0	0	0	0	0	0	0	0	0	0	0	0	0	0	0	0	0	0	0	0	0	0	0	0	0	0	0	0	0	0	0	0	0	0	0	0	0	0	0	0	0	0	0	0	0	0	0	0	0	0	0	0	0	0	0	0	0	0	0	0	0	0	0	0	0
0	562	4	333	1	0	55	0	0	0	0	0	0	29	0	167	0	0	12	29	0	0	0	0	3	0	0	3	16	14	8	0	2	29	0	0	0	0	1	0	77	0	245	2	0	47	0	0	194	0	0	0	186	0	0	0	39	7	0	14	0	0	0	0	0	1	29	0	0	0	149	0	0	0	35
0	0	0	0	3	0	0	0	0	0	0	0	0	2	0	12	0	0	1	1	0	0	0	0	0	0	0	0	0	0	0	0	8	0	162	0	0	0	16	0	5	0	2	0	0	0	0	0	0	0	0	0	0	0	1	1	0	37	0	0	0	0	0	9	0	0	0	8	0	4	0	11	0	0	0
0	174	9	0	0	0	0	0	0	0	0	0	0	0	0	0	0	0	0	0	0	6	0	0	0	0	0	0	1	0	0	0	0	0	0	0	0	0	0	0	4	0	5	6	0	0	0	0	0	0	0	0	73	0	0	0	101	0	0	2	0	0	0	0	0	0	133	0	0	1	3	0	0	0	0
0	0	0	25	2	0	10	0	20	0	29	2	0	0	0	37	20	1	8	51	1	1	0	0	2	0	2	0	0	87	7	1	33	1	1	0	32	0	0	6	31	0	59	11	702	109	0	0	27	9	0	34	7	0	53	3	1	40	8	8	0	0	18	58	8	0	6	167	0	65	9	5	0	18	3
0	0	0	0	0	0	0	0	0	0	0	0	0	0	0	0	0	0	0	0	0	0	0	0	0	0	0	0	0	0	0	0	0	0	0	0	0	0	0	0	0	0	0	0	0	0	0	0	0	0	0	0	0	0	0	0	0	0	0	0	0	0	0	0	0	0	0	0	0	0	0	0	0	0	0
0	0	0	214	1	0	39	0	0	0	167	12	0	37	0	0	352	0	7	485	0	0	0	0	0	0	3	20	0	412	0	0	416	77	26	0	19	0	4	10	23	0	565	6	0	418	0	0	3	2	0	0	1	0	21	260	0	128	0	0	0	0	192	11	12	13	33	62	0	1	78	0	0	1	0
0	0	0	43	7	0	0	0	89	0	0	0	0	20	0	352	0	10	0	342	394	0	0	0	0	0	221	13	0	88	3	0	161	14	3	0	0	0	3	25	186	0	84	6	0	240	0	0	0	6	1	20	0	0	5	5	0	14	0	1	0	0	103	409	116	1	2	179	0	77	1	7	0	9	0
0	132	27	3	75	0	0	0	0	0	0	0	0	1	0	0	10	0	195	1	300	58	0	0	219	0	25	655	352	0	79	36	0	67	0	0	1	0	196	1	395	1	39	124	0	1	0	0	85	1	0	1	35	103	67	0	13	2	2	28	0	0	0	3	1	75	115	18	0	2	13	72	0	2	6
0	7	7	5	25	0	1	0	0	0	12	1	0	8	0	7	0	195	0	2	12	158	0	0	496	0	9	292	703	0	383	113	1	350	0	0	0	0	762	36	65	0	34	174	0	4	0	0	180	2	0	12	279	15	303	1	4	19	58	253	0	0	1	9	0	728	92	1	0	1	33	243	0	11	69
0	0	0	4	6	0	0	0	3	0	29	1	0	51	0	485	342	1	2	0	4	0	0	0	1	0	4	1	3	340	2	1	371	46	0	0	25	0	3	11	24	1	240	4	0	387	0	0	0	38	0	2	1	40	9	208	0	94	0	0	0	0	348	21	39	2	3	62	0	2	72	0	2	15	0
0	0	0	23	75	0	0	0	144	0	0	0	0	1	0	0	394	300	12	4	0	4	0	0	4	0	0	416	0	0	424	30	15	180	1	0	0	0	50	12	301	0	146	94	0	78	0	0	3	2	0	0	6	0	20	0	0	12	0	6	0	0	0	4	2	1	22	3	0	1	248	66	0	8	0
0	541	7	91	3	0	30	0	0	0	0	0	6	1	0	0	0	58	158	0	4	0	0	0	104	0	4	130	199	0	49	1	0	5	0	0	0	0	8	0	100	0	0	6	0	0	0	0	101	0	0	0	351	73	0	0	124	0	12	18	0	0	0	0	0	18	3	0	0	1	2	1	0	1	6
0	0	0	0	0	0	0	0	0	0	0	0	0	0	0	0	0	0	0	0	0	0	0	0	0	0	0	0	0	0	0	0	0	0	0	0	0	0	0	0	0	0	0	0	0	0	0	0	0	0	0	0	0	0	0	0	0	0	0	0	0	0	0	0	0	0	0	0	0	0	0	0	0	0	0
0	0	0	0	0	0	0	0	0	0	0	0	0	0	0	0	0	0	0	0	0	0	0	0	0	0	0	0	0	0	0	0	0	0	0	0	0	0	0	0	0	0	0	0	0	0	0	0	0	0	0	0	0	0	0	0	0	0	0	0	0	0	0	0	0	0	0	0	0	0	0	0	0	0	0
0	16	27	7	11	0	0	0	0	0	3	0	0	2	0	0	0	219	496	1	4	104	0	0	0	0	3	144	810	1	167	113	0	391	0	0	1	0	715	14	42	0	23	7	0	2	0	0	110	5	0	5	219	1	469	1	6	11	49	86	0	0	0	1	1	723	19	20	0	1	4	123	0	34	7
0	0	0	0	0	0	0	0	0	0	0	0	0	0	0	0	0	0	0	0	0	0	0	0	0	0	0	0	0	0	0	0	0	0	0	0	0	0	0	0	0	0	0	0	1	0	0	0	0	0	0	0	0	0	0	0	0	0	0	0	0	0	0	0	0	0	0	0	0	0	0	0	0	0	0
0	0	0	25	1	0	0	0	9	0	0	0	0	2	0	3	221	25	9	4	0	4	0	0	3	0	0	5	88	0	26	3	75	3	1	0	84	0	29	0	110	41	21	22	0	7	0	0	0	132	0	35	1	0	4	12	0	24	5	7	0	0	1	488	247	0	32	278	0	388	0	44	67	11	0
0	80	46	2	85	0	0	0	0	0	3	0	0	0	0	20	13	655	292	1	416	130	0	0	144	0	5	0	402	0	348	82	1	451	0	0	0	0	655	33	643	0	61	64	0	0	0	0	105	1	0	1	55	118	167	0	6	1	53	68	0	0	0	0	0	60	99	0	0	0	18	215	0	36	13
0	81	196	10	100	0	2	0	0	0	16	0	1	0	0	0	0	352	703	3	0	199	0	0	810	0	88	402	0	0	594	79	0	262	0	0	1	0	498	1	427	0	70	18	0	0	0	0	31	9	0	5	398	263	211	0	24	10	73	144	0	0	1	1	0	355	72	0	0	1	5	374	0	34	2
0	2	0	42	3	0	3	0	0	0	14	0	0	87	0	412	88	0	0	340	0	0	0	0	1	0	0	0	0	0	0	0	286	0	273	0	0	0	0	0	12	0	431	2	0	0	0	0	17	0	0	0	11	0	0	0	0	200	0	0	0	0	0	4	91	0	30	126	0	6	26	0	0	0	0
0	18	0	252	2	0	52	0	0	0	8	0	0	7	0	0	3	79	383	2	424	49	0	0	167	0	26	348	594	0	0	0	0	0	0	0	0	0	0	0	508	0	15	3	0	0	0	0	88	0	0	0	96	154	1	0	1	0	0	53	0	0	0	1	1	1	0	0	0	1	7	1	0	0	0
0	2	0	0	151	0	0	0	0	0	0	0	0	1	0	0	0	36	113	1	30	1	0	0	113	0	3	82	79	0	0	0	1	0	0	0	0	0	226	0	59	0	4	674	0	0	0	0	2	0	0	0	1	2	27	0	1	0	0	86	0	0	0	1	0	76	134	0	0	1	4	164	0	0	0
0	0	1	30	13	0	0	0	170	0	2	8	0	33	0	416	161	0	1	371	15	0	0	0	0	0	75	1	0	286	0	1	0	3	638	0	240	0	1	4	4	38	482	12	0	304	0	0	9	99	0	4	0	0	155	279	0	381	1	1	0	0	186	206	592	6	16	323	0	26	230	2	7	125	10
0	22	40	10	14	0	26	0	0	0	29	0	0	1	0	77	14	67	350	46	180	5	0	0	391	0	3	451	262	0	0	0	3	0	0	0	0	0	234	0	68	0	139	304	0	0	0	0	38	0	0	0	10	7	18	0	1	2	0	29	0	0	0	1	0	216	155	1	0	1	31	23	0	0	0
0	0	0	2	1	0	0	0	3	0	0	162	0	1	0	26	3	0	0	0	1	0	0	0	0	0	1	0	0	273	0	0	638	0	0	0	18	0	0	2	2	2	2	0	0	10	0	0	0	1	0	0	0	0	9	402	0	727	0	1	0	0	479	15	22	0	0	23	0	1	3	0	1	11	0
0	0	0	0	0	0	0	0	0	0	0	0	0	0	0	0	0	0	0	0	0	0	0	0	0	0	0	0	0	0	0	0	0	0	0	0	0	0	0	0	0	0	0	0	0	0	0	0	0	0	0	0	0	0	0	0	0	0	0	0	0	0	0	0	0	0	0	0	0	0	0	0	0	0	0
0	0	4	15	22	0	3	0	0	0	0	0	0	32	0	19	0	1	0	25	0	0	0	0	1	0	84	0	1	0	0	0	240	0	18	0	0	0	0	0	56	0	5	4	0	0	0	0	40	1	0	0	0	0	1	0	0	3	0	0	0	0	0	151	708	7	9	551	0	13	0	0	0	0	0
0	0	0	0	0	0	0	0	0	0	0	0	0	0	0	0	0	0	0	0	0	0	0	0	0	0	0	0	0	0	0	0	0	0	0	0	0	0	0	0	0	0	0	0	0	0	0	0	0	0	0	0	0	0	0	0	0	0	0	0	0	0	0	0	0	0	0	0	0	0	0	0	0	0	0
0	15	2	1	109	0	0	0	0	0	1	16	0	0	0	4	3	196	762	3	50	8	0	0	715	0	29	655	498	0	0	226	1	234	0	0	0	0	0	30	192	0	79	1084	0	0	0	0	73	21	0	1	40	43	226	0	3	2	0	421	0	0	0	307	0	647	201	0	0	4	22	417	0	47	2
0	0	0	0	6	0	0	0	0	0	0	0	0	6	0	10	25	1	36	11	12	0	0	0	14	0	0	33	1	0	0	0	4	0	2	0	0	0	30	0	111	0	4	57	0	0	0	0	0	0	0	0	4	0	4	0	0	0	0	92	0	0	0	9	0	1	2	6	0	6	8	1	0	0	0
0	10	0	40	11	5	7	0	3	0	77	5	4	31	0	23	186	395	65	24	301	100	0	0	42	0	110	643	427	12	508	59	4	68	2	0	56	0	192	111	0	15	194	119	0	325	0	0	38	14	0	35	37	3	84	2	3	41	27	438	0	0	20	95	21	25	17	124	0	29	19	371	42	54	340
0	0	0	27	88	0	0	0	0	0	0	0	0	0	0	0	0	1	0	1	0	0	0	0	0	0	41	0	0	0	0	0	38	0	2	0	0	0	0	0	15	0	1	31	0	0	0	0	0	0	0	0	0	0	0	0	0	0	0	6	0	0	0	385	131	0	0	37	0	207	0	0	0	0	0
0	74	554	357	17	0	77	0	2	0	245	2	5	59	0	565	84	39	34	240	146	0	0	0	23	0	21	61	70	431	15	4	482	139	2	0	5	0	79	4	194	1	0	110	0	268	0	0	281	7	0	0	24	1	17	64	16	3	0	40	0	0	61	52	29	10	334	100	0	18	307	30	6	8	104
0	6	7	3	160	0	0	0	3	0	2	0	6	11	0	6	6	124	174	4	94	6	0	0	7	0	22	64	18	2	3	674	12	304	0	0	4	0	1084	57	119	31	110	0	0	3	0	0	3	119	0	0	16	108	447	0	1	39	25	1038	0	0	1	414	8	294	23	29	0	18	7	619	0	193	19
0	0	0	0	0	0	0	0	0	0	0	0	0	702	0	0	0	0	0	0	0	0	0	0	0	1	0	0	0	0	0	0	0	0	0	0	0	0	0	0	0	0	0	0	0	0	0	0	0	0	0	0	0	0	0	0	0	0	0	0	0	0	0	0	0	1	0	0	0	0	0	0	0	0	0
0	0	0	248	3	0	66	0	0	0	47	0	0	109	0	418	240	1	4	387	78	0	0	0	2	0	7	0	0	0	0	0	304	0	10	0	0	0	0	0	325	0	268	3	0	0	0	0	8	0	0	0	0	0	1	0	0	217	0	17	0	0	0	1	10	1	0	31	0	32	17	0	2	0	0
0	0	0	0	0	0	0	0	0	0	0	0	0	0	0	0	0	0	0	0	0	0	0	0	0	0	0	0	0	0	0	0	0	0	0	0	0	0	0	0	0	0	0	0	0	0	0	0	0	0	0	0	0	0	0	0	0	0	0	0	0	0	0	0	0	0	0	0	0	0	0	0	0	0	0
0	0	0	0	0	0	0	0	0	0	0	0	0	0	0	0	0	0	0	0	0	0	0	0	0	0	0	0	0	0	0	0	0	0	0	0	0	0	0	0	0	0	0	0	0	0	0	0	0	0	0	0	0	0	0	0	0	0	0	0	0	0	0	0	0	0	0	0	0	0	0	0	0	0	0
0	376	20	71	12	0	22	0	0	0	194	0	0	27	0	3	0	85	180	0	3	101	0	0	110	0	0	105	31	17	88	2	9	38	0	0	40	0	73	0	38	0	281	3	0	8	0	0	0	34	0	19	390	60	35	0	119	6	4	15	0	0	1	0	0	145	28	49	0	3	17	0	0	3	40
0	0	0	29	31	0	0	0	0	0	0	0	0	9	0	2	6	1	2	38	2	0	0	0	5	0	132	1	9	0	0	0	99	0	1	0	1	0	21	0	14	0	7	119	0	0	0	0	34	0	0	0	11	0	8	0	1	2	0	126	0	0	0	357	26	6	4	333	0	254	0	0	0	0	0
0	0	0	0	0	0	0	0	0	0	0	0	0	0	0	0	1	0	0	0	0	0	0	0	0	0	0	0	0	0	0	0	0	0	0	0	0	0	0	0	0	0	0	0	0	0	0	0	0	0	0	0	0	0	0	0	0	0	0	0	0	0	0	0	0	0	0	0	0	0	0	0	0	0	0
0	4	1	1	6	0	0	0	0	0	0	0	0	34	0	0	20	1	12	2	0	0	0	0	5	0	35	1	5	0	0	0	4	0	0	0	0	0	1	0	35	0	0	0	0	0	0	0	19	0	0	0	2	0	5	0	0	201	0	1	0	0	0	3	0	9	1	4	0	16	0	0	0	0	0
0	953	581	316	7	0	41	0	0	0	186	0	73	7	0	1	0	35	279	1	6	351	0	0	219	0	1	55	398	11	96	1	0	10	0	0	0	0	40	4	37	0	24	16	0	0	0	0	390	11	0	2	0	287	9	0	262	3	94	47	0	0	0	11	1	103	52	2	0	8	10	7	0	0	0
0	126	19	7	0	0	1	0	0	0	0	0	0	0	0	0	0	103	15	40	0	73	0	0	1	0	0	118	263	0	154	2	0	7	0	0	0	0	43	0	3	0	1	108	0	0	0	0	60	0	0	0	287	0	19	0	122	1	0	68	0	0	0	0	0	2	3	0	0	0	1	80	0	0	0
0	18	6	2	67	0	0	0	1	0	0	1	0	53	0	21	5	67	303	9	20	0	0	0	469	0	4	167	211	0	1	27	155	18	9	0	1	0	226	4	84	0	17	447	0	1	0	0	35	8	0	5	9	19	0	0	1	8	0	30	0	0	4	51	84	245	105	309	0	72	7	183	0	4	3
0	0	0	0	1	0	0	0	0	0	0	1	0	3	0	260	5	0	1	208	0	0	0	0	1	0	12	0	0	0	0	0	279	0	402	0	0	0	0	0	2	0	64	0	0	0	0	0	0	0	0	0	0	0	0	0	0	126	0	0	0	0	0	0	8	1	21	2	0	3	0	0	0	0	0
0	1962	283	8	0	0	11	0	0	0	39	0	101	1	0	0	0	13	4	0	0	124	0	0	6	0	0	6	24	0	1	1	0	1	0	0	0	0	3	0	3	0	16	1	0	0	0	0	119	1	0	0	262	122	1	0	0	1	89	1	0	0	0	0	0	4	98	2	0	0	4	1	0	0	0
0	2	9	0	23	0	3	0	5	0	7	37	0	40	0	128	14	2	19	94	12	0	0	0	11	0	24	1	10	200	0	0	381	2	727	0	3	0	2	0	41	0	3	39	0	217	0	0	6	2	0	201	3	1	8	126	1	0	0	2	0	0	81	95	38	18	10	135	0	39	0	2	0	0	2
0	154	4	0	1	0	0	0	0	0	0	0	0	8	0	0	0	2	58	0	0	12	0	0	49	0	5	53	73	0	0	0	1	0	0	0	0	0	0	0	27	0	0	25	0	0	0	0	4	0	0	0	94	0	0	0	89	0	0	0	0	0	0	2	0	31	0	0	0	4	2	0	0	0	0
0	8	0	11	80	0	10	0	0	0	14	0	2	8	0	0	1	28	253	0	6	18	0	0	86	0	7	68	144	0	53	86	1	29	1	0	0	0	421	92	438	6	40	1038	0	17	0	0	15	126	0	1	47	68	30	0	1	2	0	0	0	0	0	774	2	328	34	16	0	965	13	284	0	150	7
0	0	0	0	0	0	0	0	0	0	0	0	0	0	0	0	0	0	0	0	0	0	0	0	0	0	0	0	0	0	0	0	0	0	0	0	0	0	0	0	0	0	0	0	0	0	0	0	0	0	0	0	0	0	0	0	0	0	0	0	0	0	0	0	0	0	0	0	0	0	0	0	0	0	0
0	0	0	0	0	0	0	0	0	0	0	0	0	0	0	0	0	0	0	0	0	0	0	0	0	0	0	0	0	0	0	0	0	0	0	0	0	0	0	0	0	0	0	0	0	0	0	0	0	0	0	0	0	0	0	0	0	0	0	0	0	0	0	0	0	0	0	0	0	0	0	0	0	0	0
0	0	0	12	1	0	0	0	0	0	0	0	0	18	0	192	103	0	1	348	0	0	0	0	0	0	1	0	1	0	0	0	186	0	479	0	0	0	0	0	20	0	61	1	0	0	0	0	1	0	0	0	0	0	4	0	0	81	0	0	0	0	0	14	9	1	4	5	0	29	0	0	0	0	0
0	0	0	9	103	0	0	0	9	0	0	9	0	58	0	11	409	3	9	21	4	0	0	0	1	0	488	0	1	4	1	1	206	1	15	0	151	0	307	9	95	385	52	414	0	1	0	0	0	357	0	3	11	0	51	0	0	95	2	774	0	0	14	0	184	4	3	1186	0	1183	26	50	73	305	6
0	0	43	39	16	0	0	0	197	0	0	0	0	8	0	12	116	1	0	39	2	0	0	0	1	0	247	0	0	91	1	0	592	0	22	0	708	0	0	0	21	131	29	8	0	10	0	0	0	26	0	0	1	0	84	8	0	38	0	2	0	0	9	184	0	2	4	1604	0	60	2	1	0	237	0
0	21	28	3	37	0	1	0	1	0	1	0	0	0	0	13	1	75	728	2	1	18	0	0	723	0	0	60	355	0	1	76	6	216	0	0	7	0	647	1	25	0	10	294	1	1	0	0	145	6	0	9	103	2	245	1	4	18	31	328	0	0	1	4	2	0	29	17	0	3	4	156	0	3	15
0	79	99	35	3	0	34	0	2	0	29	0	133	6	0	33	2	115	92	3	22	3	0	0	19	0	32	99	72	30	0	134	16	155	0	0	9	0	201	2	17	0	334	23	0	0	0	0	28	4	0	1	52	3	105	21	98	10	0	34	0	0	4	3	4	29	0	39	0	1	36	165	0	80	27
0	4	18	44	30	0	0	0	18	0	0	8	0	167	0	62	179	18	1	62	3	0	0	0	20	0	278	0	0	126	0	0	323	1	23	0	551	0	0	6	124	37	100	29	0	31	0	0	49	333	0	4	2	0	309	2	2	135	0	16	0	0	5	1186	1604	17	39	0	0	357	24	17	6	88	13
0	0	0	0	0	0	0	0	0	0	0	0	0	0	0	0	0	0	0	0	0	0	0	0	0	0	0	0	0	0	0	0	0	0	0	0	0	0	0	0	0	0	0	0	0	0	0	0	0	0	0	0	0	0	0	0	0	0	0	0	0	0	0	0	0	0	0	0	0	0	0	0	0	0	0
0	0	1	4	3	0	0	0	11	0	0	4	1	65	0	1	77	2	1	2	1	1	0	0	1	0	388	0	1	6	1	1	26	1	1	0	13	0	4	6	29	207	18	18	0	32	0	0	3	254	0	16	8	0	72	3	0	39	4	965	0	0	29	1183	60	3	1	357	0	0	2	0	62	57	0
0	4	309	28	2	0	63	0	0	0	149	0	3	9	0	78	1	13	33	72	248	2	0	0	4	0	0	18	5	26	7	4	230	31	3	0	0	0	22	8	19	0	307	7	0	17	0	0	17	0	0	0	10	1	7	0	4	0	2	13	0	0	0	26	2	4	36	24	0	2	0	18	0	4	5
0	10	1	1	91	0	0	0	0	0	0	11	0	5	0	0	7	72	243	0	66	1	0	0	123	0	44	215	374	0	1	164	2	23	0	0	0	0	417	1	371	0	30	619	0	0	0	0	0	0	0	0	7	80	183	0	1	2	0	284	0	0	0	50	1	156	165	17	0	0	18	0	1	0	0
0	0	0	10	1	0	0	0	0	0	0	0	0	0	0	0	0	0	0	2	0	0	0	0	0	0	67	0	0	0	0	0	7	0	1	0	0	0	0	0	42	0	6	0	0	2	0	0	0	0	0	0	0	0	0	0	0	0	0	0	0	0	0	73	0	0	0	6	0	62	0	1	0	4	0
0	0	0	1	0	0	0	0	0	0	0	0	0	18	0	1	9	2	11	15	8	1	0	0	34	0	11	36	34	0	0	0	125	0	11	0	0	0	47	0	54	0	8	193	0	0	0	0	3	0	0	0	0	0	4	0	0	0	0	150	0	0	0	305	237	3	80	88	0	57	4	0	4	0	0
0	2	0	174	0	0	25	0	0	0	35	0	0	3	0	0	0	6	69	0	0	6	0	0	7	0	0	13	2	0	0	0	10	0	0	0	0	0	2	0	340	0	104	19	0	0	0	0	40	0	0	0	0	0	3	0	0	2	0	7	0	0	0	6	0	15	27	13	0	0	5	0	0	0	0
