0	0	0	0	0	0	0	0	0	0	0	0	0	0	0	0	0	0	0	0	0	0	0	0	0	0	0	0	0	0	0	0	0	0	0	0	0	0	0	0	0	0	0	0	0	0	0	0	0	0	0	0	0	0	0	0	0	0	0	0	0	0	0	0	0	0	0	0	0	0	0	0	0	0	0
0	0	0	0	0	0	0	0	0	0	0	0	0	0	0	0	0	0	0	0	0	0	0	0	1	0	0	0	9	0	0	0	0	0	0	0	0	0	0	0	0	0	43	0	0	0	0	0	0	0	0	0	0	145	0	0	695	0	2	0	0	0	0	0	0	1	1	1	0	0	0	0	0	0	1
0	0	0	0	2	0	0	0	0	0	1	0	0	0	0	0	0	16	10	0	45	1	0	0	26	0	0	0	46	0	0	14	4	168	0	0	0	0	5	1	5	1	296	96	0	0	0	0	0	0	17	0	209	0	19	0	109	0	33	1	0	0	0	0	14	86	135	0	0	0	100	6	0	2	0
0	0	0	0	1	0	411	0	96	0	249	0	0	0	112	89	75	8	8	3	51	84	0	0	37	1	2	0	7	28	130	0	29	106	0	0	0	0	3	1	227	40	514	0	0	123	0	0	184	0	0	0	131	1	4	2	0	0	33	6	0	0	1	11	37	3	81	17	0	9	58	4	11	2	41
0	0	2	1	0	0	0	0	7	2	1	6	0	3	1	6	29	8	16	0	12	0	0	0	6	6	40	0	0	7	4	57	0	31	3	0	28	0	21	4	43	280	22	683	0	5	0	0	0	4	236	0	4	0	10	3	1	0	1	78	0	0	7	25	15	3	16	14	0	3	12	22	14	22	1
0	0	0	0	0	0	0	0	0	0	2	0	0	0	0	0	7	6	0	0	11	0	0	0	1	0	29	0	0	0	6	2	0	5	0	0	0	0	3	0	6	0	3	2	0	0	0	0	0	0	6	0	0	0	3	0	0	0	0	0	0	0	0	0	0	1	0	0	0	0	0	6	100	0	0
0	0	0	411	0	0	0	0	0	0	144	0	0	0	0	120	0	0	3	0	0	45	0	0	0	0	0	0	0	5	53	0	0	26	0	0	0	0	0	1	37	0	427	0	0	221	0	0	99	0	0	0	142	0	0	0	0	0	3	1	0	0	1	0	0	3	309	0	0	0	124	0	0	0	232
0	0	0	0	0	0	0	0	0	0	0	0	0	0	0	0	0	0	0	0	0	0	0	0	1	0	0	0	0	0	0	0	0	0	0	0	0	0	0	0	0	0	0	0	0	0	0	0	0	0	0	0	0	0	0	0	0	0	0	0	0	0	0	0	0	0	0	0	0	0	0	0	0	0	0
0	0	0	96	7	0	0	0	0	0	0	0	0	12	0	6	94	1	1	3	294	0	0	0	0	0	0	0	0	4	0	0	0	0	15	0	0	0	0	0	6	32	3	2	0	0	0	0	0	0	1	0	1	0	0	0	0	0	0	0	0	0	1	0	216	1	0	40	0	2	0	0	6	7	0
0	0	0	0	2	0	0	0	0	0	0	0	0	0	0	0	0	0	0	0	0	0	0	0	0	0	0	0	0	0	0	0	0	0	0	0	0	0	0	0	0	0	0	0	0	0	0	0	0	0	0	0	0	0	0	0	0	0	0	0	0	0	0	4	5	0	0	0	0	0	0	0	0	0	0
0	0	1	249	1	2	144	0	0	0	0	0	0	13	0	638	0	16	39	41	0	1	0	0	244	0	0	0	259	111	0	0	0	4	0	0	0	0	0	0	80	0	372	1	0	718	0	0	0	0	23	0	18	1	14	0	110	0	0	15	0	0	0	0	3	133	186	1	0	1	0	1	0	1	353
0	0	0	0	6	0	0	0	0	0	0	0	0	1	0	20	0	0	0	0	0	0	0	0	1	3	0	0	0	88	0	0	0	0	289	0	0	0	0	0	0	0	0	0	0	0	0	0	0	0	1	0	0	0	0	378	1	0	0	0	0	0	143	0	0	0	0	0	0	1	0	0	0	6	0
0	0	0	0	0	0	0	0	0	0	0	0	0	0	0	0	0	0	0	0	12	0	0	0	0	0	0	0	0	0	0	0	0	0	0	0	0	0	0	0	0	0	3	0	0	0	0	0	0	0	17	0	0	0	0	0	0	0	0	0	0	0	0	0	0	0	1	0	0	0	0	0	0	0	0
0	0	0	0	3	0	0	0	12	0	13	1	0	0	13	47	21	3	0	3	2	4	0	0	0	1	11	0	0	50	15	0	42	0	0	0	11	0	0	0	35	0	20	5	644	90	0	0	2	18	3	4	0	0	12	27	0	0	0	14	0	0	25	48	10	0	3	78	0	17	2	0	22	31	1
0	0	0	112	1	0	0	0	0	0	0	0	0	13	0	444	0	0	27	14	0	0	0	0	77	0	0	0	19	92	0	0	0	0	0	0	0	0	0	0	19	0	255	0	0	6	0	0	0	0	4	0	18	1	6	0	128	0	0	0	0	0	0	0	0	77	4	0	0	0	0	0	0	1	192
0	0	0	89	6	0	120	0	6	0	638	20	0	47	444	0	269	0	2	283	2	0	0	0	0	0	36	0	1	838	3	1	429	132	113	0	6	0	2	0	12	0	817	5	0	1647	0	0	0	2	0	0	0	0	9	557	0	0	33	1	0	0	461	20	10	1	160	34	0	2	187	14	1	17	1
0	0	0	75	29	7	0	0	94	0	0	0	0	21	0	269	0	5	1	187	634	1	0	0	1	0	168	0	0	250	8	0	5	22	7	0	0	0	0	0	268	11	36	9	0	217	0	0	0	0	10	0	1	0	3	6	0	0	0	2	0	0	70	15	230	1	3	331	0	58	21	75	35	29	0
0	0	16	8	8	6	0	0	1	0	16	0	0	3	0	0	5	0	11	1	378	59	0	0	82	5	0	0	492	0	90	39	2	85	13	0	3	0	180	6	338	0	42	91	0	0	0	0	1	2	185	0	11	52	126	0	14	0	179	30	0	0	0	3	1	201	26	3	0	0	32	69	0	9	45
0	0	10	8	16	0	3	0	1	0	39	0	0	0	27	2	1	11	0	0	7	20	0	0	92	0	0	0	34	1	67	90	0	7	0	0	1	0	171	16	102	0	9	11	0	4	0	0	1	0	24	0	28	3	174	0	0	0	25	35	0	0	0	1	9	135	9	1	0	1	15	48	2	10	6
0	0	0	3	0	0	0	0	3	0	41	0	0	3	14	283	187	1	0	0	11	0	0	0	0	0	2	0	1	186	2	0	50	1	0	0	0	0	1	0	27	2	49	4	0	200	0	0	0	0	2	1	0	0	0	35	0	0	0	1	0	0	184	0	4	0	0	6	0	2	32	2	6	1	3
0	0	45	51	12	11	0	0	294	0	0	0	12	2	0	2	634	378	7	11	0	27	0	0	7	6	4	0	0	0	900	262	130	508	7	0	0	0	56	120	770	30	348	31	0	0	0	0	0	0	1095	0	3	0	12	0	0	0	10	80	0	0	3	0	16	9	95	1	0	6	521	659	52	174	0
0	0	1	84	0	0	45	0	0	0	1	0	0	4	0	0	1	59	20	0	27	0	0	0	41	2	0	0	231	0	13	0	0	21	2	0	0	0	1	0	144	0	0	4	0	0	0	0	6	1	18	0	289	117	9	0	80	0	63	12	0	0	2	0	0	17	0	0	0	0	0	1	0	0	87
0	0	0	0	0	0	0	0	0	0	0	0	0	0	0	0	0	0	0	0	0	0	0	0	0	0	0	0	0	0	0	0	0	0	0	0	0	0	0	0	0	0	0	0	0	0	0	0	0	0	0	0	0	0	0	0	0	0	0	0	0	0	0	0	0	0	0	0	0	0	0	0	0	0	0
0	0	0	0	0	0	0	0	0	0	0	0	0	0	0	0	0	0	0	0	0	0	0	0	0	0	0	0	0	0	0	0	0	0	0	0	0	0	0	0	0	0	0	0	0	0	0	0	0	0	0	0	0	0	0	0	0	0	0	0	0	0	0	0	0	0	0	0	0	0	0	0	0	0	0
0	1	26	37	6	1	0	1	0	0	244	1	0	0	77	0	1	82	92	0	7	41	0	0	0	2	2	0	588	1	115	18	2	98	19	0	1	0	616	18	69	0	16	4	0	1	0	0	42	0	33	14	143	1	675	3	1	0	141	68	0	0	2	0	0	1098	65	22	0	1	20	270	0	4	20
0	0	0	1	6	0	0	0	0	0	0	3	0	1	0	0	0	5	0	0	6	2	0	0	2	0	0	0	2	0	1	7	0	6	0	0	3	0	8	3	2	0	2	15	1	1	0	0	3	7	20	0	2	0	6	0	0	0	0	4	0	0	0	1	31	4	0	0	0	0	6	10	1	0	0
0	0	0	2	40	29	0	0	0	0	0	0	0	11	0	36	168	0	0	2	4	0	0	0	2	0	0	0	0	0	0	1	20	0	7	0	278	0	2	0	2	70	23	3	0	78	0	0	0	196	3	0	0	0	9	26	0	0	4	29	0	0	49	426	275	2	0	333	0	7	18	116	90	114	0
0	0	0	0	0	0	0	0	0	0	0	0	0	0	0	0	0	0	0	0	0	0	0	0	0	0	0	0	0	0	0	0	0	0	0	0	0	0	0	0	0	0	0	0	0	0	0	0	0	0	0	0	0	0	0	0	0	0	0	0	0	0	0	0	0	0	0	0	0	0	0	0	0	0	0
0	9	46	7	0	0	0	0	0	0	259	0	0	0	19	1	0	492	34	1	0	231	0	0	588	2	0	0	0	4	195	3	2	131	20	0	3	0	328	2	122	0	21	3	0	0	0	0	8	1	14	0	158	10	310	0	4	0	75	180	0	0	1	7	1	648	9	7	0	0	25	141	0	7	85
0	0	0	28	7	0	5	0	4	0	111	88	0	50	92	838	250	0	1	186	0	0	0	0	1	0	0	0	4	0	0	0	251	295	141	0	0	0	0	0	9	1	867	1	0	1902	0	0	0	0	1	0	0	1	0	390	0	0	0	1	0	0	214	22	46	0	145	121	0	10	263	0	0	16	0
0	0	0	130	4	6	53	0	0	0	0	0	0	15	0	3	8	90	67	2	900	13	0	0	115	1	0	0	195	0	0	0	0	14	2	0	1	0	0	0	331	0	13	12	0	1	0	0	0	5	15	0	24	40	7	0	0	0	0	22	0	0	4	2	7	7	5	2	0	2	0	4	1	4	128
0	0	14	0	57	2	0	0	0	0	0	0	0	0	0	1	0	39	90	0	262	0	0	0	18	7	1	0	3	0	0	0	1	0	22	0	0	0	292	5	49	75	20	569	0	0	0	0	0	0	288	0	0	0	397	0	0	0	0	0	0	0	0	0	8	521	101	0	0	1	41	226	0	119	0
0	0	4	29	0	0	0	0	0	0	0	0	0	42	0	429	5	2	0	50	130	0	0	0	2	0	20	0	2	251	0	1	0	0	147	0	0	0	0	0	2	44	383	0	0	822	0	0	0	0	5	0	0	0	2	144	0	0	0	1	0	0	21	0	267	0	2	128	0	5	0	0	5	0	0
0	0	168	106	31	5	26	0	0	0	4	0	0	0	0	132	22	85	7	1	508	21	0	0	98	6	0	0	131	295	14	0	0	0	13	0	0	0	18	0	261	0	529	236	0	16	0	0	0	0	262	0	26	13	35	0	5	0	12	39	0	0	0	0	6	103	234	0	0	2	19	17	0	11	105
0	0	0	0	3	0	0	0	15	0	0	289	0	0	0	113	7	13	0	0	7	2	0	0	19	0	7	0	20	141	2	22	147	13	0	0	16	0	4	1	0	1	1	7	0	4	0	0	0	0	0	0	11	0	1	540	0	0	15	2	0	0	370	4	24	24	0	13	0	0	7	7	7	9	0
0	0	0	0	0	0	0	0	0	0	0	0	0	0	0	0	0	0	0	0	0	0	0	0	0	0	0	0	0	0	0	0	0	0	0	0	0	0	0	0	0	0	0	0	0	0	0	0	0	0	0	0	0	0	0	0	0	0	0	0	0	0	0	0	0	0	0	0	0	0	0	0	0	0	0
0	0	0	0	28	0	0	0	0	0	0	0	0	11	0	6	0	3	1	0	0	0	0	0	1	3	278	0	3	0	1	0	0	0	16	0	0	0	0	0	0	3	2	2	0	0	0	0	0	0	0	0	0	0	2	0	0	0	0	0	0	0	9	0	559	2	2	409	0	28	0	0	0	28	0
0	0	0	0	0	0	0	0	0	0	0	0	0	0	0	0	0	0	0	0	0	0	0	0	0	0	0	0	0	0	0	0	0	0	0	0	0	0	0	0	0	0	0	0	0	0	0	0	0	0	0	0	0	0	0	0	0	0	0	0	0	0	0	0	0	0	0	0	0	0	0	0	0	0	0
0	0	5	3	21	3	0	0	0	0	0	0	0	0	0	2	0	180	171	1	56	1	0	0	616	8	2	0	328	0	0	292	0	18	4	0	0	0	0	0	82	0	38	660	0	0	0	0	0	0	374	0	8	0	159	0	0	0	0	48	0	0	0	0	15	881	146	1	0	0	5	8	0	21	43
0	0	1	1	4	0	1	0	0	0	0	0	0	0	0	0	0	6	16	0	120	0	0	0	18	3	0	0	2	0	0	5	0	0	1	0	0	0	0	0	38	2	5	246	0	0	0	0	0	0	67	0	4	1	6	0	0	0	0	12	0	0	0	0	2	73	23	72	0	2	0	0	0	4	1
0	0	5	227	43	6	37	0	6	0	80	0	0	35	19	12	268	338	102	27	770	144	0	0	69	2	2	0	122	9	331	49	2	261	0	0	0	0	82	38	0	3	194	47	0	197	0	0	1	8	301	0	53	2	86	1	9	0	119	165	0	0	0	12	4	57	47	62	0	10	70	384	3	34	240
0	0	1	40	280	0	0	0	32	0	0	0	0	0	0	0	11	0	0	2	30	0	0	0	0	0	70	0	0	1	0	75	44	0	1	0	3	0	0	2	3	0	6	21	1	0	0	0	0	89	49	0	0	0	0	0	0	0	0	26	0	0	1	402	158	0	0	16	0	0	2	18	83	48	0
0	43	296	514	22	3	427	0	3	0	372	0	3	20	255	817	36	42	9	49	348	0	0	0	16	2	23	0	21	867	13	20	383	529	1	0	2	0	38	5	194	6	0	32	0	944	0	0	118	6	86	0	20	0	18	134	56	0	13	20	0	0	15	1	15	14	623	44	0	1	385	47	7	10	301
0	0	96	0	683	2	0	0	2	0	1	0	0	5	0	5	9	91	11	4	31	4	0	0	4	15	3	0	3	1	12	569	0	236	7	0	2	0	660	246	47	21	32	0	0	0	0	0	1	91	323	0	19	0	315	0	0	0	3	530	0	0	5	144	1	192	13	7	0	0	88	545	3	143	12
0	0	0	0	0	0	0	0	0	0	0	0	0	644	0	0	0	0	0	0	0	0	0	0	0	1	0	0	0	0	0	0	0	0	0	0	0	0	0	0	0	1	0	0	0	0	0	0	0	0	0	0	0	0	0	0	0	0	0	0	0	0	0	0	0	0	0	0	0	1	0	0	0	0	0
0	0	0	123	5	0	221	0	0	0	718	0	0	90	6	1647	217	0	4	200	0	0	0	0	1	1	78	0	0	1902	1	0	822	16	4	0	0	0	0	0	197	0	944	0	0	0	4	0	0	0	0	6	3	0	0	799	0	0	4	0	0	0	1485	76	25	0	2	120	0	29	8	0	28	5	8
0	0	0	0	0	0	0	0	0	0	0	0	0	0	0	0	0	0	0	0	0	0	0	0	0	0	0	0	0	0	0	0	0	0	0	0	0	0	0	0	0	0	0	0	0	4	0	0	0	0	0	0	0	0	0	0	0	0	0	0	0	0	0	1	0	0	0	1	0	0	0	0	0	0	0
0	0	0	0	0	0	0	0	0	0	0	0	0	0	0	0	0	0	0	0	0	0	0	0	0	0	0	0	0	0	0	0	0	0	0	0	0	0	0	0	0	0	0	0	0	0	0	0	0	0	0	0	0	0	0	0	0	0	0	0	0	0	0	0	0	0	0	0	0	0	0	0	0	0	0
0	0	0	184	0	0	99	0	0	0	0	0	0	2	0	0	0	1	1	0	0	6	0	0	42	3	0	0	8	0	0	0	0	0	0	0	0	0	0	0	1	0	118	1	0	0	0	0	0	0	0	0	118	2	11	0	0	0	0	7	0	0	0	0	5	47	139	6	0	1	0	0	0	0	84
0	0	0	0	4	0	0	0	0	0	0	0	0	18	0	2	0	2	0	0	0	1	0	0	0	7	196	0	1	0	5	0	0	0	0	0	0	0	0	0	8	89	6	91	0	0	0	0	0	0	0	0	0	0	1	0	0	0	0	10	0	0	11	0	19	0	1	72	0	15	0	0	7	4	1
0	0	17	0	236	6	0	0	1	0	23	1	17	3	4	0	10	185	24	2	1095	18	0	0	33	20	3	0	14	1	15	288	5	262	0	0	0	0	374	67	301	49	86	323	0	0	0	0	0	0	0	0	21	0	121	0	0	0	80	156	0	0	0	5	0	29	85	0	0	0	148	439	1	81	20
0	0	0	0	0	0	0	0	0	0	0	0	0	4	0	0	0	0	0	1	0	0	0	0	14	0	0	0	0	0	0	0	0	0	0	0	0	0	0	0	0	0	0	0	0	6	0	0	0	0	0	0	1	0	0	0	0	0	0	0	0	0	37	0	0	0	0	0	0	1	0	2	2	0	0
0	0	209	131	4	0	142	0	1	0	18	0	0	0	18	0	1	11	28	0	3	289	0	0	143	2	0	0	158	0	24	0	0	26	11	0	0	0	8	4	53	0	20	19	0	3	0	0	118	0	21	1	0	163	26	0	163	0	220	39	0	0	0	0	1	158	284	2	0	1	12	13	1	1	4
0	145	0	1	0	0	0	0	0	0	1	0	0	0	1	0	0	52	3	0	0	117	0	0	1	0	0	0	10	1	40	0	0	13	0	0	0	0	0	1	2	0	0	0	0	0	0	0	2	0	0	0	163	0	0	0	40	0	178	0	0	0	0	0	0	0	0	0	0	0	0	0	0	0	0
0	0	19	4	10	3	0	0	0	0	14	0	0	12	6	9	3	126	174	0	12	9	0	0	675	6	9	0	310	0	7	397	2	35	1	0	2	0	159	6	86	0	18	315	0	0	0	0	11	1	121	0	26	0	0	0	1	0	22	11	0	0	7	2	16	778	62	32	0	8	12	35	0	5	45
0	0	0	2	3	0	0	0	0	0	0	378	0	27	0	557	6	0	0	35	0	0	0	0	3	0	26	0	0	390	0	0	144	0	540	0	0	0	0	0	1	0	134	0	0	799	0	0	0	0	0	0	0	0	0	0	0	0	0	0	0	0	459	1	18	1	2	14	0	0	0	0	7	3	0
0	695	109	0	1	0	0	0	0	0	110	1	0	0	128	0	0	14	0	0	0	80	0	0	1	0	0	0	4	0	0	0	0	5	0	0	0	0	0	0	9	0	56	0	0	0	0	0	0	0	0	0	163	40	1	0	0	0	170	1	0	0	0	1	0	3	0	0	0	0	0	0	0	1	4
0	0	0	0	0	0	0	0	0	0	0	0	0	0	0	0	0	0	0	0	0	0	0	0	0	0	0	0	0	0	0	0	0	0	0	0	0	0	0	0	0	0	0	0	0	0	0	0	0	0	0	0	0	0	0	0	0	0	0	0	0	0	0	0	0	0	0	0	0	0	0	0	0	0	0
0	2	33	33	1	0	3	0	0	0	0	0	0	0	0	33	0	179	25	0	10	63	0	0	141	0	4	0	75	0	0	0	0	12	15	0	0	0	0	0	119	0	13	3	0	4	0	0	0	0	80	0	220	178	22	0	170	0	0	11	0	0	0	0	4	163	18	0	0	0	0	0	0	1	298
0	0	1	6	78	0	1	0	0	0	15	0	0	14	0	1	2	30	35	1	80	12	0	0	68	4	29	0	180	1	22	0	1	39	2	0	0	0	48	12	165	26	20	530	0	0	0	0	7	10	156	0	39	0	11	0	1	0	11	0	0	0	2	23	2	241	18	14	0	2	4	39	0	16	9
0	0	0	0	0	0	0	0	0	0	0	0	0	0	0	0	0	0	0	0	0	0	0	0	0	0	0	0	0	0	0	0	0	0	0	0	0	0	0	0	0	0	0	0	0	0	0	0	0	0	0	0	0	0	0	0	0	0	0	0	0	0	0	0	0	0	0	0	0	0	0	0	0	0	0
0	0	0	0	0	0	0	0	0	0	0	0	0	0	0	0	0	0	0	0	0	0	0	0	0	0	0	0	0	0	0	0	0	0	0	0	0	0	0	0	0	0	0	0	0	0	0	0	0	0	0	0	0	0	0	0	0	0	0	0	0	0	0	0	0	0	0	0	0	0	0	0	0	0	0
0	0	0	1	7	0	1	0	1	0	0	143	0	25	0	461	70	0	0	184	3	2	0	0	2	0	49	0	1	214	4	0	21	0	370	0	9	0	0	0	0	1	15	5	0	1485	0	0	0	11	0	37	0	0	7	459	0	0	0	2	0	0	0	18	78	17	0	70	0	19	3	0	27	11	2
0	0	0	11	25	0	0	0	0	4	0	0	0	48	0	20	15	3	1	0	0	0	0	0	0	1	426	0	7	22	2	0	0	0	4	0	0	0	0	0	12	402	1	144	0	76	1	0	0	0	5	0	0	0	2	1	1	0	0	23	0	0	18	0	70	1	1	607	0	31	0	0	26	25	1
0	0	14	37	15	0	0	0	216	5	3	0	0	10	0	10	230	1	9	4	16	0	0	0	0	31	275	0	1	46	7	8	267	6	24	0	559	0	15	2	4	158	15	1	0	25	0	0	5	19	0	0	1	0	16	18	0	0	4	2	0	0	78	70	0	18	3	1196	0	65	34	10	94	80	0
0	1	86	3	3	1	3	0	1	0	133	0	0	0	77	1	1	201	135	0	9	17	0	0	1098	4	2	0	648	0	7	521	0	103	24	0	2	0	881	73	57	0	14	192	0	0	0	0	47	0	29	0	158	0	778	1	3	0	163	241	0	0	17	1	18	0	193	24	0	2	19	301	0	2	60
0	1	135	81	16	0	309	0	0	0	186	0	1	3	4	160	3	26	9	0	95	0	0	0	65	0	0	0	9	145	5	101	2	234	0	0	2	0	146	23	47	0	623	13	0	2	0	0	139	1	85	0	284	0	62	2	0	0	18	18	0	0	0	1	3	193	0	1	0	3	276	206	0	9	26
0	1	0	17	14	0	0	0	40	0	1	0	0	78	0	34	331	3	1	6	1	0	0	0	22	0	333	0	7	121	2	0	128	0	13	0	409	0	1	72	62	16	44	7	0	120	1	0	6	72	0	0	2	0	32	14	0	0	0	14	0	0	70	607	1196	24	1	0	0	13	17	1	170	113	44
0	0	0	0	0	0	0	0	0	0	0	0	0	0	0	0	0	0	0	0	0	0	0	0	0	0	0	0	0	0	0	0	0	0	0	0	0	0	0	0	0	0	0	0	0	0	0	0	0	0	0	0	0	0	0	0	0	0	0	0	0	0	0	0	0	0	0	0	0	0	0	0	0	0	0
0	0	0	9	3	0	0	0	2	0	1	1	0	17	0	2	58	0	1	2	6	0	0	0	1	0	7	0	0	10	2	1	5	2	0	0	28	0	0	2	10	0	1	0	1	29	0	0	1	15	0	1	1	0	8	0	0	0	0	2	0	0	19	31	65	2	3	13	0	0	10	2	1	1	0
0	0	100	58	12	0	124	0	0	0	0	0	0	2	0	187	21	32	15	32	521	0	0	0	20	6	18	0	25	263	0	41	0	19	7	0	0	0	5	0	70	2	385	88	0	8	0	0	0	0	148	0	12	0	12	0	0	0	0	4	0	0	3	0	34	19	276	17	0	10	0	12	5	8	33
0	0	6	4	22	6	0	0	0	0	1	0	0	0	0	14	75	69	48	2	659	1	0	0	270	10	116	0	141	0	4	226	0	17	7	0	0	0	8	0	384	18	47	545	0	0	0	0	0	0	439	2	13	0	35	0	0	0	0	39	0	0	0	0	10	301	206	1	0	2	12	0	0	19	3
0	0	0	11	14	100	0	0	6	0	0	0	0	22	0	1	35	0	2	6	52	0	0	0	0	1	90	0	0	0	1	0	5	0	7	0	0	0	0	0	3	83	7	3	0	28	0	0	0	7	1	2	1	0	0	7	0	0	0	0	0	0	27	26	94	0	0	170	0	1	5	0	0	14	0
0	0	2	2	22	0	0	0	7	0	1	6	0	31	1	17	29	9	10	1	174	0	0	0	4	0	114	0	7	16	4	119	0	11	9	0	28	0	21	4	34	48	10	143	0	5	0	0	0	4	81	0	1	0	5	3	1	0	1	16	0	0	11	25	80	2	9	113	0	1	8	19	14	0	0
0	1	0	41	1	0	232	0	0	0	353	0	0	1	192	1	0	45	6	3	0	87	0	0	20	0	0	0	85	0	128	0	0	105	0	0	0	0	43	1	240	0	301	12	0	8	0	0	84	1	20	0	4	0	45	0	4	0	298	9	0	0	2	1	0	60	26	44	0	0	33	3	0	0	0
