0	0	0	0	0	0	0	0	0	0	0	0	0	0	0	0	0	0	0	0	0	0	0	0	0	0	0	0	0	0	0	0	0	0	0	0	0	0	0	0	0	0	0	0	0	0	0	0	0	0	0	0	0	0	0	0	0	0	0	0	0	0	0	0	0	0	0	0	0	0	0	0	0	0	0
0	0	558	0	0	0	0	4	0	0	0	0	0	0	82	0	0	62	34	15	2	280	0	0	3	0	0	0	109	0	0	0	0	10	0	0	0	0	2	2	12	0	15	0	0	0	0	0	150	0	0	0	511	35	17	0	1196	0	569	7	0	0	2	0	0	10	303	0	0	0	0	0	0	2	4
0	558	0	0	4	0	0	0	0	2	0	0	1	0	30	0	0	0	16	0	2	0	0	0	17	0	0	1	5	0	0	0	0	4	0	0	0	0	0	0	0	0	85	11	0	0	0	0	9	0	0	0	24	0	6	0	170	0	1	16	0	0	0	0	46	37	471	1	0	0	19	2	0	4	11
0	0	0	0	14	0	214	0	0	80	52	0	0	5	210	32	0	1	23	0	2	14	0	0	16	0	0	0	17	0	10	2	0	25	0	0	0	0	2	2	20	0	81	8	0	3	0	0	50	0	0	0	20	15	1	0	1	0	0	79	0	0	0	0	72	6	49	4	0	0	1	0	0	14	144
0	0	4	14	0	0	0	1	16	1889	0	4	0	16	3	18	34	30	25	3	20	4	0	0	0	3	0	3	7	4	3	47	43	7	0	0	74	0	72	45	18	6	18	464	0	110	0	0	11	0	0	0	3	0	13	3	0	0	2	228	0	14	3	79	24	2	79	85	0	25	21	20	0	26	2
0	0	0	0	0	0	0	0	0	1	0	0	0	0	7	0	0	0	0	0	0	6	0	0	0	0	0	0	12	0	1	0	0	0	0	0	0	0	12	0	0	0	1	0	0	1	0	0	0	0	0	0	0	0	12	0	0	0	0	4	0	0	0	0	1	0	0	1	0	0	0	0	0	4	0
0	0	0	214	0	0	0	0	0	0	97	0	0	1	254	12	0	2	28	0	0	3	0	0	6	0	0	0	31	0	0	0	0	5	0	0	0	0	2	0	0	0	29	0	0	0	0	0	170	0	0	0	11	0	2	0	0	0	0	0	0	0	1	0	0	0	7	0	0	0	22	0	0	0	132
0	4	0	0	1	0	0	0	1	0	0	0	0	0	175	0	0	10	168	0	0	0	0	0	82	0	0	0	85	0	0	0	0	2	0	0	0	0	15	0	0	0	0	45	0	0	0	0	4	0	0	0	0	2	20	0	0	0	0	37	0	0	0	0	0	139	1	0	0	0	0	0	0	1	0
0	0	0	0	16	0	0	1	0	135	0	0	0	12	0	10	0	0	3	0	102	0	0	0	1	1	0	0	0	0	0	0	0	0	0	0	0	0	0	0	0	0	0	1	0	0	0	0	0	0	0	0	0	0	0	0	0	0	0	0	0	0	0	0	110	9	2	11	0	15	0	0	0	16	1
0	0	2	80	1889	1	0	0	135	0	0	6	0	0	0	1	0	0	0	1	2	0	0	0	0	7	0	0	0	0	0	2357	52	3	0	0	9	0	2845	1700	56	3225	100	2966	0	668	0	0	1	10	0	0	0	0	16	1	0	0	0	945	6	0	0	2865	2308	0	14	865	0	18	11	2	714	407	1
0	0	0	52	0	0	97	0	0	0	0	0	0	27	668	503	0	0	198	4	2	0	0	0	153	0	0	0	34	0	0	0	0	194	0	0	0	0	0	0	0	0	344	3	0	0	0	0	206	0	0	0	0	16	0	0	42	0	0	83	0	0	0	0	0	99	382	0	0	0	13	0	0	0	573
0	0	0	0	4	0	0	0	0	6	0	0	0	0	0	1	0	0	2	0	0	0	0	0	1	0	0	0	0	0	0	0	0	0	7	0	0	0	0	0	0	0	0	0	0	0	0	0	0	0	0	0	0	0	0	39	0	0	0	0	0	0	0	0	0	1	0	1	0	17	0	0	0	4	1
0	0	1	0	0	0	0	0	0	0	0	0	0	0	0	0	0	0	0	0	0	0	0	0	0	0	0	0	0	0	0	0	0	0	0	0	0	0	0	0	0	0	0	0	0	0	0	0	0	0	0	0	0	0	0	0	0	0	0	0	0	0	0	0	0	0	0	0	0	0	0	0	0	0	0
0	0	0	5	16	0	1	0	12	0	27	0	0	0	47	69	0	2	4	0	0	0	0	0	0	0	0	0	0	0	0	0	56	0	0	0	42	0	0	34	42	0	28	0	278	106	0	0	2	0	0	0	0	0	3	0	0	0	0	0	0	13	10	1	6	0	7	27	0	32	1	1	1	51	7
0	82	30	210	3	7	254	175	0	0	668	0	0	47	0	203	0	138	629	0	0	73	0	0	371	0	0	43	660	3	128	0	0	150	0	0	1	0	129	5	86	0	369	0	0	28	0	0	338	0	0	0	138	23	246	6	61	0	70	369	0	0	0	1	0	364	182	5	0	10	122	43	0	6	492
0	0	0	32	18	0	12	0	10	1	503	1	0	69	203	0	132	70	11	79	1	6	0	0	9	3	0	0	89	1	1	23	471	236	0	0	57	0	86	23	39	0	605	19	10	187	0	0	0	0	0	0	21	0	81	331	0	0	1	23	0	0	201	0	6	9	288	89	0	0	448	56	0	41	1
0	0	0	0	34	0	0	0	0	0	0	0	0	0	0	132	0	0	0	0	146	0	0	0	0	0	2	0	0	0	0	0	0	0	0	0	0	0	0	0	0	0	12	1	0	0	0	0	0	0	0	0	0	0	0	0	0	0	0	0	0	0	0	0	11	0	2	1	0	0	0	0	0	34	0
0	62	0	1	30	0	2	10	0	0	0	0	0	2	138	70	0	0	112	0	300	0	0	0	85	0	0	13	252	0	0	0	0	32	0	0	0	0	0	0	0	0	14	56	0	0	0	0	2	0	1	0	0	10	38	0	2	0	0	166	0	0	0	0	0	147	104	23	0	1	0	0	0	30	47
0	34	16	23	25	0	28	168	3	0	198	2	0	4	629	11	0	112	0	1	3	101	0	0	757	2	0	30	814	0	189	129	8	418	0	0	28	0	870	41	110	0	44	141	0	54	0	0	39	0	0	0	197	38	461	1	1	0	139	356	0	12	0	7	0	1359	59	92	5	3	2	39	0	53	79
0	15	0	0	3	0	0	0	0	1	4	0	0	0	0	79	0	0	1	0	2	0	0	0	0	0	0	0	0	68	0	0	91	166	0	0	0	0	0	0	0	0	45	2	0	113	0	0	0	0	0	0	0	0	0	80	16	0	36	0	0	0	33	0	1	19	0	2	0	0	2	0	0	3	0
0	2	2	2	20	0	0	0	102	2	2	0	0	0	0	1	146	300	3	2	0	6	0	0	3	0	0	226	1	0	584	150	2	158	0	0	22	0	56	0	484	0	90	19	0	0	0	0	0	0	0	0	6	0	12	0	0	0	52	107	0	70	0	0	12	1	151	2	0	7	168	36	0	44	3
0	280	0	14	4	6	3	0	0	0	0	0	0	0	73	6	0	0	101	0	6	0	0	0	130	0	0	5	203	0	0	0	0	84	0	0	0	0	0	0	0	0	0	0	0	0	0	0	156	0	0	0	0	54	4	0	103	0	0	307	0	0	0	0	0	64	65	0	0	0	0	0	0	4	96
0	0	0	0	0	0	0	0	0	0	0	0	0	0	0	0	0	0	0	0	0	0	0	0	0	0	0	0	0	0	0	0	0	0	0	0	0	0	0	0	0	0	0	0	0	0	0	0	0	0	0	0	0	0	0	0	0	0	0	0	0	0	0	0	0	0	0	0	0	0	0	0	0	0	0
0	0	0	0	0	0	0	0	0	0	0	0	0	0	0	0	0	0	0	0	0	0	0	0	0	0	0	0	0	0	0	0	0	0	0	0	0	0	0	0	0	0	0	0	0	0	0	0	0	0	0	0	0	0	0	0	0	0	0	0	0	0	0	0	0	0	0	0	0	0	0	0	0	0	0
0	3	17	16	0	0	6	82	1	0	153	1	0	0	371	9	0	85	757	0	3	130	0	0	0	0	0	49	450	0	181	9	0	308	0	0	0	0	398	10	80	0	20	11	0	0	0	0	23	0	0	0	187	6	544	0	0	0	64	107	0	1	0	1	0	868	10	0	0	0	2	197	0	4	9
0	0	0	0	3	0	0	0	1	7	0	0	0	0	0	3	0	0	2	0	0	0	0	0	0	0	0	0	0	0	0	1	0	1	0	0	4	0	4	0	0	1	3	5	2	0	0	0	0	0	0	0	0	4	2	0	0	0	1	1	0	0	0	0	8	0	0	10	0	0	0	0	0	7	0
0	0	0	0	0	0	0	0	0	0	0	0	0	0	0	0	2	0	0	0	0	0	0	0	0	0	0	0	0	0	0	0	0	0	0	0	0	0	0	0	0	0	0	0	0	6	0	0	0	0	0	0	0	0	0	0	0	0	0	0	0	0	0	0	0	0	10	16	0	0	0	0	0	0	0
0	0	1	0	3	0	0	0	0	0	0	0	0	0	43	0	0	13	30	0	226	5	0	0	49	0	0	0	99	0	11	0	0	21	0	0	0	0	9	0	7	0	18	0	0	0	0	0	9	0	0	0	1	3	26	0	0	0	8	185	0	1	0	0	1	44	22	0	0	0	1	1	0	3	0
0	109	5	17	7	12	31	85	0	0	34	0	0	0	660	89	0	252	814	0	1	203	0	0	450	0	0	99	0	0	146	0	0	216	0	0	0	0	250	24	43	0	11	3	0	0	0	0	92	0	0	0	204	17	220	0	1	0	58	590	0	0	0	1	0	364	2	0	0	0	0	10	0	7	4
0	0	0	0	4	0	0	0	0	0	0	0	0	0	3	1	0	0	0	68	0	0	0	0	0	0	0	0	0	0	0	2	13	0	0	0	2	0	3	0	0	0	15	2	0	5	0	0	0	0	0	0	0	0	1	13	0	0	0	2	0	0	28	12	8	0	2	5	0	0	0	0	1	4	0
0	0	0	10	3	1	0	0	0	0	0	0	0	0	128	1	0	0	189	0	584	0	0	0	181	0	0	11	146	0	0	0	0	14	0	0	0	0	0	0	0	0	7	5	0	0	0	0	14	0	0	0	0	13	1	0	0	0	0	1164	0	0	0	0	1	10	128	0	0	0	0	0	0	3	56
0	0	0	2	47	0	0	0	0	2357	0	0	0	0	0	23	0	0	129	0	150	0	0	0	9	1	0	0	0	2	0	0	0	20	0	0	0	0	0	0	0	0	1	413	0	0	0	0	0	0	0	0	0	1	34	0	0	0	0	856	0	0	0	0	0	120	5	0	0	0	0	2	0	43	0
0	0	0	0	43	0	0	0	0	52	0	0	0	56	0	471	0	0	8	91	2	0	0	0	0	0	0	0	0	13	0	0	0	2	0	0	0	0	0	0	0	0	205	2	0	0	0	0	2	0	0	0	0	0	0	43	0	0	0	5	0	0	0	0	294	11	9	106	0	41	12	0	0	43	6
0	10	4	25	7	0	5	2	0	3	194	0	0	0	150	236	0	32	418	166	158	84	0	0	308	1	0	21	216	0	14	20	2	0	0	0	0	0	40	0	146	0	169	118	0	154	0	0	6	0	0	0	0	11	118	1	2	0	192	156	0	4	0	2	0	431	487	1	0	1	17	20	0	7	301
0	0	0	0	0	0	0	0	0	0	0	7	0	0	0	0	0	0	0	0	0	0	0	0	0	0	0	0	0	0	0	0	0	0	0	0	0	0	0	0	0	0	0	0	0	0	0	0	0	0	0	0	0	0	0	4	0	0	0	0	0	0	6	0	1	0	0	0	0	0	0	0	0	0	0
0	0	0	0	0	0	0	0	0	0	0	0	0	0	0	0	0	0	0	0	0	0	0	0	0	0	0	0	0	0	0	0	0	0	0	0	0	0	0	0	0	0	0	0	0	0	0	0	0	0	0	0	0	0	0	0	0	0	0	0	0	0	0	0	0	0	0	0	0	0	0	0	0	0	0
0	0	0	0	74	0	0	0	0	9	0	0	0	42	1	57	0	0	28	0	22	0	0	0	0	4	0	0	0	2	0	0	0	0	0	0	0	0	0	0	0	0	1	1	0	0	0	0	0	0	0	0	0	1	1	6	0	0	0	2	0	0	0	0	532	8	4	310	0	31	1	1	0	74	1
0	0	0	0	0	0	0	0	0	0	0	0	0	0	0	0	0	0	0	0	0	0	0	0	0	0	0	0	0	0	0	0	0	0	0	0	0	0	0	0	0	0	0	0	0	0	0	0	0	0	0	0	0	0	0	0	0	0	0	0	0	0	0	0	0	0	0	0	0	0	0	0	0	0	0
0	2	0	2	72	12	2	15	0	2845	0	0	0	0	129	86	0	0	870	0	56	0	0	0	398	4	0	9	250	3	0	0	0	40	0	0	0	0	0	0	0	0	8	1166	0	0	0	0	6	0	2	0	0	9	118	1	0	0	0	2530	0	0	0	0	2	1050	213	0	0	1	4	2	0	56	66
0	2	0	2	45	0	0	0	0	1700	0	0	0	34	5	23	0	0	41	0	0	0	0	0	10	0	0	0	24	0	0	0	0	0	0	0	0	0	0	0	0	0	4	537	0	0	0	0	3	0	0	0	0	0	7	0	0	0	0	2085	0	0	0	0	3	18	45	40	0	27	2	2	0	38	3
0	12	0	20	18	0	0	0	0	56	0	0	0	42	86	39	0	0	110	0	484	0	0	0	80	0	0	7	43	0	0	0	0	146	0	0	0	0	0	0	0	0	18	32	0	0	0	0	1	0	0	0	0	5	17	3	0	0	0	1751	0	0	0	0	4	78	173	42	0	14	3	0	0	18	395
0	0	0	0	6	0	0	0	0	3225	0	0	0	0	0	0	0	0	0	0	0	0	0	0	0	1	0	0	0	0	0	0	0	0	0	0	0	0	0	0	0	0	0	0	0	0	0	0	0	0	0	0	0	0	0	0	0	0	0	0	0	0	0	0	118	2	0	21	0	7	0	0	0	4	0
0	15	85	81	18	1	29	0	0	100	344	0	0	28	369	605	12	14	44	45	90	0	0	0	20	3	0	18	11	15	7	1	205	169	0	0	1	0	8	4	18	0	0	133	0	7	0	0	108	0	0	0	1	0	12	18	4	0	1	310	0	3	3	0	45	21	684	82	0	21	280	11	4	20	209
0	0	11	8	464	0	0	45	1	2966	3	0	0	0	0	19	1	56	141	2	19	0	0	0	11	5	0	0	3	2	5	413	2	118	0	0	1	0	1166	537	32	0	133	0	0	1	0	0	6	1	0	0	11	0	500	7	1	0	0	3005	0	1	1	206	0	120	289	2	0	0	53	303	0	116	34
0	0	0	0	0	0	0	0	0	0	0	0	0	278	0	10	0	0	0	0	0	0	0	0	0	2	0	0	0	0	0	0	0	0	0	0	0	0	0	0	0	0	0	0	0	0	0	0	0	0	0	0	0	0	0	0	0	0	0	0	0	0	0	0	9	0	0	0	0	0	0	0	0	0	0
0	0	0	3	110	1	0	0	0	668	0	0	0	106	28	187	0	0	54	113	0	0	0	0	0	0	6	0	0	5	0	0	0	154	0	0	0	0	0	0	0	0	7	1	0	0	0	0	0	0	0	0	0	0	4	2	2	0	0	13	0	0	0	0	510	10	37	614	0	50	4	0	3	110	98
0	0	0	0	0	0	0	0	0	0	0	0	0	0	0	0	0	0	0	0	0	0	0	0	0	0	0	0	0	0	0	0	0	0	0	0	0	0	0	0	0	0	0	0	0	0	0	0	0	0	0	0	0	0	0	0	0	0	0	0	0	0	0	0	0	0	0	0	0	0	0	0	0	0	0
0	0	0	0	0	0	0	0	0	0	0	0	0	0	0	0	0	0	0	0	0	0	0	0	0	0	0	0	0	0	0	0	0	0	0	0	0	0	0	0	0	0	0	0	0	0	0	0	0	0	0	0	0	0	0	0	0	0	0	0	0	0	0	0	0	0	0	0	0	0	0	0	0	0	0
0	150	9	50	11	0	170	4	0	1	206	0	0	2	338	0	0	2	39	0	0	156	0	0	23	0	0	9	92	0	14	0	2	6	0	0	0	0	6	3	1	0	108	6	0	0	0	0	0	0	0	0	181	6	3	0	55	0	14	13	0	2	0	0	2	51	131	3	0	3	2	4	0	11	49
0	0	0	0	0	0	0	0	0	10	0	0	0	0	0	0	0	0	0	0	0	0	0	0	0	0	0	0	0	0	0	0	0	0	0	0	0	0	0	0	0	0	0	1	0	0	0	0	0	0	0	0	0	0	0	0	0	0	0	0	0	0	0	0	0	0	0	0	0	0	0	0	0	0	0
0	0	0	0	0	0	0	0	0	0	0	0	0	0	0	0	0	1	0	0	0	0	0	0	0	0	0	0	0	0	0	0	0	0	0	0	0	0	2	0	0	0	0	0	0	0	0	0	0	0	0	0	0	0	1	0	0	0	0	0	0	0	0	0	0	0	0	0	0	0	0	0	0	0	0
0	0	0	0	0	0	0	0	0	0	0	0	0	0	0	0	0	0	0	0	0	0	0	0	0	0	0	0	0	0	0	0	0	0	0	0	0	0	0	0	0	0	0	0	0	0	0	0	0	0	0	0	0	0	0	0	0	0	0	0	0	0	0	0	0	0	0	0	0	0	0	0	0	0	0
0	511	24	20	3	0	11	0	0	0	0	0	0	0	138	21	0	0	197	0	6	0	0	0	187	0	0	1	204	0	0	0	0	0	0	0	0	0	0	0	0	0	1	11	0	0	0	0	181	0	0	0	0	30	2	0	117	0	0	276	0	0	0	0	0	83	333	0	0	5	0	0	0	3	2
0	35	0	15	0	0	0	2	0	0	16	0	0	0	23	0	0	10	38	0	0	54	0	0	6	4	0	3	17	0	13	1	0	11	0	0	1	0	9	0	5	0	0	0	0	0	0	0	6	0	0	0	30	0	7	0	20	0	62	19	0	0	0	0	0	28	0	0	0	0	0	0	0	0	2
0	17	6	1	13	12	2	20	0	16	0	0	0	3	246	81	0	38	461	0	12	4	0	0	544	2	0	26	220	1	1	34	0	118	0	0	1	0	118	7	17	0	12	500	0	4	0	0	3	0	1	0	2	7	0	1	2	0	17	234	0	5	0	1	1	837	77	17	0	0	1	43	3	8	76
0	0	0	0	3	0	0	0	0	1	0	39	0	0	6	331	0	0	1	80	0	0	0	0	0	0	0	0	0	13	0	0	43	1	4	0	6	0	1	0	3	0	18	7	0	2	0	0	0	0	0	0	0	0	1	0	0	0	0	42	193	0	193	0	18	0	35	3	0	1	0	1	0	3	1
0	1196	170	1	0	0	0	0	0	0	42	0	0	0	61	0	0	2	1	16	0	103	0	0	0	0	0	0	1	0	0	0	0	2	0	0	0	0	0	0	0	0	4	1	0	2	0	0	55	0	0	0	117	20	2	0	0	0	151	7	0	0	0	0	0	2	278	0	0	1	1	0	0	0	0
0	0	0	0	0	0	0	0	0	0	0	0	0	0	0	0	0	0	0	0	0	0	0	0	0	0	0	0	0	0	0	0	0	0	0	0	0	0	0	0	0	0	0	0	0	0	0	0	0	0	0	0	0	0	0	0	0	0	0	0	0	0	0	0	0	0	0	0	0	0	0	0	0	0	0
0	569	1	0	2	0	0	0	0	0	0	0	0	0	70	1	0	0	139	36	52	0	0	0	64	1	0	8	58	0	0	0	0	192	0	0	0	0	0	0	0	0	1	0	0	0	0	0	14	0	0	0	0	62	17	0	151	0	0	123	0	0	0	0	0	94	148	34	0	1	0	0	0	2	345
0	7	16	79	228	4	0	37	0	945	83	0	0	0	369	23	0	166	356	0	107	307	0	0	107	1	0	185	590	2	1164	856	5	156	0	0	2	0	2530	2085	1751	0	310	3005	0	13	0	0	13	0	0	0	276	19	234	42	7	0	123	0	0	0	0	1018	5	1049	377	3	0	5	383	967	3	164	162
0	0	0	0	0	0	0	0	0	6	0	0	0	0	0	0	0	0	0	0	0	0	0	0	0	0	0	0	0	0	0	0	0	0	0	0	0	0	0	0	0	0	0	0	0	0	0	0	0	0	0	0	0	0	0	193	0	0	0	0	0	0	0	0	0	1	0	0	0	3	0	0	0	0	0
0	0	0	0	14	0	0	0	0	0	0	0	0	13	0	0	0	0	12	0	70	0	0	0	1	0	0	1	0	0	0	0	0	4	0	0	0	0	0	0	0	0	3	1	0	0	0	0	2	0	0	0	0	0	5	0	0	0	0	0	0	0	0	0	75	1	0	2	0	0	0	0	0	13	0
0	2	0	0	3	0	1	0	0	0	0	0	0	10	0	201	0	0	0	33	0	0	0	0	0	0	0	0	0	28	0	0	0	0	6	0	0	0	0	0	0	0	3	1	0	0	0	0	0	0	0	0	0	0	0	193	0	0	0	0	0	0	0	0	3	0	1	18	0	35	0	0	0	3	18
0	0	0	0	79	0	0	0	0	2865	0	0	0	1	1	0	0	0	7	0	0	0	0	0	1	0	0	0	1	12	0	0	0	2	0	0	0	0	0	0	0	0	0	206	0	0	0	0	0	0	0	0	0	0	1	0	0	0	0	1018	0	0	0	0	87	1	5	355	0	81	1	0	3	72	0
0	0	46	72	24	1	0	0	110	2308	0	0	0	6	0	6	11	0	0	1	12	0	0	0	0	8	0	1	0	8	1	0	294	0	1	0	532	0	2	3	4	118	45	0	9	510	0	0	2	0	0	0	0	0	1	18	0	0	0	5	0	75	3	87	0	16	5	1211	0	48	9	1	1	66	1
0	10	37	6	2	0	0	139	9	0	99	1	0	0	364	9	0	147	1359	19	1	64	0	0	868	0	0	44	364	0	10	120	11	431	0	0	8	0	1050	18	78	2	21	120	0	10	0	0	51	0	0	0	83	28	837	0	2	0	94	1049	1	1	0	1	16	0	16	3	0	0	7	327	0	9	79
0	303	471	49	79	0	7	1	2	14	382	0	0	7	182	288	2	104	59	0	151	65	0	0	10	0	10	22	2	2	128	5	9	487	0	0	4	0	213	45	173	0	684	289	0	37	0	0	131	0	0	0	333	0	77	35	278	0	148	377	0	0	1	5	5	16	0	22	0	2	323	189	1	43	15
0	0	1	4	85	1	0	0	11	865	0	1	0	27	5	89	1	23	92	2	2	0	0	0	0	10	16	0	0	5	0	0	106	1	0	0	310	0	0	40	42	21	82	2	0	614	0	0	3	0	0	0	0	0	17	3	0	0	34	3	0	2	18	355	1211	3	22	0	0	63	27	1	94	150	19
0	0	0	0	0	0	0	0	0	0	0	0	0	0	0	0	0	0	5	0	0	0	0	0	0	0	0	0	0	0	0	0	0	0	0	0	0	0	0	0	0	0	0	0	0	0	0	0	0	0	0	0	0	0	0	0	0	0	0	0	0	0	0	0	0	0	0	0	0	0	0	0	0	0	0
0	0	0	0	25	0	0	0	15	18	0	17	0	32	10	0	0	1	3	0	7	0	0	0	0	0	0	0	0	0	0	0	41	1	0	0	31	0	1	27	14	7	21	0	0	50	0	0	3	0	0	0	5	0	0	1	1	0	1	5	3	0	35	81	48	0	2	63	0	0	2	1	17	93	1
0	0	19	1	21	0	22	0	0	11	13	0	0	1	122	448	0	0	2	2	168	0	0	0	2	0	0	1	0	0	0	0	12	17	0	0	1	0	4	2	3	0	280	53	0	4	0	0	2	0	0	0	0	0	1	0	1	0	0	383	0	0	0	1	9	7	323	27	0	2	0	7	1	20	9
0	0	2	0	20	0	0	0	0	2	0	0	0	1	43	56	0	0	39	0	36	0	0	0	197	0	0	1	10	0	0	2	0	20	0	0	1	0	2	2	0	0	11	303	0	0	0	0	4	0	0	0	0	0	43	1	0	0	0	967	0	0	0	0	1	327	189	1	0	1	7	0	0	19	0
0	0	0	0	0	0	0	0	0	714	0	0	0	1	0	0	0	0	0	0	0	0	0	0	0	0	0	0	0	1	0	0	0	0	0	0	0	0	0	0	0	0	4	0	0	3	0	0	0	0	0	0	0	0	3	0	0	0	0	3	0	0	0	3	1	0	1	94	0	17	1	0	0	3	0
0	2	4	14	26	4	0	1	16	407	0	4	0	51	6	41	34	30	53	3	44	4	0	0	4	7	0	3	7	4	3	43	43	7	0	0	74	0	56	38	18	4	20	116	0	110	0	0	11	0	0	0	3	0	8	3	0	0	2	164	0	13	3	72	66	9	43	150	0	93	20	19	3	0	13
0	4	11	144	2	0	132	0	1	1	573	1	0	7	492	1	0	47	79	0	3	96	0	0	9	0	0	0	4	0	56	0	6	301	0	0	1	0	66	3	395	0	209	34	0	98	0	0	49	0	0	0	2	2	76	1	0	0	345	162	0	0	18	0	1	79	15	19	0	1	9	0	0	13	0
