0	0	0	0	0	0	0	0	0	0	0	0	0	0	0	0	0	0	0	0	0	0	0	0	0	0	0	0	0	0	0	0	0	0	0	0	0	0	0	0	0	0	0	0	0	0	0	0	0	0	0	0	0	0	0	0	0	0	0	0	0	0	0	0	0	0	0	0	0	0	0	0	0	0	0
0	0	112	6	1	0	0	0	0	0	0	0	0	0	87	0	0	0	50	15	0	0	0	0	3	0	0	0	508	0	0	0	0	0	0	0	0	0	0	0	0	0	13	0	0	0	0	0	62	0	0	0	0	150	0	0	613	0	0	1	3	0	0	0	0	5	0	0	0	0	0	0	0	1	0
0	112	0	0	2	0	0	0	0	0	0	0	73	0	54	0	0	0	32	0	0	1	0	0	15	0	0	125	5	0	0	0	0	39	0	0	0	0	2	0	0	0	103	20	0	0	0	0	9	0	0	0	87	0	3	0	96	0	12	3	0	9	0	0	34	72	30	1	0	0	25	3	0	2	2
0	6	0	0	16	0	221	0	0	0	98	4	4	14	50	168	0	0	13	7	2	117	0	0	5	0	0	2	0	0	232	0	0	35	0	0	0	0	7	0	18	2	349	1	0	102	0	0	53	0	0	0	210	16	0	0	6	0	12	8	11	13	0	0	52	5	17	2	0	0	6	0	0	16	634
0	1	2	16	0	0	0	0	0	3	1	3	11	1	0	11	59	10	19	0	55	4	0	0	0	0	0	3	0	0	6	69	24	1	0	0	54	0	54	74	9	58	24	91	8	84	0	0	3	0	0	0	7	0	11	8	0	0	32	93	11	31	1	122	44	1	14	126	0	38	26	49	10	9	15
0	0	0	0	0	0	0	0	0	0	0	0	0	0	0	0	0	0	0	0	0	0	0	0	0	0	0	0	0	0	0	0	0	0	0	0	0	0	0	0	0	0	0	0	0	0	0	0	0	0	0	0	0	0	0	0	0	0	0	0	0	0	0	0	0	0	0	0	0	0	0	0	0	0	0
0	0	0	221	0	0	0	0	0	0	119	0	0	1	190	95	0	0	0	0	0	10	0	0	0	0	0	0	1	0	1	0	0	2	0	0	0	0	0	0	1	0	35	0	0	20	0	0	170	0	0	0	14	0	0	0	1	0	0	10	0	0	1	0	0	0	2	0	0	0	22	0	0	0	247
0	0	0	0	0	0	0	0	0	0	0	0	0	0	0	0	0	0	0	0	0	0	0	0	0	0	0	0	0	0	0	0	0	0	0	0	0	0	0	0	0	0	0	0	0	0	0	0	0	0	0	0	0	0	0	0	0	0	0	0	0	0	0	0	0	0	0	0	0	0	0	0	0	0	0
0	0	0	0	0	0	0	0	0	0	0	0	0	0	0	0	0	0	0	0	0	0	0	0	0	0	0	0	0	0	0	0	0	0	0	0	0	0	0	0	0	0	0	0	0	0	0	0	0	0	0	0	0	0	0	0	0	0	0	0	0	0	0	0	0	0	0	0	0	0	0	0	0	0	0
0	0	0	0	3	0	0	0	0	0	0	9	0	0	0	0	19	2	0	0	0	0	0	0	0	0	0	2	0	0	0	141	8	0	0	0	6	0	0	484	0	378	0	159	0	14	0	0	0	0	0	0	0	0	1	0	0	0	0	564	6	0	0	8	15	0	2	248	0	4	10	0	174	14	0
0	0	0	98	1	0	119	0	0	0	0	0	0	39	279	559	0	0	62	0	0	0	0	0	62	0	0	0	0	0	0	0	0	28	0	0	0	0	0	0	0	0	266	0	0	0	0	0	206	0	0	0	0	1	0	0	23	0	0	0	9	0	0	0	0	41	25	0	0	0	2	0	0	1	624
0	0	0	4	3	0	0	0	0	9	0	0	0	0	0	1	0	0	0	5	0	0	0	0	0	2	0	0	0	0	0	0	0	0	7	0	0	0	0	0	0	0	0	0	0	0	0	0	0	0	0	0	0	0	0	5	0	0	0	1	786	0	0	0	4	0	3	0	0	1	0	0	0	3	0
0	0	73	4	11	0	0	0	0	0	0	0	0	3	12	3	0	0	4	16	0	0	0	0	2	0	0	27	3	0	0	0	0	6	0	0	0	0	0	0	0	0	8	18	0	0	0	0	0	0	0	0	0	0	0	0	0	0	0	13	0	0	0	0	22	2	44	0	0	0	0	0	0	4	2
0	0	0	14	1	0	1	0	0	0	39	0	3	0	47	124	3	1	6	23	0	0	0	0	0	0	0	0	0	0	0	0	16	0	0	0	35	0	1	32	13	0	8	1	877	131	0	0	2	0	0	0	0	0	12	2	0	0	0	4	3	44	6	20	2	0	0	49	0	19	1	2	11	4	5
0	87	54	50	0	0	190	0	0	0	279	0	12	47	0	202	2	395	1342	0	0	104	0	0	731	0	0	343	0	0	111	1	28	215	0	0	0	0	640	0	258	0	170	7	0	26	0	0	600	0	0	0	193	8	238	0	57	0	213	137	0	5	0	0	0	804	8	0	0	5	129	56	0	3	316
0	0	0	168	11	0	95	0	0	0	559	1	3	124	202	0	203	1	5	262	3	0	0	0	4	1	0	0	0	0	1	0	484	184	3	0	31	0	1	0	6	2	469	2	9	504	0	0	0	0	0	0	0	1	7	315	0	0	17	0	14	17	173	31	38	2	5	90	0	24	423	1	0	32	1
0	0	0	0	59	0	0	0	0	19	0	0	0	3	2	203	0	0	0	134	154	0	0	0	0	1	2	0	0	0	0	0	0	76	0	0	0	0	0	0	0	0	14	3	0	4	0	0	0	0	0	0	0	0	0	0	0	0	0	0	0	0	0	0	268	4	21	1	0	9	0	0	1	59	2
0	0	0	0	10	0	0	0	0	2	0	0	0	1	395	1	0	0	74	4	264	0	0	0	91	1	0	300	3	0	0	0	0	22	0	0	0	0	0	0	0	0	15	69	0	0	0	0	2	0	0	0	0	41	23	0	2	0	0	138	6	0	0	0	2	117	64	10	0	2	0	0	0	9	1
0	50	32	13	19	0	0	0	0	0	62	0	4	6	1342	5	0	74	0	5	43	92	0	0	868	0	0	62	56	0	177	241	8	214	0	0	18	0	833	14	198	0	14	112	0	4	0	0	288	0	0	0	162	6	413	0	0	0	355	288	0	19	4	0	0	1576	2	3	5	5	4	105	0	57	42
0	15	0	7	0	0	0	0	0	0	0	5	16	23	0	262	134	4	5	0	0	0	0	0	0	0	0	1	0	0	6	0	101	46	2	0	5	0	4	0	20	0	133	6	0	156	0	0	0	0	0	0	0	0	3	130	16	0	33	1	0	10	232	2	2	0	1	5	0	3	2	0	0	3	3
0	0	0	2	55	0	0	0	0	0	0	0	0	0	0	3	154	264	43	0	0	8	0	0	1	0	0	231	1	0	406	30	10	272	0	0	22	0	54	0	236	0	76	58	0	0	0	0	0	0	0	0	4	0	12	18	0	0	20	53	0	74	0	0	7	8	115	2	0	7	226	48	0	85	24
0	0	1	117	4	0	10	0	0	0	0	0	0	0	104	0	0	0	92	0	8	0	0	0	107	0	0	36	350	0	0	0	0	24	0	0	0	0	0	0	0	0	10	1	0	0	0	0	156	0	0	0	0	165	1	0	84	0	0	120	0	0	0	0	0	29	45	0	0	1	0	0	0	4	88
0	0	0	0	0	0	0	0	0	0	0	0	0	0	0	0	0	0	0	0	0	0	0	0	0	0	0	0	0	0	0	0	0	0	0	0	0	0	0	0	0	0	0	0	0	0	0	0	0	0	0	0	0	0	0	0	0	0	0	0	0	0	0	0	0	0	0	0	0	0	0	0	0	0	0
0	0	0	0	0	0	0	0	0	0	0	0	0	0	0	0	0	0	0	0	0	0	0	0	0	0	0	0	0	0	0	0	0	0	0	0	0	0	0	0	0	0	0	0	0	0	0	0	0	0	0	0	0	0	0	0	0	0	0	0	0	0	0	0	0	0	0	0	0	0	0	0	0	0	0
0	3	15	5	0	0	0	0	0	0	62	0	2	0	731	4	0	91	868	0	1	107	0	0	0	0	0	58	33	0	182	4	3	186	0	0	0	0	529	5	158	0	22	8	0	1	0	0	245	0	0	0	163	3	627	0	0	0	194	47	1	3	0	0	1	955	67	1	0	8	10	318	0	4	4
0	0	0	0	0	0	0	0	0	0	0	2	0	0	0	1	1	1	0	0	0	0	0	0	0	0	0	2	0	0	0	0	2	1	0	0	0	0	1	0	0	0	16	0	4	0	0	0	0	0	0	0	0	0	0	0	0	0	0	0	0	0	0	0	2	0	0	6	0	0	0	1	0	0	0
0	0	0	0	0	0	0	0	0	0	0	0	0	0	0	0	2	0	0	0	0	0	0	0	0	0	0	0	0	0	0	0	0	0	0	0	0	0	0	0	0	0	0	0	0	0	0	0	0	0	0	0	0	0	0	0	0	0	0	0	0	0	0	4	0	0	48	14	0	0	0	0	0	6	0
0	0	125	2	3	0	0	0	0	2	0	0	27	0	343	0	0	300	62	1	231	36	0	0	58	2	0	0	16	0	173	10	56	468	0	0	0	0	432	2	211	0	21	44	0	0	0	0	34	0	0	0	8	29	197	0	0	0	296	62	2	247	0	0	0	131	32	0	0	1	1	14	0	3	3
0	508	5	0	0	0	1	0	0	0	0	0	3	0	0	0	0	3	56	0	1	350	0	0	33	0	0	16	0	0	14	0	0	3	0	0	0	0	18	0	0	0	1	0	0	0	0	0	23	0	0	0	364	107	1	0	26	0	288	4	1	0	0	0	0	17	0	0	0	0	0	1	0	1	1
0	0	0	0	0	0	0	0	0	0	0	0	0	0	0	0	0	0	0	0	0	0	0	0	0	0	0	0	0	0	0	0	0	0	0	0	0	0	0	0	0	0	0	0	0	0	0	0	0	0	0	0	0	0	0	0	0	0	0	0	0	0	0	0	0	0	0	3	0	0	0	0	0	0	0
0	0	0	232	6	0	1	0	0	0	0	0	0	0	111	1	0	0	177	6	406	0	0	0	182	0	0	173	14	0	0	0	0	36	0	0	0	0	0	0	0	0	9	3	0	0	0	0	14	0	0	0	0	12	1	0	0	0	0	251	10	0	0	0	0	19	127	0	0	1	0	0	0	6	109
0	0	0	0	69	0	0	0	0	141	0	0	0	0	1	0	0	0	241	0	30	0	0	0	4	0	0	10	0	0	0	0	0	6	0	0	0	0	0	0	0	0	0	576	0	0	0	0	0	0	0	0	0	0	8	0	0	0	0	144	0	0	0	0	0	113	176	0	0	0	0	0	0	53	0
0	0	0	0	24	0	0	0	0	8	0	0	0	16	28	484	0	0	8	101	10	0	0	0	3	2	0	56	0	0	0	0	0	0	8	0	0	0	0	0	0	0	124	8	0	0	0	0	2	0	0	0	0	0	0	19	0	0	0	0	8	0	0	0	183	8	18	0	0	19	0	0	1	24	11
0	0	39	35	1	0	2	0	0	0	28	0	6	0	215	184	76	22	214	46	272	24	0	0	186	1	0	468	3	0	36	6	0	0	0	0	0	0	20	0	20	0	274	148	0	4	0	0	4	0	0	0	2	10	32	6	0	0	130	136	7	6	0	0	4	226	80	0	0	0	10	36	0	1	625
0	0	0	0	0	0	0	0	0	0	0	7	0	0	0	3	0	0	0	2	0	0	0	0	0	0	0	0	0	0	0	0	8	0	0	0	1	0	0	0	0	0	0	0	0	3	0	0	0	0	0	0	0	0	0	16	0	0	0	0	523	0	6	0	0	0	0	0	0	0	0	0	0	0	0
0	0	0	0	0	0	0	0	0	0	0	0	0	0	0	0	0	0	0	0	0	0	0	0	0	0	0	0	0	0	0	0	0	0	0	0	0	0	0	0	0	0	0	0	0	0	0	0	0	0	0	0	0	0	0	0	0	0	0	0	0	0	0	0	0	0	0	0	0	0	0	0	0	0	0
0	0	0	0	54	0	0	0	0	6	0	0	0	35	0	31	0	0	18	5	22	0	0	0	0	0	0	0	0	0	0	0	0	0	1	0	0	0	0	0	0	0	7	5	0	2	0	0	0	0	0	0	0	1	1	0	0	0	0	1	12	0	0	0	585	3	27	11	0	24	0	0	0	54	2
0	0	0	0	0	0	0	0	0	0	0	0	0	0	0	0	0	0	0	0	0	0	0	0	0	0	0	0	0	0	0	0	0	0	0	0	0	0	0	0	0	0	0	0	0	0	0	0	0	0	0	0	0	0	0	0	0	0	0	0	0	0	0	0	0	0	0	0	0	0	0	0	0	0	0
0	0	2	7	54	0	0	0	0	0	0	0	0	1	640	1	0	0	833	4	54	0	0	0	529	1	0	432	18	0	0	0	0	20	0	0	0	0	0	0	0	0	7	844	0	0	0	0	6	0	0	0	0	3	51	1	0	0	0	1943	0	0	0	0	2	951	324	0	0	1	4	0	0	17	19
0	0	0	0	74	0	0	0	0	484	0	0	0	32	0	0	0	0	14	0	0	0	0	0	5	0	0	2	0	0	0	0	0	0	0	0	0	0	0	0	0	0	2	260	0	0	0	0	3	0	0	0	0	0	3	0	0	0	0	617	0	0	0	0	1	37	6	8	0	5	0	0	0	59	0
0	0	0	18	9	0	1	0	0	0	0	0	0	13	258	6	0	0	198	20	236	0	0	0	158	0	0	211	0	0	0	0	0	20	0	0	0	0	0	0	0	0	15	29	0	0	0	0	1	0	0	0	0	16	9	1	0	0	0	479	1	0	0	0	6	149	118	4	0	4	3	0	0	9	379
0	0	0	2	58	0	0	0	0	378	0	0	0	0	0	2	0	0	0	0	0	0	0	0	0	0	0	0	0	0	0	0	0	0	0	0	0	0	0	0	0	0	0	2	0	0	0	0	0	0	0	0	0	0	0	0	0	0	0	2	0	0	0	0	41	2	0	0	0	0	0	0	0	52	0
0	13	103	349	24	0	35	0	0	0	266	0	8	8	170	469	14	15	14	133	76	10	0	0	22	16	0	21	1	0	9	0	124	274	0	0	7	0	7	2	15	0	0	52	3	131	0	0	78	0	0	0	1	0	6	18	0	0	2	37	0	3	2	2	27	13	105	20	0	4	238	12	0	23	222
0	0	20	1	91	0	0	0	0	159	0	0	18	1	7	2	3	69	112	6	58	1	0	0	8	0	0	44	0	0	3	576	8	148	0	0	5	0	844	260	29	2	52	0	21	2	0	0	3	1	0	0	18	0	572	7	1	0	4	3442	0	7	0	236	5	141	203	5	0	3	73	384	0	151	1
0	0	0	0	8	0	0	0	0	0	0	0	0	877	0	9	0	0	0	0	0	0	0	0	0	4	0	0	0	0	0	0	0	0	0	0	0	0	0	0	0	0	3	21	0	0	0	0	0	0	0	0	0	2	0	0	0	0	0	185	0	0	0	0	0	0	0	0	0	3	0	0	0	8	0
0	0	0	102	84	0	20	0	0	14	0	0	0	131	26	504	4	0	4	156	0	0	0	0	1	0	0	0	0	0	0	0	0	4	3	0	2	0	0	0	0	0	131	2	0	0	0	0	0	0	0	0	0	0	2	2	2	0	0	5	16	2	0	2	324	10	1	10	0	52	1	0	1	84	370
0	0	0	0	0	0	0	0	0	0	0	0	0	0	0	0	0	0	0	0	0	0	0	0	0	0	0	0	0	0	0	0	0	0	0	0	0	0	0	0	0	0	0	0	0	0	0	0	0	0	0	0	0	0	0	0	0	0	0	0	0	0	0	0	0	0	0	0	0	0	0	0	0	0	0
0	0	0	0	0	0	0	0	0	0	0	0	0	0	0	0	0	0	0	0	0	0	0	0	0	0	0	0	0	0	0	0	0	0	0	0	0	0	0	0	0	0	0	0	0	0	0	0	0	0	0	0	0	0	0	0	0	0	0	0	0	0	0	0	0	0	0	0	0	0	0	0	0	0	0
0	62	9	53	3	0	170	0	0	0	206	0	0	2	600	0	0	2	288	0	0	156	0	0	245	0	0	34	23	0	14	0	2	4	0	0	0	0	6	3	1	0	78	3	0	0	0	0	0	0	0	0	181	6	3	0	44	0	14	1	0	2	0	0	2	207	34	2	0	1	2	4	0	3	60
0	0	0	0	0	0	0	0	0	0	0	0	0	0	0	0	0	0	0	0	0	0	0	0	0	0	0	0	0	0	0	0	0	0	0	0	0	0	0	0	0	0	0	1	0	0	0	0	0	0	0	0	0	0	0	0	0	0	0	8	0	0	0	0	0	0	0	0	0	1	0	0	0	0	0
0	0	0	0	0	0	0	0	0	0	0	0	0	0	0	0	0	0	0	0	0	0	0	0	0	0	0	0	0	0	0	0	0	0	0	0	0	0	0	0	0	0	0	0	0	0	0	0	0	0	0	0	0	0	0	0	0	0	0	0	0	0	0	0	0	0	0	0	0	0	0	0	0	0	0
0	0	0	0	0	0	0	0	0	0	0	0	0	0	0	0	0	0	0	0	0	0	0	0	0	0	0	0	0	0	0	0	0	0	0	0	0	0	0	0	0	0	0	0	0	0	0	0	0	0	0	0	0	0	0	0	0	0	0	0	3	0	0	0	0	0	0	0	0	0	0	0	0	0	0
0	0	87	210	7	0	14	0	0	0	0	0	0	0	193	0	0	0	162	0	4	0	0	0	163	0	0	8	364	0	0	0	0	2	0	0	0	0	0	0	0	0	1	18	0	0	0	0	181	0	0	0	0	143	4	0	65	0	0	313	1	0	0	0	0	113	22	0	0	0	0	0	0	7	9
0	150	0	16	0	0	0	0	0	0	1	0	0	0	8	1	0	41	6	0	0	165	0	0	3	0	0	29	107	0	12	0	0	10	0	0	1	0	3	0	16	0	0	0	2	0	0	0	6	0	0	0	143	0	2	0	20	0	132	0	0	0	0	0	0	3	0	0	0	0	0	0	0	0	0
0	0	3	0	11	0	0	0	0	1	0	0	0	12	238	7	0	23	413	3	12	1	0	0	627	0	0	197	1	0	1	8	0	32	0	0	1	0	51	3	9	0	6	572	0	2	0	0	3	0	0	0	4	2	0	1	1	0	7	68	0	6	0	0	5	907	196	9	0	4	1	21	0	5	3
0	0	0	0	8	0	0	0	0	0	0	5	0	2	0	315	0	0	0	130	18	0	0	0	0	0	0	0	0	0	0	0	19	6	16	0	0	0	1	0	1	0	18	7	0	2	0	0	0	0	0	0	0	0	1	0	0	0	0	42	2745	0	6	0	22	0	33	11	0	0	0	1	0	8	2
0	613	96	6	0	0	1	0	0	0	23	0	0	0	57	0	0	2	0	16	0	84	0	0	0	0	0	0	26	0	0	0	0	0	0	0	0	0	0	0	0	0	0	1	0	2	0	0	44	0	0	0	65	20	1	0	0	0	90	5	0	0	0	0	0	0	29	0	0	1	1	0	0	0	0
0	0	0	0	0	0	0	0	0	0	0	0	0	0	0	0	0	0	0	0	0	0	0	0	0	0	0	0	0	0	0	0	0	0	0	0	0	0	0	0	0	0	0	0	0	0	0	0	0	0	0	0	0	0	0	0	0	0	0	0	0	0	0	0	0	0	0	0	0	0	0	0	0	0	0
0	0	12	12	32	0	0	0	0	0	0	0	0	0	213	17	0	0	355	33	20	0	0	0	194	0	0	296	288	0	0	0	0	130	0	0	0	0	0	0	0	0	2	4	0	0	0	0	14	0	0	0	0	132	7	0	90	0	0	75	4	0	0	0	15	249	17	0	0	2	0	0	0	32	472
0	1	3	8	93	0	10	0	0	564	0	1	13	4	137	0	0	138	288	1	53	120	0	0	47	0	0	62	4	0	251	144	0	136	0	0	1	0	1943	617	479	2	37	3442	185	5	0	0	1	8	0	0	313	0	68	42	5	0	75	0	10	6	0	1658	17	440	299	6	0	20	387	551	0	210	6
0	3	0	11	11	0	0	0	0	6	9	786	0	3	0	14	0	6	0	0	0	0	0	0	1	0	0	2	1	0	10	0	8	7	523	0	12	0	0	0	1	0	0	0	0	16	0	0	0	0	0	3	1	0	0	2745	0	0	4	10	0	10	1899	87	0	2	0	1	0	79	0	1	0	62	1
0	0	9	13	31	0	0	0	0	0	0	0	0	44	5	17	0	0	19	10	74	0	0	0	3	0	0	247	0	0	0	0	0	6	0	0	0	0	0	0	0	0	3	7	0	2	0	0	2	0	0	0	0	0	6	0	0	0	0	6	10	0	0	0	327	5	13	2	0	30	0	0	2	30	0
0	0	0	0	1	0	1	0	0	0	0	0	0	6	0	173	0	0	4	232	0	0	0	0	0	0	0	0	0	0	0	0	0	0	6	0	0	0	0	0	0	0	2	0	0	0	0	0	0	0	0	0	0	0	0	6	0	0	0	0	1899	0	0	0	44	1	1	0	0	7	0	0	0	1	21
0	0	0	0	122	0	0	0	0	8	0	0	0	20	0	31	0	0	0	2	0	0	0	0	0	0	4	0	0	0	0	0	0	0	0	0	0	0	0	0	0	0	2	236	0	2	0	0	0	0	0	0	0	0	0	0	0	0	0	1658	87	0	0	0	29	1	13	11	0	25	0	0	0	104	0
0	0	34	52	44	0	0	0	0	15	0	4	22	2	0	38	268	2	0	2	7	0	0	0	1	2	0	0	0	0	0	0	183	4	0	0	585	0	2	1	6	41	27	5	0	324	0	0	2	0	0	0	0	0	5	22	0	0	15	17	0	327	44	29	0	1	5	1238	0	68	1	0	0	144	0
0	5	72	5	1	0	0	0	0	0	41	0	2	0	804	2	4	117	1576	0	8	29	0	0	955	0	0	131	17	0	19	113	8	226	0	0	3	0	951	37	149	2	13	141	0	10	0	0	207	0	0	0	113	3	907	0	0	0	249	440	2	5	1	1	1	0	138	4	0	1	27	442	0	9	11
0	0	30	17	14	0	2	0	0	2	25	3	44	0	8	5	21	64	2	1	115	45	0	0	67	0	48	32	0	0	127	176	18	80	0	0	27	0	324	6	118	0	105	203	0	1	0	0	34	0	0	0	22	0	196	33	29	0	17	299	0	13	1	13	5	138	0	10	0	5	90	304	2	46	0
0	0	1	2	126	0	0	0	0	248	0	0	0	49	0	90	1	10	3	5	2	0	0	0	1	6	14	0	0	3	0	0	0	0	0	0	11	0	0	8	4	0	20	5	0	10	0	0	2	0	0	0	0	0	9	11	0	0	0	6	1	2	0	11	1238	4	10	0	0	37	0	0	3	131	28
0	0	0	0	0	0	0	0	0	0	0	0	0	0	0	0	0	0	5	0	0	0	0	0	0	0	0	0	0	0	0	0	0	0	0	0	0	0	0	0	0	0	0	0	0	0	0	0	0	0	0	0	0	0	0	0	0	0	0	0	0	0	0	0	0	0	0	0	0	0	0	0	0	0	0
0	0	0	0	38	0	0	0	0	4	0	1	0	19	5	24	9	2	5	3	7	1	0	0	8	0	0	1	0	0	1	0	19	0	0	0	24	0	1	5	4	0	4	3	3	52	0	0	1	1	0	0	0	0	4	0	1	0	2	20	79	30	7	25	68	1	5	37	0	0	2	0	9	83	0
0	0	25	6	26	0	22	0	0	10	2	0	0	1	129	423	0	0	4	2	226	0	0	0	10	0	0	1	0	0	0	0	0	10	0	0	0	0	4	0	3	0	238	73	0	1	0	0	2	0	0	0	0	0	1	0	1	0	0	387	0	0	0	0	1	27	90	0	0	2	0	4	0	16	15
0	0	3	0	49	0	0	0	0	0	0	0	0	2	56	1	0	0	105	0	48	0	0	0	318	1	0	14	1	0	0	0	0	36	0	0	0	0	0	0	0	0	12	384	0	0	0	0	4	0	0	0	0	0	21	1	0	0	0	551	1	0	0	0	0	442	304	0	0	0	4	0	0	44	25
0	0	0	0	10	0	0	0	0	174	0	0	0	11	0	0	1	0	0	0	0	0	0	0	0	0	0	0	0	0	0	0	1	0	0	0	0	0	0	0	0	0	0	0	0	1	0	0	0	0	0	0	0	0	0	0	0	0	0	0	0	2	0	0	0	0	2	3	0	9	0	0	0	11	0
0	1	2	16	9	0	0	0	0	14	1	3	4	4	3	32	59	9	57	3	85	4	0	0	4	0	6	3	1	0	6	53	24	1	0	0	54	0	17	59	9	52	23	151	8	84	0	0	3	0	0	0	7	0	5	8	0	0	32	210	62	30	1	104	144	9	46	131	0	83	16	44	11	0	36
0	0	2	634	15	0	247	0	0	0	624	0	2	5	316	1	2	1	42	3	24	88	0	0	4	0	0	3	1	0	109	0	11	625	0	0	2	0	19	0	379	0	222	1	0	370	0	0	60	0	0	0	9	0	3	2	0	0	472	6	1	0	21	0	0	11	0	28	0	0	15	25	0	36	0
