0	0	0	0	0	0	0	0	0	0	0	0	0	0	0	0	0	0	0	0	0	0	0	0	0	0	0	0	0	0	0	0	0	0	0	0	0	0	0	0	0	0	0	0	0	0	0	0	0	0	0	0	0	0	0	0	0	0	0	0	0	0	0	0	0	0	0	0	0	0	0	0	0	0	0
0	0	377	145	0	0	6	0	0	0	226	12	0	0	0	0	2	143	6	0	6	843	0	0	12	0	0	123	393	0	4	30	0	6	0	0	0	0	100	0	158	0	75	47	0	0	0	0	196	0	19	2	655	128	23	0	1739	1	0	68	0	0	0	0	0	16	4	4	0	0	34	18	0	6	2
0	377	0	5	0	11	0	0	0	0	4	21	0	8	0	6	0	8	2	0	0	8	0	0	16	0	0	31	48	5	1	3	6	4	0	0	1	0	12	0	6	0	165	18	0	0	0	0	13	1	44	1	163	31	3	0	68	12	0	2	0	0	0	2	0	40	90	3	0	0	164	2	0	5	1
0	145	5	0	1	2	441	0	79	0	538	0	0	40	0	267	1	9	2	5	0	160	0	0	4	1	9	2	18	22	200	0	49	94	0	0	17	0	3	0	51	2	397	1	0	139	0	0	80	15	0	0	248	19	3	0	68	1	0	1	0	0	0	1	84	5	1	73	0	0	137	2	0	12	382
0	0	0	1	0	0	0	0	0	0	0	0	0	4	0	1	2	3	0	0	50	0	0	0	0	0	0	2	1	1	0	65	5	0	0	0	1	0	17	2	1	66	3	52	0	0	0	0	6	4	3	0	0	0	1	0	0	2	0	55	0	0	0	66	9	2	0	9	0	2	1	31	0	0	1
0	0	11	2	0	0	0	0	0	0	0	0	0	10	0	7	3	1	0	0	5	1	0	0	0	0	0	2	0	7	1	0	15	3	0	0	0	0	0	0	8	0	1	1	0	0	0	0	0	0	0	2	4	0	0	0	0	0	0	1	0	0	0	0	0	0	0	6	0	0	0	0	0	12	1
0	6	0	441	0	0	0	0	0	0	114	0	0	24	0	133	0	2	1	0	0	19	0	0	5	1	0	0	9	15	64	0	0	81	0	0	0	0	0	0	46	0	106	0	0	79	0	0	4	16	0	1	17	4	0	1	1	0	0	0	0	0	0	0	0	3	5	0	0	0	96	12	0	0	66
0	0	0	0	0	0	0	0	0	0	0	0	0	0	0	0	0	0	0	0	0	0	0	0	0	0	0	0	0	0	0	0	0	0	0	0	0	0	0	0	0	0	0	0	0	0	0	0	0	0	0	0	0	0	0	0	0	0	0	0	0	0	0	0	0	0	0	0	0	0	0	0	0	0	0
0	0	0	79	0	0	0	0	0	0	0	0	0	3	0	18	0	0	0	0	4	0	0	0	0	0	0	0	0	0	0	0	16	0	0	0	0	0	0	0	0	0	0	0	0	0	0	0	0	0	0	0	0	0	0	0	0	0	0	0	0	0	0	1	9	5	0	3	0	0	0	0	0	0	0
0	0	0	0	0	0	0	0	0	0	0	0	0	0	0	0	0	0	0	0	0	0	0	0	0	0	0	0	0	0	0	0	0	0	0	0	0	0	0	0	0	0	0	0	0	0	0	0	0	0	0	0	0	0	0	0	0	0	0	0	0	0	0	0	0	0	0	0	0	0	0	0	0	0	0
0	226	4	538	0	0	114	0	0	0	0	0	0	28	0	349	0	24	0	17	1	14	0	0	262	0	0	10	230	20	2	0	0	33	0	0	0	0	8	0	311	0	286	0	0	34	0	0	118	0	4	0	22	21	23	0	6	7	0	3	0	0	0	0	0	167	46	1	0	0	44	0	0	1	33
0	12	21	0	0	0	0	0	0	0	0	0	0	0	0	10	0	45	6	1	70	0	0	0	0	0	0	26	0	0	3	47	0	2	0	0	0	0	82	0	0	0	22	37	0	0	0	0	0	0	26	0	0	0	0	1	0	4	0	17	0	0	0	0	0	0	42	0	0	0	4	53	0	2	0
0	0	0	0	0	0	0	0	0	0	0	0	0	0	0	0	0	0	0	0	0	0	0	0	0	0	0	0	0	0	0	0	0	0	0	0	0	0	0	0	0	0	0	0	0	0	0	0	0	0	0	0	0	0	0	0	0	0	0	0	0	0	0	0	0	0	0	0	0	0	0	0	0	0	0
0	0	8	40	4	10	24	0	3	0	28	0	0	0	0	107	58	0	71	29	3	18	0	0	0	11	32	0	39	33	0	1	32	5	1	0	36	0	3	0	24	0	21	0	598	83	3	0	1	4	1	13	19	28	30	3	0	51	0	1	0	0	0	6	14	7	1	176	0	11	8	0	0	47	6
0	0	0	0	0	0	0	0	0	0	0	0	0	0	0	0	0	0	0	0	0	0	0	0	0	0	0	0	0	0	0	0	0	0	0	0	0	0	0	0	0	0	0	0	0	0	0	0	0	0	0	0	0	0	0	0	0	0	0	0	0	0	0	0	0	0	0	0	0	0	0	0	0	0	0
0	0	6	267	1	7	133	0	18	0	349	10	0	107	0	0	344	0	16	299	13	1	0	0	2	0	34	0	0	321	1	0	197	296	14	0	47	0	2	0	47	0	535	1	0	368	0	0	16	3	1	7	1	0	4	304	0	115	0	0	0	0	0	5	66	0	10	134	0	36	346	2	0	22	0
0	2	0	1	2	3	0	0	0	0	0	0	0	58	0	344	0	6	19	169	138	9	0	0	6	0	134	1	2	0	0	0	11	0	2	0	0	0	2	0	654	0	26	7	0	0	0	0	0	0	89	0	1	4	11	12	0	7	0	0	0	0	0	158	5	5	0	558	0	38	0	0	2	0	0
0	143	8	9	3	1	2	0	0	0	24	45	0	0	0	0	6	0	73	0	125	173	0	0	246	0	0	407	656	0	67	3	4	4	0	0	0	0	358	5	857	0	13	276	0	0	0	0	5	0	588	0	21	204	225	2	4	12	0	8	0	0	0	1	0	291	18	3	0	1	4	6	0	1	0
0	6	2	2	0	0	1	0	0	0	0	6	0	71	0	16	19	73	0	1	2	149	0	0	36	0	12	120	268	0	16	1	0	33	0	0	43	0	109	1	7	1	4	6	0	54	0	0	48	0	0	58	104	104	119	1	1	34	0	30	0	0	0	3	2	64	10	80	0	3	1	35	0	12	1
0	0	0	5	0	0	0	0	0	0	17	1	0	29	0	299	169	0	1	0	2	0	0	0	0	0	0	0	1	171	0	0	19	141	0	0	0	0	0	6	8	0	130	0	0	181	0	0	0	26	0	0	0	16	2	25	0	15	0	0	0	0	0	0	10	1	0	1	0	0	90	5	0	1	2
0	6	0	0	50	5	0	0	4	0	1	70	0	3	0	13	138	125	2	2	0	6	0	0	17	0	2	324	1	0	232	0	3	50	2	0	0	0	40	0	699	0	90	151	0	0	0	0	0	0	1304	0	5	11	22	0	0	9	0	69	0	0	0	1	8	4	27	2	0	27	84	6	0	4	0
0	843	8	160	0	1	19	0	0	0	14	0	0	18	0	1	9	173	149	0	6	0	0	0	191	0	0	146	727	0	87	1	0	2	0	0	0	0	42	0	461	0	2	9	0	8	0	0	95	0	344	4	301	347	6	0	56	3	0	13	0	0	0	1	1	37	0	3	0	0	2	6	0	2	14
0	0	0	0	0	0	0	0	0	0	0	0	0	0	0	0	0	0	0	0	0	0	0	0	0	0	0	0	0	0	0	0	0	0	0	0	0	0	0	0	0	0	0	0	0	0	0	0	0	0	0	0	0	0	0	0	0	0	0	0	0	0	0	0	0	0	0	0	0	0	0	0	0	0	0
0	0	0	0	0	0	0	0	0	0	0	0	0	0	0	0	0	0	0	0	0	0	0	0	0	0	0	0	0	0	0	0	0	0	0	0	0	0	0	0	0	0	0	0	0	0	0	0	0	0	0	0	0	0	0	0	0	0	0	0	0	0	0	0	0	0	0	0	0	0	0	0	0	0	0
0	12	16	4	0	0	5	0	0	0	262	0	0	0	0	2	6	246	36	0	17	191	0	0	0	0	17	149	819	0	261	53	3	42	0	0	0	0	617	24	256	0	24	20	0	0	0	0	1	4	102	1	161	38	654	1	9	11	0	29	0	0	0	0	0	1080	10	77	0	1	3	134	0	13	4
0	0	0	1	0	0	1	0	0	0	0	0	0	11	0	0	0	0	0	0	0	0	0	0	0	0	9	1	0	0	0	0	0	0	0	0	0	0	0	0	27	0	0	19	0	0	0	0	0	0	21	0	4	1	0	0	0	0	0	0	0	0	0	4	1	0	0	6	0	11	2	0	0	0	0
0	0	0	9	0	0	0	0	0	0	0	0	0	32	0	34	134	0	12	0	2	0	0	0	17	9	0	0	0	0	0	0	24	1	1	0	174	0	2	1	20	86	42	3	0	0	0	0	2	84	2	0	0	0	5	1	0	5	0	52	0	0	0	571	413	20	13	714	0	460	0	23	0	114	0
0	123	31	2	2	2	0	0	0	0	10	26	0	0	0	0	1	407	120	0	324	146	0	0	149	1	0	0	754	0	295	6	3	104	0	0	0	0	456	5	819	0	17	197	0	0	0	0	11	6	581	0	47	41	281	0	42	16	0	12	0	0	0	3	1	243	16	2	0	2	4	41	0	1	2
0	393	48	18	1	0	9	0	0	0	230	0	0	39	0	0	2	656	268	1	1	727	0	0	819	0	0	754	0	0	164	82	13	129	0	0	1	0	661	49	364	0	43	21	0	12	0	0	37	7	9	9	436	288	598	0	29	24	0	27	0	0	0	1	2	1086	1	18	0	0	9	40	0	31	15
0	0	5	22	1	7	15	0	0	0	20	0	0	33	0	321	0	0	0	171	0	0	0	0	0	0	0	0	0	0	0	0	10	0	117	0	0	0	0	0	0	0	302	2	0	0	0	0	0	0	0	0	0	0	0	103	0	235	0	0	0	0	0	2	2	0	17	18	0	0	11	0	0	0	0
0	4	1	200	0	1	64	0	0	0	2	3	0	0	0	1	0	67	16	0	232	87	0	0	261	0	0	295	164	0	0	0	0	0	0	0	0	0	0	0	882	0	7	3	0	0	0	0	36	0	299	0	29	149	13	0	0	1	0	19	0	0	0	1	0	9	0	1	0	0	0	0	0	0	0
0	30	3	0	65	0	0	0	0	0	0	47	0	1	0	0	0	3	1	0	0	1	0	0	53	0	0	6	82	0	0	0	0	0	0	0	0	0	58	0	10	0	2	418	0	0	0	0	0	0	301	0	0	1	2	0	1	0	0	56	0	0	0	1	0	125	9	0	0	0	0	0	0	0	0
0	0	6	49	5	15	0	0	16	0	0	0	0	32	0	197	11	4	0	19	3	0	0	0	3	0	24	3	13	10	0	0	0	0	190	0	0	0	0	0	3	16	205	5	0	0	0	0	0	4	12	0	6	0	1	47	0	105	0	0	0	0	0	28	176	13	3	242	0	26	1	0	0	6	0
0	6	4	94	0	3	81	0	0	0	33	2	0	5	0	296	0	4	33	141	50	2	0	0	42	0	1	104	129	0	0	0	0	0	0	0	0	0	105	0	456	0	299	107	0	0	0	0	26	0	123	0	3	2	11	0	2	0	0	1	0	0	0	1	0	124	66	0	0	1	21	0	0	0	0
0	0	0	0	0	0	0	0	0	0	0	0	0	1	0	14	2	0	0	0	2	0	0	0	0	0	1	0	0	117	0	0	190	0	0	0	1	0	0	0	0	0	0	0	0	3	0	0	0	0	0	0	1	0	0	387	0	306	0	0	0	0	0	0	2	0	0	5	0	1	1	0	0	2	0
0	0	0	0	0	0	0	0	0	0	0	0	0	0	0	0	0	0	0	0	0	0	0	0	0	0	0	0	0	0	0	0	0	0	0	0	0	0	0	0	0	0	0	0	0	0	0	0	0	0	0	0	0	0	0	0	0	0	0	0	0	0	0	0	0	0	0	0	0	0	0	0	0	0	0
0	0	1	17	1	0	0	0	0	0	0	0	0	36	0	47	0	0	43	0	0	0	0	0	0	0	174	0	1	0	0	0	0	0	1	0	0	0	1	0	0	0	0	0	0	0	0	0	21	0	0	0	2	8	4	0	0	1	0	0	0	0	0	18	200	10	0	140	0	33	0	0	0	0	0
0	0	0	0	0	0	0	0	0	0	0	0	0	0	0	0	0	0	0	0	0	0	0	0	0	0	0	0	0	0	0	0	0	0	0	0	0	0	0	0	0	0	0	0	0	0	0	0	0	0	0	0	0	0	0	0	0	0	0	0	0	0	0	0	0	0	0	0	0	0	0	0	0	0	0
0	100	12	3	17	0	0	0	0	0	8	82	0	3	0	2	2	358	109	0	40	42	0	0	617	0	2	456	661	0	0	58	0	105	0	0	1	0	0	3	321	0	30	987	0	0	0	0	15	1	755	0	37	119	353	1	16	15	0	152	0	0	0	11	0	850	153	3	0	1	5	61	0	14	0
0	0	0	0	2	0	0	0	0	0	0	0	0	0	0	0	0	5	1	6	0	0	0	0	24	0	1	5	49	0	0	0	0	0	0	0	0	0	3	0	145	0	0	382	0	0	0	0	2	0	196	0	3	21	6	0	0	0	0	0	0	0	0	193	0	27	0	1	0	188	0	0	0	0	0
0	158	6	51	1	8	46	0	0	0	311	0	0	24	0	47	654	857	7	8	699	461	0	0	256	27	20	819	364	0	882	10	3	456	0	0	0	0	321	145	0	0	103	188	0	179	0	0	65	5	1379	18	76	11	210	7	31	1	0	127	0	0	0	4	4	318	0	51	0	12	12	224	0	20	580
0	0	0	2	66	0	0	0	0	0	0	0	0	0	0	0	0	0	1	0	0	0	0	0	0	0	86	0	0	0	0	0	16	0	0	0	0	0	0	0	0	0	0	113	0	0	0	0	0	0	101	0	0	7	0	0	0	1	0	3	0	0	0	352	2	4	0	5	0	254	0	0	0	0	0
0	75	165	397	3	1	106	0	0	0	286	22	0	21	0	535	26	13	4	130	90	2	0	0	24	0	42	17	43	302	7	2	205	299	0	0	0	0	30	0	103	0	0	57	0	100	0	0	9	0	59	0	2	9	8	30	35	6	0	16	0	0	0	2	10	25	173	56	0	14	298	6	0	9	104
0	47	18	1	52	1	0	0	0	0	0	37	0	0	0	1	7	276	6	0	151	9	0	0	20	19	3	197	21	2	3	418	5	107	0	0	0	0	987	382	188	113	57	0	0	2	0	0	2	87	1519	0	12	0	967	2	7	9	0	397	0	0	0	506	5	347	16	6	0	3	22	319	0	143	1
0	0	0	0	0	0	0	0	0	0	0	0	0	598	0	0	0	0	0	0	0	0	0	0	0	0	0	0	0	0	0	0	0	0	0	0	0	0	0	0	0	0	0	0	0	0	0	0	0	0	0	0	0	0	0	0	0	0	0	0	0	0	0	0	0	0	7	0	0	16	0	0	0	0	0
0	0	0	139	0	0	79	0	0	0	34	0	0	83	0	368	0	0	54	181	0	8	0	0	0	0	0	0	12	0	0	0	0	0	3	0	0	0	0	0	179	0	100	2	0	0	0	0	0	0	0	0	4	32	1	18	0	235	0	1	0	0	0	0	2	1	0	1	0	2	0	0	0	0	0
0	0	0	0	0	0	0	0	0	0	0	0	0	3	0	0	0	0	0	0	0	0	0	0	0	0	0	0	0	0	0	0	0	0	0	0	0	0	0	0	0	0	0	0	0	0	0	0	0	0	0	0	0	0	0	0	0	0	0	0	0	0	0	0	0	0	0	0	0	0	0	0	0	3	0
0	0	0	0	0	0	0	0	0	0	0	0	0	0	0	0	0	0	0	0	0	0	0	0	0	0	0	0	0	0	0	0	0	0	0	0	0	0	0	0	0	0	0	0	0	0	0	0	0	0	0	0	0	0	0	0	0	0	0	0	0	0	0	0	0	0	0	0	0	0	0	0	0	0	0
0	196	13	80	6	0	4	0	0	0	118	0	0	1	0	16	0	5	48	0	0	95	0	0	1	0	2	11	37	0	36	0	0	26	0	0	21	0	15	2	65	0	9	2	0	0	0	0	0	0	0	0	36	10	7	0	21	5	0	12	0	0	0	0	0	30	5	0	0	0	69	21	0	0	20
0	0	1	15	4	0	16	0	0	0	0	0	0	4	0	3	0	0	0	26	0	0	0	0	4	0	84	6	7	0	0	0	4	0	0	0	0	0	1	0	5	0	0	87	0	0	0	0	0	0	3	0	0	0	0	0	0	0	0	9	0	0	0	57	1	1	1	92	0	59	0	0	0	0	0
0	19	44	0	3	0	0	0	0	0	4	26	0	1	0	1	89	588	0	0	1304	344	0	0	102	21	2	581	9	0	299	301	12	123	0	0	0	0	755	196	1379	101	59	1519	0	0	0	0	0	3	0	0	43	0	425	0	13	1	0	98	0	0	0	1	0	17	8	1	0	0	28	308	0	95	1
0	2	1	0	0	2	1	0	0	0	0	0	0	13	0	7	0	0	58	0	0	4	0	0	1	0	0	0	9	0	0	0	0	0	0	0	0	0	0	0	18	0	0	0	0	0	0	0	0	0	0	0	8	40	0	17	0	169	0	0	0	0	0	0	0	6	0	7	0	1	0	0	0	0	0
0	655	163	248	0	4	17	0	0	0	22	0	0	19	0	1	1	21	104	0	5	301	0	0	161	4	0	47	436	0	29	0	6	3	1	0	2	0	37	3	76	0	2	12	0	4	0	0	36	0	43	8	0	180	17	0	51	6	0	4	0	0	0	12	11	97	12	27	0	4	2	0	0	3	8
0	128	31	19	0	0	4	0	0	0	21	0	0	28	0	0	4	204	104	16	11	347	0	0	38	1	0	41	288	0	149	1	0	2	0	0	8	0	119	21	11	7	9	0	0	32	0	0	10	0	0	40	180	0	194	0	9	23	0	1	0	0	0	0	0	110	0	18	0	0	0	42	0	13	3
0	23	3	3	1	0	0	0	0	0	23	0	0	30	0	4	11	225	119	2	22	6	0	0	654	0	5	281	598	0	13	2	1	11	0	0	4	0	353	6	210	0	8	967	0	1	0	0	7	0	425	0	17	194	0	1	6	10	0	10	0	0	0	2	2	846	72	153	0	11	3	5	0	2	8
0	0	0	0	0	0	1	0	0	0	0	1	0	3	0	304	12	2	1	25	0	0	0	0	1	0	1	0	0	103	0	0	47	0	387	0	0	0	1	0	7	0	30	2	0	18	0	0	0	0	0	17	0	0	1	0	0	354	0	0	0	0	0	8	13	2	2	18	0	3	0	0	0	4	0
0	1739	68	68	0	0	1	0	0	0	6	0	0	0	0	0	0	4	1	0	0	56	0	0	9	0	0	42	29	0	0	1	0	2	0	0	0	0	16	0	31	0	35	7	0	0	0	0	21	0	13	0	51	9	6	0	0	0	0	0	0	0	0	0	0	13	0	1	0	0	0	0	0	0	0
0	1	12	1	2	0	0	0	0	0	7	4	0	51	0	115	7	12	34	15	9	3	0	0	11	0	5	16	24	235	1	0	105	0	306	0	1	0	15	0	1	1	6	9	0	235	0	0	5	0	1	169	6	23	10	354	0	0	0	13	0	0	0	1	5	72	4	79	0	31	0	0	0	3	2
0	0	0	0	0	0	0	0	0	0	0	0	0	0	0	0	0	0	0	0	0	0	0	0	0	0	0	0	0	0	0	0	0	0	0	0	0	0	0	0	0	0	0	0	0	0	0	0	0	0	0	0	0	0	0	0	0	0	0	0	0	0	0	0	0	0	0	0	0	0	0	0	0	0	0
0	68	2	1	55	1	0	0	0	0	3	17	0	1	0	0	0	8	30	0	69	13	0	0	29	0	52	12	27	0	19	56	0	1	0	0	0	0	152	0	127	3	16	397	0	1	0	0	12	9	98	0	4	1	10	0	0	13	0	0	0	0	0	325	8	188	1	19	0	367	1	50	0	54	0
0	0	0	0	0	0	0	0	0	0	0	0	0	0	0	0	0	0	0	0	0	0	0	0	0	0	0	0	0	0	0	0	0	0	0	0	0	0	0	0	0	0	0	0	0	0	0	0	0	0	0	0	0	0	0	0	0	0	0	0	0	0	0	0	0	0	0	0	0	0	0	0	0	0	0
0	0	0	0	0	0	0	0	0	0	0	0	0	0	0	0	0	0	0	0	0	0	0	0	0	0	0	0	0	0	0	0	0	0	0	0	0	0	0	0	0	0	0	0	0	0	0	0	0	0	0	0	0	0	0	0	0	0	0	0	0	0	0	0	0	0	0	0	0	0	0	0	0	0	0
0	0	0	0	0	0	0	0	0	0	0	0	0	0	0	0	0	0	0	0	0	0	0	0	0	0	0	0	0	0	0	0	0	0	0	0	0	0	0	0	0	0	0	0	0	0	0	0	0	0	0	0	0	0	0	0	0	0	0	0	0	0	0	0	0	0	0	0	0	0	0	0	0	0	0
0	0	2	1	66	0	0	0	1	0	0	0	0	6	0	5	158	1	3	0	1	1	0	0	0	4	571	3	1	2	1	1	28	1	0	0	18	0	11	193	4	352	2	506	0	0	0	0	0	57	1	0	12	0	2	8	0	1	0	325	0	0	0	0	49	3	0	1010	0	967	0	1	0	197	0
0	0	0	84	9	0	0	0	9	0	0	0	0	14	0	66	5	0	2	10	8	1	0	0	0	1	413	1	2	2	0	0	176	0	2	0	200	0	0	0	4	2	10	5	0	2	0	0	0	1	0	0	11	0	2	13	0	5	0	8	0	0	0	49	0	9	0	1499	0	34	1	1	0	100	0
0	16	40	5	2	0	3	0	5	0	167	0	0	7	0	0	5	291	64	1	4	37	0	0	1080	0	20	243	1086	0	9	125	13	124	0	0	10	0	850	27	318	4	25	347	0	1	0	0	30	1	17	6	97	110	846	2	13	72	0	188	0	0	0	3	9	0	30	20	0	28	0	45	0	11	8
0	4	90	1	0	0	5	0	0	0	46	42	0	1	0	10	0	18	10	0	27	0	0	0	10	0	13	16	1	17	0	9	3	66	0	0	0	0	153	0	0	0	173	16	7	0	0	0	5	1	8	0	12	0	72	2	0	4	0	1	0	0	0	0	0	30	0	1	0	17	67	195	0	10	0
0	4	3	73	9	6	0	0	3	0	1	0	0	176	0	134	558	3	80	1	2	3	0	0	77	6	714	2	18	18	1	0	242	0	5	0	140	0	3	1	51	5	56	6	0	1	0	0	0	92	1	7	27	18	153	18	1	79	0	19	0	0	0	1010	1499	20	1	0	0	468	0	0	0	191	36
0	0	0	0	0	0	0	0	0	0	0	0	0	0	0	0	0	0	0	0	0	0	0	0	0	0	0	0	0	0	0	0	0	0	0	0	0	0	0	0	0	0	0	0	0	0	0	0	0	0	0	0	0	0	0	0	0	0	0	0	0	0	0	0	0	0	0	0	0	0	0	0	0	0	0
0	0	0	0	2	0	0	0	0	0	0	0	0	11	0	36	38	1	3	0	27	0	0	0	1	11	460	2	0	0	0	0	26	1	1	0	33	0	1	188	12	254	14	3	16	2	0	0	0	59	0	1	4	0	11	3	0	31	0	367	0	0	0	967	34	28	17	468	0	0	1	8	0	126	1
0	34	164	137	1	0	96	0	0	0	44	4	0	8	0	346	0	4	1	90	84	2	0	0	3	2	0	4	9	11	0	0	1	21	1	0	0	0	5	0	12	0	298	22	0	0	0	0	69	0	28	0	2	0	3	0	0	0	0	1	0	0	0	0	1	0	67	0	0	1	0	3	0	0	2
0	18	2	2	31	0	12	0	0	0	0	53	0	0	0	2	0	6	35	5	6	6	0	0	134	0	23	41	40	0	0	0	0	0	0	0	0	0	61	0	224	0	6	319	0	0	0	0	21	0	308	0	0	42	5	0	0	0	0	50	0	0	0	1	1	45	195	0	0	8	3	0	0	0	0
0	0	0	0	0	0	0	0	0	0	0	0	0	0	0	0	2	0	0	0	0	0	0	0	0	0	0	0	0	0	0	0	0	0	0	0	0	0	0	0	0	0	0	0	0	0	0	0	0	0	0	0	0	0	0	0	0	0	0	0	0	0	0	0	0	0	0	0	0	0	0	0	0	0	0
0	6	5	12	0	12	0	0	0	0	1	2	0	47	0	22	0	1	12	1	4	2	0	0	13	0	114	1	31	0	0	0	6	0	2	0	0	0	14	0	20	0	9	143	0	0	3	0	0	0	95	0	3	13	2	4	0	3	0	54	0	0	0	197	100	11	10	191	0	126	0	0	0	0	0
0	2	1	382	1	1	66	0	0	0	33	0	0	6	0	0	0	0	1	2	0	14	0	0	4	0	0	2	15	0	0	0	0	0	0	0	0	0	0	0	580	0	104	1	0	0	0	0	20	0	1	0	8	3	8	0	0	2	0	0	0	0	0	0	0	8	0	36	0	1	2	0	0	0	0
