0	0	0	0	0	0	0	0	0	0	0	0	0	0	0	0	0	0	0	0	0	0	0	0	0	0	0	0	0	0	0	0	0	0	0	0	0	0	0	0	0	0	0	0	0	0	0	0	0	0	0	0	0	0	0	0	0	0	0	0	0	0	0	0	0	0	0	0	0	0	0	0	0	0	0
0	0	421	140	0	0	6	0	0	0	232	12	0	0	0	0	2	120	6	0	6	843	0	0	12	0	0	127	382	0	4	30	0	6	0	0	0	0	90	0	127	0	75	47	0	0	0	0	196	0	19	2	655	131	19	0	1585	3	0	69	0	0	0	0	0	16	4	4	0	0	34	18	0	6	2
0	421	0	6	0	11	0	0	0	0	6	21	0	8	0	6	0	33	2	0	0	8	0	0	31	0	0	31	231	5	1	3	6	6	0	0	1	0	12	0	6	0	232	18	0	0	0	0	13	1	44	1	299	31	4	0	69	12	0	2	0	0	0	2	0	40	90	3	0	0	233	2	0	5	1
0	140	6	0	1	2	548	0	113	0	582	0	0	43	0	265	1	7	4	5	21	160	0	0	4	1	16	2	16	37	219	0	50	94	0	0	31	0	2	0	33	2	401	2	0	167	0	0	80	15	0	0	294	19	3	0	68	1	0	1	0	0	0	1	110	4	1	93	0	2	139	2	0	12	375
0	0	0	1	0	0	0	0	0	0	0	0	0	5	0	1	3	3	0	0	50	0	0	0	0	0	0	2	1	1	0	65	5	0	0	0	3	0	18	2	2	66	3	53	0	1	0	0	6	4	3	1	0	0	1	0	0	2	0	55	0	0	0	80	11	2	0	12	0	2	1	31	0	0	1
0	0	11	2	0	0	0	0	0	0	0	0	0	10	0	7	3	1	0	0	5	1	0	0	0	0	0	2	0	7	1	0	15	3	0	0	0	0	0	0	13	0	1	1	0	0	0	0	0	0	0	2	4	0	0	0	0	0	0	1	0	0	0	0	0	0	0	6	0	0	0	0	0	12	1
0	6	0	548	0	0	0	0	0	0	114	0	0	24	0	133	0	2	1	0	0	19	0	0	5	1	0	0	9	15	64	0	0	81	0	0	0	0	0	0	46	0	106	0	0	79	0	0	4	16	0	1	17	4	0	1	1	0	0	0	0	0	0	0	0	3	5	0	0	0	96	12	0	0	66
0	0	0	0	0	0	0	0	0	0	0	0	0	0	0	0	0	0	0	0	0	0	0	0	0	0	0	0	0	0	0	0	0	0	0	0	0	0	0	0	0	0	0	0	0	0	0	0	0	0	0	0	0	0	0	0	0	0	0	0	0	0	0	0	0	0	0	0	0	0	0	0	0	0	0
0	0	0	113	0	0	0	0	0	0	0	0	0	9	0	18	0	0	0	0	142	0	0	0	0	0	0	0	0	0	0	0	40	0	0	0	0	0	0	0	0	0	0	0	0	0	0	0	0	0	0	0	0	0	0	0	0	5	0	0	0	0	0	1	26	5	0	10	0	0	0	0	0	0	0
0	0	0	0	0	0	0	0	0	0	0	0	0	0	0	0	0	0	0	0	0	0	0	0	0	0	0	0	0	0	0	0	0	0	0	0	0	0	0	0	0	0	0	0	0	0	0	0	0	0	0	0	0	0	0	0	0	0	0	0	0	0	0	0	0	0	0	0	0	0	0	0	0	0	0
0	232	6	582	0	0	114	0	0	0	0	0	0	36	0	377	0	24	0	35	1	2	0	0	246	0	0	10	215	27	9	0	2	62	0	0	0	0	8	0	271	0	341	0	0	72	0	0	118	0	4	0	115	21	18	0	6	6	0	4	0	0	0	0	0	166	46	1	0	0	96	0	0	1	60
0	12	21	0	0	0	0	0	0	0	0	0	0	1	0	18	0	45	6	2	70	0	0	0	0	0	0	26	0	0	3	47	0	2	2	0	0	0	98	0	0	0	22	37	0	0	0	0	0	0	26	0	0	0	0	2	0	4	0	17	0	0	0	0	0	0	42	0	0	0	4	56	0	2	0
0	0	0	0	0	0	0	0	0	0	0	0	0	0	0	0	0	0	0	0	0	0	0	0	0	0	0	0	0	0	0	0	0	0	0	0	0	0	0	0	0	0	0	0	0	0	0	0	0	0	0	0	0	0	0	0	0	0	0	0	0	0	0	0	0	0	0	0	0	0	0	0	0	0	0
0	0	8	43	5	10	24	0	9	0	36	1	0	0	0	109	68	0	72	29	4	19	0	0	0	11	34	0	39	43	2	1	58	5	1	0	63	0	3	6	24	0	36	0	740	111	3	0	1	4	1	20	26	28	58	4	0	55	0	8	0	0	0	7	15	7	5	218	0	19	8	5	0	57	7
0	0	0	0	0	0	0	0	0	0	0	0	0	0	0	0	0	0	0	0	0	0	0	0	0	0	0	0	0	0	0	0	0	0	0	0	0	0	0	0	0	0	0	0	0	0	0	0	0	0	0	0	0	0	0	0	0	0	0	0	0	0	0	0	0	0	0	0	0	0	0	0	0	0	0
0	0	6	265	1	7	133	0	18	0	377	18	0	109	0	0	333	0	16	304	12	1	0	0	2	0	37	0	0	343	1	0	290	296	15	0	52	0	2	0	46	0	563	0	0	384	0	0	18	5	1	7	1	0	23	302	0	116	0	0	0	0	0	15	66	0	10	173	0	37	360	2	0	22	0
0	2	0	1	3	3	0	0	0	0	0	0	0	68	0	333	0	6	19	175	458	9	0	0	6	0	141	5	2	0	0	0	50	0	3	0	0	0	4	0	624	0	27	7	0	0	0	0	0	0	61	0	1	4	5	1	0	7	0	1	0	0	0	280	48	2	0	500	0	46	0	0	2	0	0
0	120	33	7	3	1	2	0	0	0	24	45	0	0	0	0	6	0	207	0	325	120	0	0	245	0	0	613	596	0	111	5	4	56	0	0	0	0	417	5	748	0	14	279	0	0	0	0	79	0	453	0	28	239	204	2	5	14	0	10	0	0	0	1	0	301	55	2	0	1	5	8	0	1	6
0	6	2	4	0	0	1	0	0	0	0	6	0	72	0	16	19	207	0	1	2	254	0	0	154	0	12	321	268	0	136	11	1	112	0	0	43	0	290	10	18	1	11	8	0	54	0	0	213	1	0	58	173	117	183	1	1	42	0	63	0	0	0	3	2	263	98	80	0	3	3	50	0	15	59
0	0	0	5	0	0	0	0	0	0	35	2	0	29	0	304	175	0	1	0	2	0	0	0	0	0	0	0	1	171	0	0	34	147	0	0	0	0	0	6	9	0	154	0	0	187	0	0	0	46	0	0	0	56	2	26	0	15	0	0	0	0	0	0	10	1	2	1	0	0	98	5	0	1	2
0	6	0	21	50	5	0	0	142	0	1	70	0	4	0	12	458	325	2	2	0	9	0	0	20	0	2	568	0	0	536	22	13	186	3	0	0	0	61	12	865	0	126	123	0	78	0	0	0	0	1165	0	11	11	17	0	0	9	0	69	0	0	0	1	10	1	38	3	0	28	327	36	0	8	0
0	843	8	160	0	1	19	0	0	0	2	0	0	19	0	1	9	120	254	0	9	0	0	0	175	0	0	173	650	0	35	1	0	2	0	0	0	0	40	0	277	0	2	14	0	8	0	0	178	0	276	4	391	420	5	0	56	3	0	21	0	0	0	1	1	41	0	3	0	0	2	6	0	2	6
0	0	0	0	0	0	0	0	0	0	0	0	0	0	0	0	0	0	0	0	0	0	0	0	0	0	0	0	0	0	0	0	0	0	0	0	0	0	0	0	0	0	0	0	0	0	0	0	0	0	0	0	0	0	0	0	0	0	0	0	0	0	0	0	0	0	0	0	0	0	0	0	0	0	0
0	0	0	0	0	0	0	0	0	0	0	0	0	0	0	0	0	0	0	0	0	0	0	0	0	0	0	0	0	0	0	0	0	0	0	0	0	0	0	0	0	0	0	0	0	0	0	0	0	0	0	0	0	0	0	0	0	0	0	0	0	0	0	0	0	0	0	0	0	0	0	0	0	0	0
0	12	31	4	0	0	5	0	0	0	246	0	0	0	0	2	6	245	154	0	20	175	0	0	0	0	17	177	809	0	250	53	3	43	0	0	0	0	546	26	193	0	27	17	0	0	0	0	97	4	90	1	197	39	615	1	9	15	0	72	0	0	0	1	0	1001	16	77	0	1	3	142	0	13	5
0	0	0	1	0	0	1	0	0	0	0	0	0	11	0	0	0	0	0	0	0	0	0	0	0	0	9	1	0	0	0	0	0	0	0	0	0	0	0	0	27	0	0	19	0	0	0	0	0	0	21	0	4	1	0	0	0	0	0	0	0	0	0	4	1	0	0	6	0	11	2	0	0	0	0
0	0	0	16	0	0	0	0	0	0	0	0	0	34	0	37	141	0	12	0	2	0	0	0	17	9	0	0	0	0	0	0	38	1	1	0	179	0	2	1	20	89	42	3	0	0	0	0	2	85	2	0	0	0	5	1	0	5	0	52	0	0	0	687	478	20	15	843	0	546	0	23	0	114	0
0	127	31	2	2	2	0	0	0	0	10	26	0	0	0	0	5	613	321	0	568	173	0	0	177	1	0	0	754	0	347	17	3	155	0	0	0	0	538	5	882	0	18	239	0	0	0	0	109	6	581	0	59	52	310	0	43	16	0	22	0	0	0	3	1	272	55	2	0	2	4	50	0	2	12
0	382	231	16	1	0	9	0	0	0	215	0	0	39	0	0	2	596	268	1	0	650	0	0	809	0	0	754	0	0	152	82	13	129	0	0	1	0	614	49	315	0	43	18	0	12	0	0	52	7	0	9	615	422	535	0	29	24	0	27	0	0	0	1	2	1056	1	18	0	0	9	40	0	31	15
0	0	5	37	1	7	15	0	0	0	27	0	0	43	0	343	0	0	0	171	0	0	0	0	0	0	0	0	0	0	0	0	25	0	120	0	0	0	0	0	0	0	302	2	0	0	0	0	0	0	0	0	0	0	0	103	0	235	0	0	0	0	0	2	11	0	17	33	0	1	12	0	0	0	0
0	4	1	219	0	1	64	0	0	0	9	3	0	2	0	1	0	111	136	0	536	35	0	0	250	0	0	347	152	0	0	0	0	0	0	0	0	0	0	0	739	0	7	2	0	0	0	0	61	0	257	0	31	150	6	0	0	1	0	34	0	0	0	1	0	8	0	1	0	1	0	0	0	0	0
0	30	3	0	65	0	0	0	0	0	0	47	0	1	0	0	0	5	11	0	22	1	0	0	53	0	0	17	82	0	0	0	0	0	0	0	0	0	58	0	10	0	2	440	0	0	0	0	0	0	301	0	0	1	3	0	2	0	0	56	0	0	0	1	0	137	25	0	0	0	0	0	0	0	0
0	0	6	50	5	15	0	0	40	0	2	0	0	58	0	290	50	4	1	34	13	0	0	0	3	0	38	3	13	25	0	0	0	0	190	0	50	0	0	4	3	22	310	6	0	106	0	0	0	6	12	0	6	0	2	154	0	210	0	0	0	0	0	35	243	13	4	327	0	26	136	1	0	20	0
0	6	6	94	0	3	81	0	0	0	62	2	0	5	0	296	0	56	112	147	186	2	0	0	43	0	1	155	129	0	0	0	0	0	0	0	0	0	105	0	480	0	326	123	0	0	0	0	26	0	123	0	3	2	14	0	3	2	0	1	0	0	0	1	0	150	118	0	0	1	41	0	0	0	0
0	0	0	0	0	0	0	0	0	0	0	2	0	1	0	15	3	0	0	0	3	0	0	0	0	0	1	0	0	120	0	0	190	0	0	0	1	0	0	1	0	0	0	0	0	3	0	0	0	0	0	0	1	0	0	391	0	306	0	0	0	0	0	0	2	0	0	5	0	1	1	0	0	2	0
0	0	0	0	0	0	0	0	0	0	0	0	0	0	0	0	0	0	0	0	0	0	0	0	0	0	0	0	0	0	0	0	0	0	0	0	0	0	0	0	0	0	0	0	0	0	0	0	0	0	0	0	0	0	0	0	0	0	0	0	0	0	0	0	0	0	0	0	0	0	0	0	0	0	0
0	0	1	31	3	0	0	0	0	0	0	0	0	63	0	52	0	0	43	0	0	0	0	0	0	0	179	0	1	0	0	0	50	0	1	0	0	0	1	0	0	0	0	1	0	0	0	0	22	0	0	0	2	8	4	0	0	3	0	0	0	0	0	23	343	10	2	307	0	33	0	0	0	0	0
0	0	0	0	0	0	0	0	0	0	0	0	0	0	0	0	0	0	0	0	0	0	0	0	0	0	0	0	0	0	0	0	0	0	0	0	0	0	0	0	0	0	0	0	0	0	0	0	0	0	0	0	0	0	0	0	0	0	0	0	0	0	0	0	0	0	0	0	0	0	0	0	0	0	0
0	90	12	2	18	0	0	0	0	0	8	98	0	3	0	2	4	417	290	0	61	40	0	0	546	0	2	538	614	0	0	58	0	105	0	0	1	0	0	3	291	0	30	894	0	0	0	0	80	1	572	0	37	119	316	1	17	17	0	202	0	0	0	11	0	796	198	3	0	1	5	64	0	14	0
0	0	0	0	2	0	0	0	0	0	0	0	0	6	0	0	0	5	10	6	12	0	0	0	26	0	1	5	49	0	0	0	4	0	1	0	0	0	3	0	145	0	0	382	0	0	0	0	2	0	196	0	5	21	7	0	0	0	0	0	0	0	0	193	0	28	1	2	0	191	0	0	0	0	0
0	127	6	33	2	13	46	0	0	0	271	0	0	24	0	46	624	748	18	9	865	277	0	0	193	27	20	882	315	0	739	10	3	480	0	0	0	0	291	145	0	0	105	158	0	218	0	0	67	5	1093	18	78	11	170	1	31	1	0	161	0	0	0	4	4	306	0	89	0	12	12	224	0	20	497
0	0	0	2	66	0	0	0	0	0	0	0	0	0	0	0	0	0	1	0	0	0	0	0	0	0	89	0	0	0	0	0	22	0	0	0	0	0	0	0	0	0	0	108	0	0	0	0	0	0	93	0	0	7	0	0	0	1	0	9	0	0	0	411	2	4	0	3	0	309	0	0	0	0	0
0	75	232	401	3	1	106	0	0	0	341	22	0	36	0	563	27	14	11	154	126	2	0	0	27	0	42	18	43	302	7	2	310	326	0	0	0	0	30	0	105	0	0	58	0	110	0	0	9	0	59	0	21	9	11	31	35	8	0	18	0	0	0	2	10	29	184	61	0	17	343	7	0	9	124
0	47	18	2	53	1	0	0	0	0	0	37	0	0	0	0	7	279	8	0	123	14	0	0	17	19	3	239	18	2	2	440	6	123	0	0	1	0	894	382	158	108	58	0	0	3	0	0	2	101	1183	0	13	0	810	2	7	22	0	511	0	0	0	577	6	331	21	7	0	5	23	336	0	143	10
0	0	0	0	0	0	0	0	0	0	0	0	0	740	0	0	0	0	0	0	0	0	0	0	0	0	0	0	0	0	0	0	0	0	0	0	0	0	0	0	0	0	0	0	0	0	0	0	0	0	0	0	0	0	0	0	0	0	0	0	0	0	0	0	0	1	7	0	0	16	0	0	0	0	0
0	0	0	167	1	0	79	0	0	0	72	0	0	111	0	384	0	0	54	187	78	8	0	0	0	0	0	0	12	0	0	0	106	0	3	0	0	0	0	0	218	0	110	3	0	0	0	0	0	0	0	0	4	32	2	18	0	300	0	3	0	0	0	0	6	1	0	31	0	6	9	0	0	0	0
0	0	0	0	0	0	0	0	0	0	0	0	0	3	0	0	0	0	0	0	0	0	0	0	0	0	0	0	0	0	0	0	0	0	0	0	0	0	0	0	0	0	0	0	0	0	0	0	0	0	0	0	0	0	0	0	0	0	0	0	0	0	0	0	0	0	0	0	0	0	0	0	0	3	0
0	0	0	0	0	0	0	0	0	0	0	0	0	0	0	0	0	0	0	0	0	0	0	0	0	0	0	0	0	0	0	0	0	0	0	0	0	0	0	0	0	0	0	0	0	0	0	0	0	0	0	0	0	0	0	0	0	0	0	0	0	0	0	0	0	0	0	0	0	0	0	0	0	0	0
0	196	13	80	6	0	4	0	0	0	118	0	0	1	0	18	0	79	213	0	0	178	0	0	97	0	2	109	52	0	61	0	0	26	0	0	22	0	80	2	67	0	9	2	0	0	0	0	0	0	0	0	111	39	22	0	21	5	0	19	0	0	0	0	0	134	5	1	0	1	69	21	0	1	20
0	0	1	15	4	0	16	0	0	0	0	0	0	4	0	5	0	0	1	46	0	0	0	0	4	0	85	6	7	0	0	0	6	0	0	0	0	0	1	0	5	0	0	101	0	0	0	0	0	0	3	0	0	0	0	0	1	2	0	14	0	0	0	80	2	1	1	133	0	78	0	0	0	0	0
0	19	44	0	3	0	0	0	0	0	4	26	0	1	0	1	61	453	0	0	1165	276	0	0	90	21	2	581	0	0	257	301	12	123	0	0	0	0	572	196	1093	93	59	1183	0	0	0	0	0	3	0	0	43	0	357	0	13	1	0	98	0	0	0	1	0	12	8	1	0	0	28	308	0	95	0
0	2	1	0	1	2	1	0	0	0	0	0	0	20	0	7	0	0	58	0	0	4	0	0	1	0	0	0	9	0	0	0	0	0	0	0	0	0	0	0	18	0	0	0	0	0	0	0	0	0	0	0	10	40	0	15	0	193	0	1	0	0	0	3	0	6	0	1	0	6	0	0	0	0	0
0	655	299	294	0	4	17	0	0	0	115	0	0	26	0	1	1	28	173	0	11	391	0	0	197	4	0	59	615	0	31	0	6	3	1	0	2	0	37	5	78	0	21	13	0	4	0	0	111	0	43	10	0	228	17	0	51	8	0	9	0	0	0	14	11	119	17	27	0	8	2	0	0	3	8
0	131	31	19	0	0	4	0	0	0	21	0	0	28	0	0	4	239	117	56	11	420	0	0	39	1	0	52	422	0	150	1	0	2	0	0	8	0	119	21	11	7	9	0	0	32	0	0	39	0	0	40	228	0	195	0	10	23	0	1	0	0	0	0	0	112	0	18	0	0	0	42	0	13	3
0	19	4	3	1	0	0	0	0	0	18	0	0	58	0	23	5	204	183	2	17	5	0	0	615	0	5	310	535	0	6	3	2	14	0	0	4	0	316	7	170	0	11	810	0	2	0	0	22	0	357	0	17	195	0	1	6	16	0	14	0	0	0	3	2	759	97	214	0	16	3	9	0	3	5
0	0	0	0	0	0	1	0	0	0	0	2	0	4	0	302	1	2	1	26	0	0	0	0	1	0	1	0	0	103	0	0	154	0	391	0	0	0	1	0	1	0	31	2	0	18	0	0	0	0	0	15	0	0	1	0	0	338	0	0	0	0	0	8	13	0	2	5	0	3	0	0	0	4	0
0	1585	69	68	0	0	1	0	0	0	6	0	0	0	0	0	0	5	1	0	0	56	0	0	9	0	0	43	29	0	0	2	0	3	0	0	0	0	17	0	31	0	35	7	0	0	0	0	21	1	13	0	51	10	6	0	0	1	0	0	0	0	0	0	0	14	0	1	0	0	0	0	0	0	0
0	3	12	1	2	0	0	0	5	0	6	4	0	55	0	116	7	14	42	15	9	3	0	0	15	0	5	16	24	235	1	0	210	2	306	0	3	0	17	0	1	1	8	22	0	300	0	0	5	2	1	193	8	23	16	338	1	0	0	15	0	0	0	1	5	80	7	74	0	31	0	2	0	3	3
0	0	0	0	0	0	0	0	0	0	0	0	0	0	0	0	0	0	0	0	0	0	0	0	0	0	0	0	0	0	0	0	0	0	0	0	0	0	0	0	0	0	0	0	0	0	0	0	0	0	0	0	0	0	0	0	0	0	0	0	0	0	0	0	0	0	0	0	0	0	0	0	0	0	0
0	69	2	1	55	1	0	0	0	0	4	17	0	8	0	0	1	10	63	0	69	21	0	0	72	0	52	22	27	0	34	56	0	1	0	0	0	0	202	0	161	9	18	511	0	3	0	0	19	14	98	1	9	1	14	0	0	15	0	0	0	0	0	448	8	301	4	22	0	506	1	52	0	55	0
0	0	0	0	0	0	0	0	0	0	0	0	0	0	0	0	0	0	0	0	0	0	0	0	0	0	0	0	0	0	0	0	0	0	0	0	0	0	0	0	0	0	0	0	0	0	0	0	0	0	0	0	0	0	0	0	0	0	0	0	0	0	0	0	0	0	0	0	0	0	0	0	0	0	0
0	0	0	0	0	0	0	0	0	0	0	0	0	0	0	0	0	0	0	0	0	0	0	0	0	0	0	0	0	0	0	0	0	0	0	0	0	0	0	0	0	0	0	0	0	0	0	0	0	0	0	0	0	0	0	0	0	0	0	0	0	0	0	0	0	0	0	0	0	0	0	0	0	0	0
0	0	0	0	0	0	0	0	0	0	0	0	0	0	0	0	0	0	0	0	0	0	0	0	0	0	0	0	0	0	0	0	0	0	0	0	0	0	0	0	0	0	0	0	0	0	0	0	0	0	0	0	0	0	0	0	0	0	0	0	0	0	0	0	0	0	0	0	0	0	0	0	0	0	0
0	0	2	1	80	0	0	0	1	0	0	0	0	7	0	15	280	1	3	0	1	1	0	0	1	4	687	3	1	2	1	1	35	1	0	0	23	0	11	193	4	411	2	577	0	0	0	0	0	80	1	3	14	0	3	8	0	1	0	448	0	0	0	0	52	3	0	1229	0	1163	0	1	0	222	0
0	0	0	110	11	0	0	0	26	0	0	0	0	15	0	66	48	0	2	10	10	1	0	0	0	1	478	1	2	11	0	0	243	0	2	0	343	0	0	0	4	2	10	6	0	6	0	0	0	2	0	0	11	0	2	13	0	5	0	8	0	0	0	52	0	9	0	1814	0	49	1	1	0	101	0
0	16	40	4	2	0	3	0	5	0	166	0	0	7	0	0	2	301	263	1	1	41	0	0	1001	0	20	272	1056	0	8	137	13	150	0	0	10	0	796	28	306	4	29	331	1	1	0	0	134	1	12	6	119	112	759	0	14	80	0	301	0	0	0	3	9	0	30	20	0	28	0	122	0	11	20
0	4	90	1	0	0	5	0	0	0	46	42	0	5	0	10	0	55	98	2	38	0	0	0	16	0	15	55	1	17	0	25	4	118	0	0	2	0	198	1	0	0	184	21	7	0	0	0	5	1	8	0	17	0	97	2	0	7	0	4	0	0	0	0	0	30	0	39	0	17	67	236	0	10	16
0	4	3	93	12	6	0	0	10	0	1	0	0	218	0	173	500	2	80	1	3	3	0	0	77	6	843	2	18	33	1	0	327	0	5	0	307	0	3	2	89	3	61	7	0	31	0	0	1	133	1	1	27	18	214	5	1	74	0	22	0	0	0	1229	1814	20	39	0	0	490	0	16	0	200	36
0	0	0	0	0	0	0	0	0	0	0	0	0	0	0	0	0	0	0	0	0	0	0	0	0	0	0	0	0	0	0	0	0	0	0	0	0	0	0	0	0	0	0	0	0	0	0	0	0	0	0	0	0	0	0	0	0	0	0	0	0	0	0	0	0	0	0	0	0	0	0	0	0	0	0
0	0	0	2	2	0	0	0	0	0	0	0	0	19	0	37	46	1	3	0	28	0	0	0	1	11	546	2	0	1	1	0	26	1	1	0	33	0	1	191	12	309	17	5	16	6	0	0	1	78	0	6	8	0	16	3	0	31	0	506	0	0	0	1163	49	28	17	490	0	0	1	8	0	126	1
0	34	233	139	1	0	96	0	0	0	96	4	0	8	0	360	0	5	3	98	327	2	0	0	3	2	0	4	9	12	0	0	136	41	1	0	0	0	5	0	12	0	343	23	0	9	0	0	69	0	28	0	2	0	3	0	0	0	0	1	0	0	0	0	1	0	67	0	0	1	0	3	0	0	2
0	18	2	2	31	0	12	0	0	0	0	56	0	5	0	2	0	8	50	5	36	6	0	0	142	0	23	50	40	0	0	0	1	0	0	0	0	0	64	0	224	0	7	336	0	0	0	0	21	0	308	0	0	42	9	0	0	2	0	52	0	0	0	1	1	122	236	16	0	8	3	0	0	0	0
0	0	0	0	0	0	0	0	0	0	0	0	0	0	0	0	2	0	0	0	0	0	0	0	0	0	0	0	0	0	0	0	0	0	0	0	0	0	0	0	0	0	0	0	0	0	0	0	0	0	0	0	0	0	0	0	0	0	0	0	0	0	0	0	0	0	0	0	0	0	0	0	0	0	0
0	6	5	12	0	12	0	0	0	0	1	2	0	57	0	22	0	1	15	1	8	2	0	0	13	0	114	2	31	0	0	0	20	0	2	0	0	0	14	0	20	0	9	143	0	0	3	0	1	0	95	0	3	13	3	4	0	3	0	55	0	0	0	222	101	11	10	200	0	126	0	0	0	0	0
0	2	1	375	1	1	66	0	0	0	60	0	0	7	0	0	0	6	59	2	0	6	0	0	5	0	0	12	15	0	0	0	0	0	0	0	0	0	0	0	497	0	124	10	0	0	0	0	20	0	0	0	8	3	5	0	0	3	0	0	0	0	0	0	0	20	16	36	0	1	2	0	0	0	0
