0	0	0	0	0	0	0	0	0	0	0	0	0	0	0	0	0	0	0	0	0	0	0	0	0	0	0	0	0	0	0	0	0	0	0	0	0	0	0	0	0	0	0	0	0	0	0	0	0	0	0	0	0	0	0	0	0	0	0	0	0	0	0	0	0	0	0	0	0	0	0	0	0	0	0
0	0	1006	165	0	0	0	6	0	0	304	1	750	0	0	3	0	76	18	2	2	459	0	0	19	0	0	45	521	0	4	0	0	100	0	0	0	0	8	22	9	0	43	1	0	0	0	0	194	0	0	0	509	235	23	0	1132	4	720	20	0	0	0	0	0	15	175	0	0	1	3	10	0	0	0
0	1006	0	4	11	4	0	6	2	0	29	0	315	0	0	0	0	31	5	0	109	17	0	0	31	0	0	36	55	1	1	1	3	231	0	0	0	0	9	4	39	0	244	2	0	0	0	0	37	0	0	0	553	7	6	0	388	11	26	2	0	0	1	1	65	30	203	0	0	1	479	2	0	4	2
0	165	4	0	3	0	231	4	73	0	389	13	28	105	0	212	5	3	23	1	1	142	0	0	8	0	0	11	4	42	145	0	63	89	0	0	4	0	6	16	48	5	183	2	0	243	0	0	304	30	0	0	130	8	5	0	36	8	11	60	51	0	0	3	3	5	30	86	0	6	143	14	1	27	218
0	0	11	3	0	251	0	14	16	0	71	1	1	0	0	2	14	35	274	3	113	121	0	0	63	0	344	2	6	0	1	147	12	20	6	0	1	0	1200	275	149	196	178	504	0	0	0	0	28	343	0	1	92	17	381	0	1	15	80	743	0	0	5	1095	10	95	40	7	0	1254	6	602	70	532	23
0	0	4	0	251	0	0	1	3	0	2	0	0	0	0	7	10	36	9	75	48	0	0	0	8	0	6	170	1	0	32	1	7	29	1	0	4	0	35	0	325	1	39	0	0	5	0	0	0	1	0	0	8	0	10	0	0	7	3	17	0	0	0	10	4	1	2	13	0	3	4	3	19	2	0
0	0	0	231	0	0	0	0	0	0	0	20	0	0	0	3	0	0	0	0	0	0	0	0	0	0	0	0	0	0	0	0	0	0	0	0	0	0	0	0	0	0	0	0	0	0	0	0	1	0	0	0	0	1	0	0	0	0	0	0	0	0	0	0	0	0	0	0	0	0	0	0	0	0	0
0	6	6	4	14	1	0	0	0	0	263	0	0	0	0	0	0	43	410	1	1	12	0	0	363	0	0	99	210	0	0	0	3	0	0	0	0	0	153	1	28	1	9	0	0	0	0	0	104	9	0	0	36	20	150	0	0	21	41	50	0	0	0	7	35	344	81	1	0	4	0	8	1	4	1
0	0	2	73	16	3	0	0	0	0	0	0	0	44	0	4	56	2	15	8	558	0	0	0	2	0	6	0	0	0	0	0	66	0	39	0	0	0	10	0	28	0	11	0	0	1	0	0	2	0	0	0	2	0	1	0	0	2	0	0	21	0	1	2	197	19	1	28	0	22	59	0	0	0	0
0	0	0	0	0	0	0	0	0	0	0	0	0	0	0	0	0	0	0	0	0	0	0	0	0	0	0	0	0	0	0	0	0	0	0	0	0	0	0	0	0	0	0	0	0	0	0	0	0	0	0	0	0	0	0	0	0	0	0	0	0	0	0	0	0	0	0	0	0	0	0	0	0	0	0
0	304	29	389	71	2	0	263	0	0	0	0	14	102	0	212	1	196	608	67	2	203	0	0	416	0	0	298	563	49	212	1	10	229	0	0	1	0	432	32	419	1	167	1	0	111	0	0	136	14	0	11	238	16	245	0	109	49	114	188	0	0	5	1	0	348	159	12	0	4	126	68	17	30	223
0	1	0	13	1	0	20	0	0	0	0	0	0	0	0	83	0	0	0	2	0	0	0	0	0	0	0	0	0	0	0	0	0	0	30	0	0	0	0	0	0	0	0	0	0	0	0	0	0	0	0	0	1	0	1	0	0	1	0	6	20	0	1	0	0	0	0	2	0	0	0	1	0	0	2
0	750	315	28	1	0	0	0	0	0	14	0	0	51	0	3	0	1	4	0	0	1	0	0	2	0	0	1	92	0	0	0	12	0	0	0	0	0	0	0	4	0	0	8	0	0	0	0	0	0	0	0	147	7	0	0	80	0	0	0	10	0	0	3	0	2	0	15	0	0	2	0	0	0	0
0	0	0	105	0	0	0	0	44	0	102	0	51	0	0	46	6	0	1	0	0	0	0	0	27	0	37	0	19	60	1	0	93	0	3	0	44	0	0	0	15	0	25	3	448	77	0	0	1	0	0	23	0	0	19	0	0	126	3	1	50	0	22	2	8	4	17	262	0	63	13	110	74	65	3
0	0	0	0	0	0	0	0	0	0	0	0	0	0	0	0	0	0	0	0	0	0	0	0	0	0	0	0	0	0	0	0	0	0	0	0	0	0	0	0	0	0	0	0	0	0	0	0	0	0	0	0	0	0	0	0	0	0	0	0	0	0	0	0	0	0	0	0	0	0	0	0	0	0	0
0	3	0	212	2	7	3	0	4	0	212	83	3	46	0	0	144	0	13	308	0	0	0	0	18	0	11	0	0	410	0	0	514	96	10	0	4	0	1	2	46	1	353	0	0	415	0	0	5	2	0	0	2	0	4	0	0	227	4	0	12	0	207	6	16	0	73	81	0	8	458	32	9	19	0
0	0	0	5	14	10	0	0	56	0	1	0	0	6	0	144	0	0	2	235	733	0	0	0	5	0	254	4	2	1	33	0	49	0	9	0	0	0	2	0	329	0	30	8	0	167	0	0	0	0	0	0	1	2	1	0	0	2	0	0	2	0	121	130	226	12	2	407	0	78	3	1	9	1	0
0	76	31	3	35	36	0	43	2	0	196	0	1	0	0	0	0	0	224	1	235	49	0	0	93	0	2	558	147	0	69	12	3	56	1	0	0	0	252	27	487	0	27	70	0	2	0	0	60	2	0	3	39	190	71	0	7	26	73	17	0	0	2	2	12	123	48	22	0	7	1	38	2	7	0
0	18	5	23	274	9	0	410	15	0	608	0	4	1	0	13	2	224	0	2	17	389	0	0	854	0	8	157	697	0	243	15	0	9	9	0	36	0	927	34	152	1	46	248	1	33	0	0	227	20	0	15	413	31	723	0	6	69	297	192	0	0	0	13	5	1216	25	115	0	4	3	307	16	49	5
0	2	0	1	3	75	0	1	8	0	67	2	0	0	0	308	235	1	2	0	29	0	0	0	1	0	5	1	0	89	1	0	147	86	6	0	0	0	2	2	89	1	144	0	0	284	0	0	0	30	0	15	3	8	0	0	0	75	15	2	1	0	243	54	4	22	0	19	0	7	27	35	74	22	1
0	2	109	1	113	48	0	1	558	0	2	0	0	0	0	0	733	235	17	29	0	87	0	0	29	0	36	239	0	2	1074	16	29	478	4	0	12	0	202	412	1238	10	427	111	0	3	0	0	0	2	0	0	16	4	24	0	1	1	0	62	0	0	10	9	50	1	53	53	0	18	755	78	42	206	0
0	459	17	142	121	0	0	12	0	0	203	0	1	0	0	0	0	49	389	0	87	0	0	0	256	0	0	248	187	0	32	0	0	12	0	0	9	0	25	10	178	0	5	77	0	0	0	0	202	0	0	0	345	249	9	0	93	6	38	8	0	0	0	0	1	21	16	2	0	3	0	0	2	3	4
0	0	0	0	0	0	0	0	0	0	0	0	0	0	0	0	0	0	0	0	0	0	0	0	0	0	0	0	0	0	0	0	0	0	0	0	0	0	0	0	0	0	0	0	0	0	0	0	0	0	0	0	0	0	0	0	0	0	0	0	0	0	0	0	0	0	0	0	0	0	0	0	0	0	0
0	0	0	0	0	0	0	0	0	0	0	0	0	0	0	0	0	0	0	0	0	0	0	0	0	0	0	0	0	0	0	0	0	0	0	0	0	0	0	0	0	0	0	0	0	0	0	0	0	0	0	0	0	0	0	0	0	0	0	0	0	0	0	0	0	0	0	0	0	0	0	0	0	0	0
0	19	31	8	63	8	0	363	2	0	416	0	2	27	0	18	5	93	854	1	29	256	0	0	0	0	0	21	489	6	240	1	6	7	0	0	2	0	826	75	93	0	54	7	0	18	0	0	154	16	0	12	286	8	629	0	18	42	311	120	0	0	1	3	0	875	42	38	0	12	3	263	0	30	3
0	0	0	0	0	0	0	0	0	0	0	0	0	0	0	0	0	0	0	0	0	0	0	0	0	0	0	0	0	0	0	0	0	0	0	0	0	0	0	0	0	0	0	0	4	0	0	0	0	0	0	0	0	0	0	0	0	0	0	0	0	0	0	0	0	0	0	0	0	0	0	0	0	0	0
0	0	0	0	344	6	0	0	6	0	0	0	0	37	0	11	254	2	8	5	36	0	0	0	0	0	0	0	1	8	1	0	24	1	4	0	91	0	1	0	14	80	39	1	0	151	0	0	0	80	0	17	1	0	2	0	0	49	1	52	0	0	21	423	548	2	3	1200	0	807	53	2	123	221	0
0	45	36	11	2	170	0	99	0	0	298	0	1	0	0	0	4	558	157	1	239	248	0	0	21	0	0	0	203	0	405	0	4	197	0	0	0	0	586	42	354	0	28	5	0	1	0	0	30	3	0	0	43	21	179	0	12	15	310	52	0	0	0	0	8	38	122	0	0	0	4	50	28	25	4
0	521	55	4	6	1	0	210	0	0	563	0	92	19	0	0	2	147	697	0	0	187	0	0	489	0	1	203	0	3	100	0	2	4	0	0	1	0	188	15	51	0	43	0	0	56	0	0	141	8	0	63	298	267	175	0	126	64	242	80	0	0	6	0	0	307	42	11	0	1	0	4	1	23	9
0	0	1	42	0	0	0	0	0	0	49	0	0	60	0	410	1	0	0	89	2	0	0	0	6	0	8	0	3	0	0	0	113	0	25	0	0	0	0	0	24	0	107	0	0	61	0	0	0	0	0	0	0	0	1	0	0	278	1	0	37	0	6	2	4	0	14	50	0	15	108	0	0	0	0
0	4	1	145	1	32	0	0	0	0	212	0	0	1	0	0	33	69	243	1	1074	32	0	0	240	0	1	405	100	0	0	0	1	0	0	0	0	0	2	0	579	0	13	3	0	2	0	0	130	0	0	0	60	182	4	0	2	0	0	0	0	0	0	0	1	1	5	1	0	3	1	0	0	0	0
0	0	1	0	147	1	0	0	0	0	1	0	0	0	0	0	0	12	15	0	16	0	0	0	1	0	0	0	0	0	0	0	0	0	0	0	0	0	33	0	18	0	2	157	0	0	0	0	0	0	0	0	0	0	12	0	0	2	0	0	0	0	0	1	1	91	6	1	0	0	0	0	0	0	0
0	0	3	63	12	7	0	3	66	0	10	0	12	93	0	514	49	3	0	147	29	0	0	0	6	0	24	4	2	113	1	0	0	0	343	0	31	0	4	2	13	15	303	0	0	244	0	0	0	9	0	1	1	0	13	0	0	349	0	0	98	0	115	41	117	18	54	218	0	21	171	24	3	44	1
0	100	231	89	20	29	0	0	0	0	229	0	0	0	0	96	0	56	9	86	478	12	0	0	7	0	1	197	4	0	0	0	0	0	0	0	0	0	3	0	217	0	63	1	0	2	0	0	86	0	0	0	2	17	8	0	13	1	0	0	0	0	0	2	1	0	0	2	0	1	5	0	0	0	1
0	0	0	0	6	1	0	0	39	0	0	30	0	3	0	10	9	1	9	6	4	0	0	0	0	0	4	0	0	25	0	0	343	0	0	0	1	0	8	0	16	3	16	1	0	4	0	0	0	5	0	3	24	0	3	0	1	564	1	0	362	0	264	9	52	0	0	24	0	8	1	1	11	29	1
0	0	0	0	0	0	0	0	0	0	0	0	0	0	0	0	0	0	0	0	0	0	0	0	0	0	0	0	0	0	0	0	0	0	0	0	0	0	0	0	0	0	0	0	0	0	0	0	0	0	0	0	0	0	0	0	0	0	0	0	0	0	0	0	0	0	0	0	0	0	0	0	0	0	0
0	0	0	4	1	4	0	0	0	0	1	0	0	44	0	4	0	0	36	0	12	9	0	0	2	0	91	0	1	0	0	0	31	0	1	0	0	0	0	0	1	0	1	1	0	0	0	0	17	0	0	0	2	0	0	0	0	19	0	0	5	0	1	2	159	0	0	288	0	207	0	0	0	0	0
0	0	0	0	0	0	0	0	0	0	0	0	0	0	0	0	0	0	0	0	0	0	0	0	0	0	0	0	0	0	0	0	0	0	0	0	0	0	0	0	0	0	0	0	0	0	0	0	0	0	0	0	0	0	0	0	0	0	0	0	0	0	0	0	0	0	0	0	0	0	0	0	0	0	0
0	8	9	6	1200	35	0	153	10	0	432	0	0	0	0	1	2	252	927	2	202	25	0	0	826	0	1	586	188	0	2	33	4	3	8	0	0	0	0	24	86	0	20	398	0	1	0	0	260	4	0	1	126	45	218	0	1	22	21	60	0	0	0	153	19	478	244	3	0	6	2	153	2	46	4
0	22	4	16	275	0	0	1	0	0	32	0	0	0	0	2	0	27	34	2	412	10	0	0	75	0	0	42	15	0	0	0	2	0	0	0	0	0	24	0	132	0	10	208	0	0	0	0	0	0	0	0	11	10	5	0	1	3	0	0	0	0	0	6	1	17	0	6	0	31	3	0	0	0	0
0	9	39	48	149	325	0	28	28	0	419	0	4	15	0	46	329	487	152	89	1238	178	0	0	93	0	14	354	51	24	579	18	13	217	16	0	1	0	86	132	0	4	185	22	0	141	0	0	21	16	0	13	90	32	89	0	2	52	63	398	7	0	6	46	26	102	10	177	0	13	13	76	100	76	205
0	0	0	5	196	1	0	1	0	0	1	0	0	0	0	1	0	0	1	1	10	0	0	0	0	0	80	0	0	0	0	0	15	0	3	0	0	0	0	0	4	0	1	20	0	0	0	0	0	0	0	0	1	1	0	0	0	0	0	0	0	0	0	121	75	1	1	5	0	221	0	0	0	0	0
0	43	244	183	178	39	0	9	11	0	167	0	0	25	0	353	30	27	46	144	427	5	0	0	54	0	39	28	43	107	13	2	303	63	16	0	1	0	20	10	185	1	0	18	0	53	0	0	202	3	0	2	29	1	11	0	13	25	1	7	7	0	11	13	59	39	27	180	0	31	166	10	11	18	26
0	1	2	2	504	0	0	0	0	0	1	0	8	3	0	0	8	70	248	0	111	77	0	0	7	0	1	5	0	0	3	157	0	1	1	0	1	0	398	208	22	20	18	0	0	1	0	0	0	40	0	0	4	0	298	0	0	8	7	321	0	0	1	208	2	112	5	5	0	2	4	359	6	266	0
0	0	0	0	0	0	0	0	0	0	0	0	0	448	0	0	0	0	1	0	0	0	0	0	0	4	0	0	0	0	0	0	0	0	0	0	0	0	0	0	0	0	0	0	0	0	0	0	0	0	0	0	0	0	0	0	0	0	0	0	0	0	0	0	0	0	0	0	0	0	0	0	0	0	0
0	0	0	243	0	5	0	0	1	0	111	0	0	77	0	415	167	2	33	284	3	0	0	0	18	0	151	1	56	61	2	0	244	2	4	0	0	0	1	0	141	0	53	1	0	0	0	0	6	3	0	70	7	0	0	0	0	403	0	0	5	0	259	29	154	0	0	415	0	67	3	0	8	41	3
0	0	0	0	0	0	0	0	0	0	0	0	0	0	0	0	0	0	0	0	0	0	0	0	0	0	0	0	0	0	0	0	0	0	0	0	0	0	0	0	0	0	0	0	0	0	0	0	0	0	0	0	0	0	0	0	0	0	0	0	0	0	0	0	0	0	0	0	0	0	0	0	0	0	0
0	0	0	0	0	0	0	0	0	0	0	0	0	0	0	0	0	0	0	0	0	0	0	0	0	0	0	0	0	0	0	0	0	0	0	0	0	0	0	0	0	0	0	0	0	0	0	0	0	0	0	0	0	0	0	0	0	0	0	0	0	0	0	0	0	0	0	0	0	0	0	0	0	0	0
0	194	37	304	28	0	1	104	2	0	136	0	0	1	0	5	0	60	227	0	0	202	0	0	154	0	0	30	141	0	130	0	0	86	0	0	17	0	260	0	21	0	202	0	0	6	0	0	0	5	0	0	322	251	68	0	7	69	69	61	0	0	0	0	33	126	73	4	0	0	102	44	19	16	32
0	0	0	30	343	1	0	9	0	0	14	0	0	0	0	2	0	2	20	30	2	0	0	0	16	0	80	3	8	0	0	0	9	0	5	0	0	0	4	0	16	0	3	40	0	3	0	0	5	0	0	0	1	6	2	0	0	2	0	0	0	0	0	81	25	2	0	232	0	225	0	0	0	0	0
0	0	0	0	0	0	0	0	0	0	0	0	0	0	0	0	0	0	0	0	0	0	0	0	0	0	0	0	0	0	0	0	0	0	0	0	0	0	0	0	0	0	0	0	0	0	0	0	0	0	0	0	0	0	0	0	0	0	0	0	0	0	0	0	0	0	0	0	0	0	0	0	0	0	0
0	0	0	0	1	0	0	0	0	0	11	0	0	23	0	0	0	3	15	15	0	0	0	0	12	0	17	0	63	0	0	0	1	0	3	0	0	0	1	0	13	0	2	0	0	70	0	0	0	0	0	0	0	0	0	0	0	178	0	0	193	0	187	0	0	9	0	7	0	6	0	0	0	0	0
0	509	553	130	92	8	0	36	2	0	238	1	147	0	0	2	1	39	413	3	16	345	0	0	286	0	1	43	298	0	60	0	1	2	24	0	2	0	126	11	90	1	29	4	0	7	0	0	322	1	0	0	0	405	34	0	277	18	232	34	0	0	0	6	11	88	11	32	0	18	0	2	2	10	0
0	235	7	8	17	0	1	20	0	0	16	0	7	0	0	0	2	190	31	8	4	249	0	0	8	0	0	21	267	0	182	0	0	17	0	0	0	0	45	10	32	1	1	0	0	0	0	0	251	6	0	0	405	0	4	0	56	2	455	10	0	0	21	0	0	9	0	0	0	4	0	4	0	0	17
0	23	6	5	381	10	0	150	1	0	245	1	0	19	0	4	1	71	723	0	24	9	0	0	629	0	2	179	175	1	4	12	13	8	3	0	0	0	218	5	89	0	11	298	0	0	0	0	68	2	0	0	34	4	0	0	2	29	23	10	0	0	4	5	1	462	161	18	0	10	4	81	4	21	0
0	0	0	0	0	0	0	0	0	0	0	0	0	0	0	0	0	0	0	0	0	0	0	0	0	0	0	0	0	0	0	0	0	0	0	0	0	0	0	0	0	0	0	0	0	0	0	0	0	0	0	0	0	0	0	0	0	0	0	0	0	0	0	0	0	0	0	0	0	0	0	0	0	0	0
0	1132	388	36	1	0	0	0	0	0	109	0	80	0	0	0	0	7	6	0	1	93	0	0	18	0	0	12	126	0	2	0	0	13	1	0	0	0	1	1	2	0	13	0	0	0	0	0	7	0	0	0	277	56	2	0	0	0	73	3	0	0	0	0	0	1	70	2	0	1	0	1	0	0	1
0	4	11	8	15	7	0	21	2	0	49	1	0	126	0	227	2	26	69	75	1	6	0	0	42	0	49	15	64	278	0	2	349	1	564	0	19	0	22	3	52	0	25	8	0	403	0	0	69	2	0	178	18	2	29	0	0	0	12	6	192	0	406	8	24	66	5	182	0	33	1	5	38	16	1
0	720	26	11	80	3	0	41	0	0	114	0	0	3	0	4	0	73	297	15	0	38	0	0	311	0	1	310	242	1	0	0	0	0	1	0	0	0	21	0	63	0	1	7	0	0	0	0	69	0	0	0	232	455	23	0	73	12	0	0	0	0	0	0	1	136	18	36	0	0	0	1	0	1	0
0	20	2	60	743	17	0	50	0	0	188	6	0	1	0	0	0	17	192	2	62	8	0	0	120	0	52	52	80	0	0	0	0	0	0	0	0	0	60	0	398	0	7	321	0	0	0	0	61	0	0	0	34	10	10	0	3	6	0	0	0	0	0	101	6	245	21	3	0	650	0	0	0	0	0
0	0	0	51	0	0	0	0	21	0	0	20	10	50	0	12	2	0	0	1	0	0	0	0	0	0	0	0	0	37	0	0	98	0	362	0	5	0	0	0	7	0	7	0	0	5	0	0	0	0	0	193	0	0	0	0	0	192	0	0	0	0	302	12	0	0	0	32	0	12	1	26	0	19	0
0	0	0	0	0	0	0	0	0	0	0	0	0	0	0	0	0	0	0	0	0	0	0	0	0	0	0	0	0	0	0	0	0	0	0	0	0	0	0	0	0	0	0	0	0	0	0	0	0	0	0	0	0	0	0	0	0	0	0	0	0	0	0	0	0	0	0	0	0	0	0	0	0	0	0
0	0	1	0	5	0	0	0	1	0	5	1	0	22	0	207	121	2	0	243	10	0	0	0	1	0	21	0	6	6	0	0	115	0	264	0	1	0	0	0	6	0	11	1	0	259	0	0	0	0	0	187	0	21	4	0	0	406	0	0	302	0	0	16	37	0	0	28	0	52	2	1	0	2	0
0	0	1	3	1095	10	0	7	2	0	1	0	3	2	0	6	130	2	13	54	9	0	0	0	3	0	423	0	0	2	0	1	41	2	9	0	2	0	153	6	46	121	13	208	0	29	0	0	0	81	0	0	6	0	5	0	0	8	0	101	12	0	16	0	119	6	1	1089	0	794	7	14	5	109	0
0	0	65	3	10	4	0	35	197	0	0	0	0	8	0	16	226	12	5	4	50	1	0	0	0	0	548	8	0	4	1	1	117	1	52	0	159	0	19	1	26	75	59	2	0	154	0	0	33	25	0	0	11	0	1	0	0	24	1	6	0	0	37	119	0	21	0	1503	0	75	5	6	97	152	4
0	15	30	5	95	1	0	344	19	0	348	0	2	4	0	0	12	123	1216	22	1	21	0	0	875	0	2	38	307	0	1	91	18	0	0	0	0	0	478	17	102	1	39	112	0	0	0	0	126	2	0	9	88	9	462	0	1	66	136	245	0	0	0	6	21	0	35	3	0	7	2	221	0	28	1
0	175	203	30	40	2	0	81	1	0	159	0	0	17	0	73	2	48	25	0	53	16	0	0	42	0	3	122	42	14	5	6	54	0	0	0	0	0	244	0	10	1	27	5	0	0	0	0	73	0	0	0	11	0	161	0	70	5	18	21	0	0	0	1	0	35	0	4	0	4	19	21	14	11	5
0	0	0	86	7	13	0	1	28	0	12	2	15	262	0	81	407	22	115	19	53	2	0	0	38	0	1200	0	11	50	1	1	218	2	24	0	288	0	3	6	177	5	180	5	0	415	0	0	4	232	0	7	32	0	18	0	2	182	36	3	32	0	28	1089	1503	3	4	0	0	832	31	65	215	376	64
0	0	0	0	0	0	0	0	0	0	0	0	0	0	0	0	0	0	0	0	0	0	0	0	0	0	0	0	0	0	0	0	0	0	0	0	0	0	0	0	0	0	0	0	0	0	0	0	0	0	0	0	0	0	0	0	0	0	0	0	0	0	0	0	0	0	0	0	0	0	0	0	0	0	0
0	1	1	6	1254	3	0	4	22	0	4	0	0	63	0	8	78	7	4	7	18	3	0	0	12	0	807	0	1	15	3	0	21	1	8	0	207	0	6	31	13	221	31	2	0	67	0	0	0	225	0	6	18	4	10	0	1	33	0	650	12	0	52	794	75	7	4	832	0	0	7	30	175	273	0
0	3	479	143	6	4	0	0	59	0	126	0	2	13	0	458	3	1	3	27	755	0	0	0	3	0	53	4	0	108	1	0	171	5	1	0	0	0	2	3	13	0	166	4	0	3	0	0	102	0	0	0	0	0	4	0	0	1	0	0	1	0	2	7	5	2	19	31	0	7	0	0	1	2	37
0	10	2	14	602	3	0	8	0	0	68	1	0	110	0	32	1	38	307	35	78	0	0	0	263	0	2	50	4	0	0	0	24	0	1	0	0	0	153	0	76	0	10	359	0	0	0	0	44	0	0	0	2	4	81	0	1	5	1	0	26	0	1	14	6	221	21	65	0	30	0	0	0	1	0
0	0	0	1	70	19	0	1	0	0	17	0	0	74	0	9	9	2	16	74	42	2	0	0	0	0	123	28	1	0	0	0	3	0	11	0	0	0	2	0	100	0	11	6	0	8	0	0	19	0	0	0	2	0	4	0	0	38	0	0	0	0	0	5	97	0	14	215	0	175	1	0	0	0	0
0	0	4	27	532	2	0	4	0	0	30	0	0	65	0	19	1	7	49	22	206	3	0	0	30	0	221	25	23	0	0	0	44	0	29	0	0	0	46	0	76	0	18	266	0	41	0	0	16	0	0	0	10	0	21	0	0	16	1	0	19	0	2	109	152	28	11	376	0	273	2	1	0	0	0
0	0	2	218	23	0	0	1	0	0	223	2	0	3	0	0	0	0	5	1	0	4	0	0	3	0	0	4	9	0	0	0	1	1	1	0	0	0	4	0	205	0	26	0	0	3	0	0	32	0	0	0	0	17	0	0	1	1	0	0	0	0	0	0	4	1	5	64	0	0	37	0	0	0	0
