0	0	0	0	0	0	0	0	0	0	0	0	0	0	0	0	0	0	0	0	0	0	0	0	0	0	0	0	0	0	0	0	0	0	0	0	0	0	0	0	0	0	0	0	0	0	0	0	0	0	0	0	0	0	0	0	0	0	0	0	0	0	0	0	0	0	0	0	0	0	0	0	0	0	0
0	0	887	75	0	0	10	0	0	0	709	12	0	0	0	0	0	106	9	0	6	414	0	0	6	0	0	56	80	2	14	22	0	20	0	0	0	0	39	0	45	0	64	38	0	0	0	0	431	0	0	6	814	252	12	0	2032	3	0	40	0	0	0	0	0	11	4	4	0	0	34	6	0	2	2
0	887	0	6	0	11	0	0	0	0	3	20	0	8	0	6	0	31	6	0	0	7	0	0	30	0	0	31	235	5	1	1	6	9	0	0	1	0	13	0	5	0	397	21	0	0	0	0	18	0	39	2	418	23	6	0	229	15	0	2	0	0	0	1	25	46	2	20	0	0	337	0	0	4	1
0	75	6	0	1	2	734	0	146	0	453	0	0	45	0	304	17	2	6	6	22	69	0	0	6	0	16	1	5	43	247	0	55	48	0	0	31	0	1	0	11	17	385	1	0	264	0	0	26	29	0	0	262	11	2	0	4	1	0	4	0	0	1	3	110	0	0	92	0	4	96	0	0	11	163
0	0	0	1	0	0	0	0	13	0	1	3	0	3	0	2	3	6	3	3	114	0	0	0	0	0	0	5	2	4	2	157	13	3	1	0	22	0	49	6	12	148	18	140	0	3	0	0	8	34	0	2	2	0	14	0	0	3	0	129	0	0	1	164	17	2	3	28	0	3	3	99	0	0	0
0	0	11	2	0	0	0	0	0	0	0	0	0	10	0	7	3	1	0	0	5	1	0	0	0	0	0	2	0	7	1	0	15	3	0	0	0	0	0	0	13	0	1	1	0	0	0	0	0	0	0	2	4	0	0	0	0	0	0	1	0	0	0	0	0	0	0	6	0	0	0	0	0	12	1
0	10	0	734	0	0	0	0	0	0	106	0	0	15	0	46	0	0	2	0	0	5	0	0	0	0	0	0	4	3	41	0	0	41	0	0	0	0	0	0	22	0	94	0	0	63	0	0	22	0	0	1	12	1	0	1	6	3	0	1	0	0	0	0	0	1	0	0	0	0	110	12	0	0	54
0	0	0	0	0	0	0	0	0	0	0	0	0	0	0	0	0	0	0	0	0	0	0	0	0	0	0	0	0	0	0	0	0	0	0	0	0	0	0	0	0	0	0	0	0	0	0	0	0	0	0	0	0	0	0	0	0	0	0	0	0	0	0	0	0	0	0	0	0	0	0	0	0	0	0
0	0	0	146	13	0	0	0	0	0	0	0	0	11	0	18	0	0	0	2	142	0	0	0	0	0	0	0	0	0	0	0	137	0	2	0	0	0	0	0	3	0	2	3	0	0	0	0	0	0	0	0	0	0	1	0	0	5	0	0	0	0	0	5	190	6	1	19	0	11	0	0	0	0	0
0	0	0	0	0	0	0	0	0	0	0	0	0	0	0	0	0	0	0	0	0	0	0	0	0	0	0	0	0	0	0	0	0	0	0	0	0	0	0	0	0	0	0	0	0	0	0	0	0	0	0	0	0	0	0	0	0	0	0	0	0	0	0	0	0	0	0	0	0	0	0	0	0	0	0
0	709	3	453	1	0	106	0	0	0	0	0	0	43	0	330	0	0	3	42	1	2	0	0	22	0	0	3	28	34	10	0	2	62	0	0	0	0	1	0	132	0	376	0	0	81	0	0	217	0	0	0	197	21	1	0	39	7	0	17	0	0	0	0	0	14	4	1	0	0	190	0	0	1	68
0	12	20	0	3	0	0	0	0	0	0	0	0	1	0	19	0	45	7	2	70	0	0	0	0	0	0	26	0	0	3	47	7	2	73	0	0	0	89	0	5	0	24	37	0	0	0	0	0	0	26	0	0	0	1	2	0	41	0	17	0	0	0	5	0	0	42	8	0	1	4	54	0	2	0
0	0	0	0	0	0	0	0	0	0	0	0	0	0	0	0	0	0	0	0	0	0	0	0	0	0	0	0	0	0	0	0	0	0	0	0	0	0	0	0	4	0	1	6	0	0	0	0	0	0	0	0	1	0	0	0	0	0	0	2	0	0	0	0	0	0	0	0	0	1	1	0	0	0	0
0	0	8	45	3	10	15	0	11	0	43	1	0	0	0	82	50	1	72	26	1	19	0	0	0	7	30	0	39	66	2	0	47	3	2	0	68	0	3	6	31	0	73	2	773	90	3	0	28	4	1	27	26	28	51	3	1	19	0	9	0	0	0	8	16	7	5	176	0	21	15	5	0	50	6
0	0	0	0	0	0	0	0	0	0	0	0	0	0	0	0	0	0	0	0	0	0	0	0	0	0	0	0	0	0	0	0	0	0	0	0	0	0	0	0	0	0	0	0	0	0	0	0	0	0	0	0	0	0	0	0	0	0	0	0	0	0	0	0	0	0	0	0	0	0	0	0	0	0	0
0	0	6	304	2	7	46	0	18	0	330	19	0	82	0	0	244	0	23	375	6	1	0	0	0	0	36	20	0	352	0	0	354	169	39	0	63	0	6	10	55	0	535	6	0	354	0	0	5	4	0	0	2	0	23	235	0	94	0	0	0	0	1	16	74	13	2	176	0	37	256	2	0	18	0
0	0	0	17	3	3	0	0	0	0	0	0	0	50	0	244	0	6	19	199	482	9	0	0	0	0	34	7	1	12	1	0	57	14	2	0	0	0	4	25	205	0	67	5	0	80	0	0	0	0	2	0	1	4	1	4	0	13	0	1	0	0	10	362	51	1	2	297	0	43	1	6	0	4	0
0	106	31	2	6	1	0	0	0	0	0	45	0	1	0	0	6	0	252	0	234	52	0	0	215	0	0	622	473	0	78	39	0	70	0	0	1	0	297	4	276	1	29	228	0	1	0	0	85	1	39	1	32	243	74	2	13	14	0	36	0	0	0	3	1	197	124	18	0	2	17	76	0	2	6
0	9	6	6	3	0	2	0	0	0	3	7	0	72	0	23	19	252	0	2	14	291	0	0	368	0	12	359	712	0	382	18	1	263	0	0	43	0	697	37	71	1	38	127	0	57	0	0	228	2	0	64	291	119	329	1	3	52	0	257	0	0	1	12	2	605	100	80	0	3	34	273	0	23	70
0	0	0	6	3	0	0	0	2	0	42	2	0	26	0	375	199	0	2	0	5	0	0	0	0	0	0	0	1	243	1	0	123	148	0	0	6	0	1	17	27	1	210	0	0	275	0	0	0	36	0	1	0	56	5	48	0	22	0	0	0	0	109	20	12	0	3	22	0	0	151	5	0	16	2
0	6	0	22	114	5	0	0	142	0	1	70	0	1	0	6	482	234	14	5	0	9	0	0	7	0	0	520	0	0	562	22	15	186	1	0	0	0	65	12	525	0	187	95	0	78	0	0	0	2	258	0	6	0	14	0	0	9	0	73	0	0	0	5	7	1	48	3	0	1	332	54	0	12	0
0	414	7	69	0	1	5	0	0	0	2	0	0	19	0	1	9	52	291	0	9	0	0	0	60	0	0	95	268	0	43	1	0	2	0	0	0	0	16	0	29	0	1	11	0	8	0	0	118	0	0	4	229	339	1	0	43	3	0	30	0	0	0	1	0	17	0	2	0	0	2	5	0	3	7
0	0	0	0	0	0	0	0	0	0	0	0	0	0	0	0	0	0	0	0	0	0	0	0	0	0	0	0	0	0	0	0	0	0	0	0	0	0	0	0	0	0	0	0	0	0	0	0	0	0	0	0	0	0	0	0	0	0	0	0	0	0	0	0	0	0	0	0	0	0	0	0	0	0	0
0	0	0	0	0	0	0	0	0	0	0	0	0	0	0	0	0	0	0	0	0	0	0	0	0	0	0	0	0	0	0	0	0	0	0	0	0	0	0	0	0	0	0	0	0	0	0	0	0	0	0	0	0	0	0	0	0	0	0	0	0	0	0	0	0	0	0	0	0	0	0	0	0	0	0
0	6	30	6	0	0	0	0	0	0	22	0	0	0	0	0	0	215	368	0	7	60	0	0	0	0	17	118	835	0	115	92	0	271	0	0	0	0	773	29	56	0	24	6	0	1	0	0	110	4	4	5	147	4	445	1	3	19	0	107	0	0	0	1	1	794	24	22	0	1	4	64	0	46	2
0	0	0	0	0	0	0	0	0	0	0	0	0	7	0	0	0	0	0	0	0	0	0	0	0	0	0	0	0	0	0	0	0	0	0	0	0	0	0	0	1	0	0	1	0	0	0	0	0	0	1	0	4	1	0	0	0	0	0	0	0	0	0	2	0	0	0	2	0	4	0	0	0	0	0
0	0	0	16	0	0	0	0	0	0	0	0	0	30	0	36	34	0	12	0	0	0	0	0	17	0	0	0	0	0	0	0	23	0	1	0	182	0	3	1	6	25	12	1	0	0	0	0	2	82	0	35	0	0	1	0	0	19	0	51	0	0	0	492	324	18	4	573	0	355	0	0	0	16	0
0	56	31	1	5	2	0	0	0	0	3	26	0	0	0	20	7	622	359	0	520	95	0	0	118	0	0	0	603	0	309	71	1	383	0	0	0	0	685	37	520	0	43	149	0	0	0	0	106	6	149	0	43	152	204	0	2	16	0	78	0	0	0	1	0	144	99	0	0	0	17	242	0	37	14
0	80	235	5	2	0	4	0	0	0	28	0	0	39	0	0	1	473	712	1	0	268	0	0	835	0	0	603	0	0	198	100	0	256	0	0	2	0	718	40	77	0	59	23	0	12	0	0	57	7	0	14	373	489	389	0	22	24	0	133	0	0	0	2	0	698	73	18	0	1	5	173	0	62	3
0	2	5	43	4	7	3	0	0	0	34	0	0	66	0	352	12	0	0	243	0	0	0	0	0	0	0	0	0	0	0	0	162	0	342	0	0	0	0	0	12	0	463	1	0	0	0	0	17	0	0	0	11	0	0	70	0	363	0	0	0	0	0	6	63	0	2	107	0	6	37	0	0	0	0
0	14	1	247	2	1	41	0	0	0	10	3	0	2	0	0	1	78	382	1	562	43	0	0	115	0	0	309	198	0	0	0	0	0	0	0	0	0	0	0	463	0	10	4	0	0	0	0	98	0	53	0	96	281	1	0	1	1	0	72	0	0	0	1	0	2	0	0	0	1	7	1	0	0	0
0	22	1	0	157	0	0	0	0	0	0	47	0	0	0	0	0	39	18	0	22	1	0	0	92	0	0	71	100	0	0	0	0	0	0	0	0	0	276	0	67	0	5	686	0	0	0	0	0	0	125	0	1	3	22	0	1	0	0	142	0	0	0	2	0	137	141	0	0	1	4	2	0	0	0
0	0	6	55	13	15	0	0	137	0	2	7	0	47	0	354	57	0	1	123	15	0	0	0	0	0	23	1	0	162	0	0	0	3	519	0	119	0	1	4	3	54	387	4	0	224	0	0	8	40	0	0	4	0	90	226	0	291	0	1	0	0	68	127	430	14	6	309	0	19	226	1	0	117	10
0	20	9	48	3	3	41	0	0	0	62	2	0	3	0	169	14	70	263	148	186	2	0	0	271	0	0	383	256	0	0	0	3	0	0	0	0	0	231	0	205	0	236	287	0	0	0	0	45	0	12	0	8	8	15	0	2	2	0	30	0	0	0	2	0	213	123	1	0	1	49	3	0	0	0
0	0	0	0	1	0	0	0	2	0	0	73	0	2	0	39	2	0	0	0	1	0	0	0	0	0	1	0	0	342	0	0	519	0	0	0	16	0	0	2	2	1	2	0	0	12	0	0	0	1	0	0	0	0	9	438	0	791	0	1	0	0	246	3	20	0	0	25	0	1	3	0	0	10	0
0	0	0	0	0	0	0	0	0	0	0	0	0	0	0	0	0	0	0	0	0	0	0	0	0	0	0	0	0	0	0	0	0	0	0	0	0	0	0	0	0	0	0	0	0	0	0	0	0	0	0	0	0	0	0	0	0	0	0	0	0	0	0	0	0	0	0	0	0	0	0	0	0	0	0
0	0	1	31	22	0	0	0	0	0	0	0	0	68	0	63	0	1	43	6	0	0	0	0	0	0	182	0	2	0	0	0	119	0	16	0	0	0	1	0	47	0	5	3	0	0	0	0	61	1	0	0	2	8	5	0	0	4	0	0	0	0	0	125	721	17	2	608	0	41	0	0	0	0	0
0	0	0	0	0	0	0	0	0	0	0	0	0	0	0	0	0	0	0	0	0	0	0	0	0	0	0	0	0	0	0	0	0	0	0	0	0	0	0	0	0	0	0	0	0	0	0	0	0	0	0	0	0	0	0	0	0	0	0	0	0	0	0	0	0	0	0	0	0	0	0	0	0	0	0
0	39	13	1	49	0	0	0	0	0	1	89	0	3	0	6	4	297	697	1	65	16	0	0	773	0	3	685	718	0	0	276	1	231	0	0	1	0	0	32	159	0	81	1171	0	0	0	0	80	21	135	1	51	155	273	1	3	16	0	564	0	0	0	131	0	839	330	3	0	0	27	313	0	59	2
0	0	0	0	6	0	0	0	0	0	0	0	0	6	0	10	25	4	37	17	12	0	0	0	29	0	1	37	40	0	0	0	4	0	2	0	0	0	32	0	189	0	4	124	0	0	0	0	2	0	81	0	4	21	6	0	0	0	0	92	0	0	0	12	0	17	2	7	0	6	8	1	0	0	0
0	45	5	11	12	13	22	0	3	0	132	5	4	31	0	55	205	276	71	27	525	29	0	0	56	1	6	520	77	12	463	67	3	205	2	0	47	0	159	189	0	15	174	140	0	215	0	0	79	17	173	33	29	10	51	2	1	41	0	350	0	0	20	96	23	27	15	142	0	26	20	476	11	54	349
0	0	0	17	148	0	0	0	0	0	0	0	0	0	0	0	0	1	1	1	0	0	0	0	0	0	25	0	0	0	0	0	54	0	1	0	0	0	0	0	15	0	1	51	0	0	0	0	0	0	3	0	0	7	0	0	0	0	0	9	0	0	0	477	130	4	0	37	0	300	0	0	0	0	0
0	64	397	385	18	1	94	0	2	0	376	24	1	73	0	535	67	29	38	210	187	1	0	0	24	0	12	43	59	463	10	5	387	236	2	0	5	0	81	4	174	1	0	106	0	166	0	0	258	7	6	0	24	4	17	27	11	3	0	53	0	0	31	51	30	11	56	108	0	19	456	21	6	12	102
0	38	21	1	140	1	0	0	3	0	0	37	6	2	0	6	5	228	127	0	95	11	0	0	6	1	1	149	23	1	4	686	4	287	0	0	3	0	1171	124	140	51	106	0	0	3	0	0	4	94	179	0	22	108	477	0	1	25	0	1157	0	0	1	502	9	378	37	15	0	9	12	732	0	253	10
0	0	0	0	0	0	0	0	0	0	0	0	0	773	0	0	0	0	0	0	0	0	0	0	0	0	0	0	0	0	0	0	0	0	0	0	0	0	0	0	0	0	0	0	0	0	0	0	0	0	0	0	0	0	0	0	0	0	0	0	0	0	0	0	0	1	7	0	0	15	0	0	0	0	0
0	0	0	264	3	0	63	0	0	0	81	0	0	90	0	354	80	1	57	275	78	8	0	0	1	0	0	0	12	0	0	0	224	0	12	0	0	0	0	0	215	0	166	3	0	0	0	0	7	0	0	0	2	32	2	8	0	375	0	18	0	0	0	0	12	1	0	32	0	30	17	0	2	0	0
0	0	0	0	0	0	0	0	0	0	0	0	0	3	0	0	0	0	0	0	0	0	0	0	0	0	0	0	0	0	0	0	0	0	0	0	0	0	0	0	0	0	0	0	0	0	0	0	0	0	0	0	0	0	0	0	0	0	0	0	0	0	0	0	0	0	0	0	0	0	0	0	0	3	0
0	0	0	0	0	0	0	0	0	0	0	0	0	0	0	0	0	0	0	0	0	0	0	0	0	0	0	0	0	0	0	0	0	0	0	0	0	0	0	0	0	0	0	0	0	0	0	0	0	0	0	0	0	0	0	0	0	0	0	0	0	0	0	0	0	0	0	0	0	0	0	0	0	0	0
0	431	18	26	8	0	22	0	0	0	217	0	0	28	0	5	0	85	228	0	0	118	0	0	110	0	2	106	57	17	98	0	8	45	0	0	61	0	80	2	79	0	258	4	0	7	0	0	0	31	0	17	368	63	42	0	126	9	0	23	0	0	1	0	0	172	4	49	0	2	23	18	0	3	30
0	0	0	29	34	0	0	0	0	0	0	0	0	4	0	4	0	1	2	36	2	0	0	0	4	0	82	6	7	0	0	0	40	0	1	0	1	0	21	0	17	0	7	94	0	0	0	0	31	0	3	0	11	0	4	0	1	2	0	135	0	0	0	251	14	7	2	317	0	204	0	0	0	0	0
0	0	39	0	0	0	0	0	0	0	0	26	0	1	0	0	2	39	0	0	258	0	0	0	4	1	0	149	0	0	53	125	0	12	0	0	0	0	135	81	173	3	6	179	0	0	0	0	0	3	0	0	0	0	34	0	0	0	0	43	0	0	0	0	0	0	0	1	0	0	4	127	0	1	0
0	6	2	0	2	2	1	0	0	0	0	0	0	27	0	0	0	1	64	1	0	4	0	0	5	0	35	0	14	0	0	0	0	0	0	0	0	0	1	0	33	0	0	0	0	0	0	0	17	0	0	0	10	40	1	1	0	267	0	1	0	0	0	3	0	15	1	4	0	15	0	0	0	0	0
0	814	418	262	2	4	12	0	0	0	197	0	1	26	0	2	1	32	291	0	6	229	0	0	147	4	0	43	373	11	96	1	4	8	0	0	2	0	51	4	29	0	24	22	0	2	0	0	368	11	0	10	0	390	12	0	182	9	0	49	0	0	0	14	11	102	29	29	0	10	8	5	0	3	1
0	252	23	11	0	0	1	0	0	0	21	0	0	28	0	0	4	243	119	56	0	339	0	0	4	1	0	152	489	0	281	3	0	8	0	0	8	0	155	21	10	7	4	108	0	32	0	0	63	0	0	40	390	0	179	0	126	24	0	68	0	0	0	0	0	93	3	18	0	0	1	117	0	13	3
0	12	6	2	14	0	0	0	1	0	1	1	0	51	0	23	1	74	329	5	14	1	0	0	445	0	1	204	389	0	1	22	90	15	9	0	5	0	273	6	51	0	17	477	0	2	0	0	42	4	34	1	12	179	0	0	0	17	0	37	0	0	1	15	82	383	169	335	0	64	7	19	0	4	3
0	0	0	0	0	0	1	0	0	0	0	2	0	3	0	235	4	2	1	48	0	0	0	0	1	0	0	0	0	70	0	0	226	0	438	0	0	0	1	0	2	0	27	0	0	8	0	0	0	0	0	1	0	0	0	0	0	303	0	0	0	0	0	3	12	0	1	2	0	3	0	0	0	3	0
0	2032	229	4	0	0	6	0	0	0	39	0	0	1	0	0	0	13	3	0	0	43	0	0	3	0	0	2	22	0	1	1	0	2	0	0	0	0	3	0	1	0	11	1	0	0	0	0	126	1	0	0	182	126	0	0	0	1	0	1	0	0	0	0	0	4	0	2	0	0	2	1	0	0	0
0	3	15	1	3	0	3	0	5	0	7	41	0	19	0	94	13	14	52	22	9	3	0	0	19	0	19	16	24	363	1	0	291	2	791	0	4	0	16	0	41	0	3	25	0	375	0	0	9	2	0	267	9	24	17	303	1	0	0	15	0	0	81	64	24	49	12	61	0	38	0	2	0	1	3
0	0	0	0	0	0	0	0	0	0	0	0	0	0	0	0	0	0	0	0	0	0	0	0	0	0	0	0	0	0	0	0	0	0	0	0	0	0	0	0	0	0	0	0	0	0	0	0	0	0	0	0	0	0	0	0	0	0	0	0	0	0	0	0	0	0	0	0	0	0	0	0	0	0	0
0	40	2	4	129	1	1	0	0	0	17	17	2	9	0	0	1	36	257	0	73	30	0	0	107	0	51	78	133	0	72	142	1	30	1	0	0	0	564	92	350	9	53	1157	0	18	0	0	23	135	43	1	49	68	37	0	1	15	0	0	0	0	0	847	8	492	35	30	0	1119	14	332	0	204	7
0	0	0	0	0	0	0	0	0	0	0	0	0	0	0	0	0	0	0	0	0	0	0	0	0	0	0	0	0	0	0	0	0	0	0	0	0	0	0	0	0	0	0	0	0	0	0	0	0	0	0	0	0	0	0	0	0	0	0	0	0	0	0	0	0	0	0	0	0	0	0	0	0	0	0
0	0	0	0	0	0	0	0	0	0	0	0	0	0	0	0	0	0	0	0	0	0	0	0	0	0	0	0	0	0	0	0	0	0	0	0	0	0	0	0	0	0	0	0	0	0	0	0	0	0	0	0	0	0	0	0	0	0	0	0	0	0	0	0	0	0	0	0	0	0	0	0	0	0	0
0	0	0	1	1	0	0	0	0	0	0	0	0	0	0	1	10	0	1	109	0	0	0	0	0	0	0	0	0	0	0	0	68	0	246	0	0	0	0	0	20	0	31	1	0	0	0	0	1	0	0	0	0	0	1	0	0	81	0	0	0	0	0	4	4	1	0	3	0	26	0	0	0	0	0
0	0	1	3	164	0	0	0	5	0	0	5	0	8	0	16	362	3	12	20	5	1	0	0	1	2	492	1	2	6	1	2	127	2	3	0	125	0	131	12	96	477	51	502	0	0	0	0	0	251	0	3	14	0	15	3	0	64	0	847	0	0	4	0	169	7	1	1485	0	1245	26	39	6	355	6
0	0	25	110	17	0	0	0	190	0	0	0	0	16	0	74	51	1	2	12	7	0	0	0	1	0	324	0	0	63	0	0	430	0	20	0	721	0	0	0	23	130	30	9	0	12	0	0	0	14	0	0	11	0	82	12	0	24	0	8	0	0	4	169	0	6	4	1971	0	62	2	0	0	238	0
0	11	46	0	2	0	1	0	6	0	14	0	0	7	0	13	1	197	605	0	1	17	0	0	794	0	18	144	698	0	2	137	14	213	0	0	17	0	839	17	27	4	11	378	1	1	0	0	172	7	0	15	102	93	383	0	4	49	0	492	0	0	1	7	6	0	56	33	0	3	4	92	0	11	14
0	4	2	0	3	0	0	0	1	0	4	42	0	5	0	2	2	124	100	3	48	0	0	0	24	0	4	99	73	2	0	141	6	123	0	0	2	0	330	2	15	0	56	37	7	0	0	0	4	2	0	1	29	3	169	1	0	12	0	35	0	0	0	1	4	56	0	38	0	16	15	181	0	89	17
0	4	20	92	28	6	0	0	19	0	1	8	0	176	0	176	297	18	80	22	3	2	0	0	22	2	573	0	18	107	0	0	309	1	25	0	608	0	3	7	142	37	108	15	0	32	0	0	49	317	1	4	29	18	335	2	2	61	0	30	0	0	3	1485	1971	33	38	0	0	509	23	16	6	117	17
0	0	0	0	0	0	0	0	0	0	0	0	0	0	0	0	0	0	0	0	0	0	0	0	0	0	0	0	0	0	0	0	0	0	0	0	0	0	0	0	0	0	0	0	0	0	0	0	0	0	0	0	0	0	0	0	0	0	0	0	0	0	0	0	0	0	0	0	0	0	0	0	0	0	0
0	0	0	4	3	0	0	0	11	0	0	1	1	21	0	37	43	2	3	0	1	0	0	0	1	4	355	0	1	6	1	1	19	1	1	0	41	0	0	6	26	300	19	9	15	30	0	0	2	204	0	15	10	0	64	3	0	38	0	1119	0	0	26	1245	62	3	16	509	0	0	2	8	6	69	0
0	34	337	96	3	0	110	0	0	0	190	4	1	15	0	256	1	17	34	151	332	2	0	0	4	0	0	17	5	37	7	4	226	49	3	0	0	0	27	8	20	0	456	12	0	17	0	0	23	0	4	0	8	1	7	0	2	0	0	14	0	0	0	26	2	4	15	23	0	2	0	15	0	4	7
0	6	0	0	99	0	12	0	0	0	0	54	0	5	0	2	6	76	273	5	54	5	0	0	64	0	0	242	173	0	1	2	1	3	0	0	0	0	313	1	476	0	21	732	0	0	0	0	18	0	127	0	5	117	19	0	1	2	0	332	0	0	0	39	0	92	181	16	0	8	15	0	1	0	0
0	0	0	0	0	0	0	0	0	0	0	0	0	0	0	0	0	0	0	0	0	0	0	0	0	0	0	0	0	0	0	0	0	0	0	0	0	0	0	0	11	0	6	0	0	2	0	0	0	0	0	0	0	0	0	0	0	0	0	0	0	0	0	6	0	0	0	6	0	6	0	1	0	4	0
0	2	4	11	0	12	0	0	0	0	1	2	0	50	0	18	4	2	23	16	12	3	0	0	46	0	16	37	62	0	0	0	117	0	10	0	0	0	59	0	54	0	12	253	0	0	3	0	3	0	1	0	3	13	4	3	0	1	0	204	0	0	0	355	238	11	89	117	0	69	4	0	4	0	0
0	2	1	163	0	1	54	0	0	0	68	0	0	6	0	0	0	6	70	2	0	7	0	0	2	0	0	14	3	0	0	0	10	0	0	0	0	0	2	0	349	0	102	10	0	0	0	0	30	0	0	0	1	3	3	0	0	3	0	7	0	0	0	6	0	14	17	17	0	0	7	0	0	0	0
