0	0	0	0	0	0	0	0	0	0	0	0	0	0	0	0	0	0	0	0	0	0	0	0	0	0	0	0	0	0	0	0	0	0	0	0	0	0	0	0	0	0	0	0	0	0	0	0	0	0	0	0	0	0	0	0	0	0	0	0	0	0	0	0	0	0	0	0	0	0	0	0	0	0	0
0	0	1434	161	0	0	40	0	0	0	388	0	114	0	8	0	0	289	72	2	0	1380	0	0	5	0	0	64	34	0	6	0	0	66	0	0	0	0	11	0	30	2	137	5	0	0	0	0	447	0	2	0	1239	476	27	0	1938	0	1977	24	0	0	0	0	0	12	287	0	0	4	48	313	0	0	170
0	1434	0	1	1	0	5	0	0	0	0	0	0	0	0	6	0	10	21	0	177	49	0	0	29	13	0	61	90	0	0	152	0	10	0	0	0	0	5	0	0	0	272	30	0	0	0	0	34	0	202	0	243	53	31	0	302	35	47	0	0	0	0	0	22	62	388	0	0	2	7	33	0	0	1
0	161	1	0	8	0	1218	0	228	0	766	0	0	105	3	410	11	8	13	24	1	249	0	0	4	11	6	1	11	67	237	8	73	98	8	0	0	0	3	0	94	8	557	3	0	319	0	0	180	12	3	6	339	25	9	0	17	21	99	44	0	0	1	70	196	2	125	170	0	84	62	22	74	53	161
0	0	1	8	0	0	0	2	6	0	0	0	1	20	0	8	10	1	0	3	6	2	0	0	1	9	5	2	0	4	3	64	3	1	0	0	0	0	94	86	1	5	32	165	0	7	0	0	6	4	14	8	7	0	15	5	0	1	3	71	0	0	19	18	16	1	3	10	0	134	11	16	11	1	2
0	0	0	0	0	0	0	0	0	0	0	0	0	0	0	0	0	0	0	0	0	0	0	0	0	0	0	0	0	0	0	0	0	0	0	0	0	0	0	0	0	0	0	0	0	0	0	0	0	0	0	0	0	0	0	0	0	0	0	0	0	0	0	0	0	0	0	0	0	0	0	0	0	0	0
0	40	5	1218	0	0	0	0	0	0	390	0	0	38	0	486	0	0	16	2	0	303	0	0	1	1	0	0	1	66	185	0	0	177	0	0	0	0	0	0	43	0	384	0	0	148	0	0	86	0	0	0	187	14	0	0	55	12	106	0	0	0	0	0	0	0	91	0	0	1	2	31	0	3	153
0	0	0	0	2	0	0	0	0	0	0	0	0	1	0	0	0	2	105	0	0	0	0	0	82	0	0	0	26	0	0	80	0	2	1	0	0	0	0	0	0	0	0	69	0	0	0	0	1	0	0	0	1	1	12	0	0	0	0	0	0	0	0	0	0	102	76	0	0	0	0	0	0	0	0
0	0	0	228	6	0	0	0	0	0	0	0	0	24	0	10	59	3	1	54	234	0	0	0	0	11	18	1	0	2	0	1	0	0	16	0	0	0	0	0	47	11	4	1	0	0	0	0	13	0	0	0	4	0	2	0	0	18	0	0	0	0	0	5	104	3	4	85	0	27	5	0	16	4	0
0	0	0	0	0	0	0	0	0	0	0	0	0	0	0	0	0	0	0	0	0	0	0	0	0	0	0	0	0	0	0	0	0	0	0	0	0	0	0	0	0	0	0	0	0	0	0	0	0	0	0	0	0	0	0	0	0	0	0	0	0	0	0	0	0	0	0	0	0	0	0	0	0	0	0
0	388	0	766	0	0	390	0	0	0	0	0	0	52	0	747	0	63	129	21	0	59	0	0	167	1	0	2	214	262	0	1	0	42	0	0	0	0	19	0	51	0	400	2	0	26	0	0	210	0	4	0	66	81	1	0	46	0	0	0	0	0	0	0	0	100	261	0	0	0	0	0	0	0	0
0	0	0	0	0	0	0	0	0	0	0	0	0	1	0	3	0	10	0	1	0	0	0	0	1	0	0	0	0	0	0	0	0	0	0	0	0	0	0	0	0	0	0	0	0	0	0	0	0	0	8	0	0	7	0	1	0	0	0	0	0	0	1	0	0	0	0	1	0	1	0	23	0	0	1
0	114	0	0	1	0	0	0	0	0	0	0	0	1	0	0	0	0	1	0	2	0	0	0	1	0	2	7	5	0	0	0	0	0	0	0	0	0	10	0	0	0	2	5	0	0	0	0	0	0	120	0	1	0	0	0	0	0	0	0	0	0	0	0	12	1	2	3	0	6	0	0	0	0	0
0	0	0	105	20	0	38	1	24	0	52	1	1	0	0	111	49	3	1	79	0	0	0	0	0	13	40	0	1	132	2	43	21	2	3	0	0	0	0	5	5	7	51	1	954	160	0	0	77	2	0	13	0	0	17	0	0	55	1	8	0	0	67	18	72	2	1	98	0	46	23	0	67	78	15
0	8	0	3	0	0	0	0	0	0	0	0	0	0	0	0	0	5	323	13	0	52	0	0	267	0	0	66	413	0	0	0	0	0	0	0	0	0	7	0	0	0	1	1	0	0	0	0	44	0	0	0	3	20	1	0	0	0	0	0	0	0	0	0	0	226	9	0	0	1	0	0	0	0	0
0	0	6	410	8	0	486	0	10	0	747	3	0	111	0	0	314	0	0	1253	5	0	0	0	17	1	9	0	0	1415	4	15	498	274	123	0	0	0	0	0	17	1	1042	3	6	728	0	0	10	46	1	6	13	8	30	193	0	390	24	4	0	0	333	21	22	1	47	104	0	47	198	120	35	35	2
0	0	0	11	10	0	0	0	59	0	0	0	0	49	0	314	0	6	26	719	628	0	0	0	13	21	386	2	6	178	7	23	2	5	2	0	0	0	0	0	266	22	75	11	1	53	0	0	51	0	37	0	0	1	3	0	0	2	0	0	0	0	1	48	143	1	12	569	0	79	1	0	11	1	0
0	289	10	8	1	0	0	2	3	0	63	10	0	3	5	0	6	0	190	19	500	449	0	0	133	44	0	429	728	0	53	43	1	198	2	0	0	0	352	0	344	3	33	105	0	2	0	0	94	11	546	1	36	244	87	0	13	9	99	3	0	0	0	12	2	132	84	17	0	9	16	15	0	3	1
0	72	21	13	0	0	16	105	1	0	129	0	1	1	323	0	26	190	0	18	26	222	0	0	961	3	0	118	1748	1	180	511	0	345	0	0	0	0	630	31	126	1	21	536	0	8	0	0	107	3	77	24	463	52	627	1	23	9	129	207	0	0	1	5	1	1367	52	4	0	4	40	245	1	14	42
0	2	0	24	3	0	2	0	54	0	21	1	0	79	13	1253	719	19	18	0	46	16	0	0	49	0	18	25	33	933	5	4	302	135	68	0	0	0	11	0	20	9	537	17	7	965	0	0	40	27	2	80	22	1	16	158	0	266	41	3	0	0	573	9	177	6	7	38	0	9	135	56	71	17	22
0	0	177	1	6	0	0	0	234	0	0	0	2	0	0	5	628	500	26	46	0	32	0	0	6	39	8	203	1	0	830	115	104	56	13	0	0	0	9	18	493	0	199	123	0	4	0	0	8	2	1839	0	22	2	25	0	2	4	8	6	0	0	0	6	78	18	173	42	0	83	391	508	0	10	0
0	1380	49	249	2	0	303	0	0	0	59	0	0	0	52	0	0	449	222	16	32	0	0	0	148	0	0	163	515	0	442	6	0	51	0	0	0	0	57	3	347	0	15	0	0	1	0	0	216	0	181	9	668	541	24	0	427	0	542	41	0	0	0	0	1	116	30	0	0	2	17	16	0	2	150
0	0	0	0	0	0	0	0	0	0	0	0	0	0	0	0	0	0	0	0	0	0	0	0	0	0	0	0	0	0	0	0	0	0	0	0	0	0	0	0	0	0	0	0	0	0	0	0	0	0	0	0	0	0	0	0	0	0	0	0	0	0	0	0	0	0	0	0	0	0	0	0	0	0	0
0	0	0	0	0	0	0	0	0	0	0	0	0	0	0	0	0	0	0	0	0	0	0	0	0	0	0	0	0	0	0	0	0	0	0	0	0	0	0	0	0	0	0	0	0	0	0	0	0	0	0	0	0	0	0	0	0	0	0	0	0	0	0	0	0	0	0	0	0	0	0	0	0	0	0
0	5	29	4	1	0	1	82	0	0	167	1	1	0	267	17	13	133	961	49	6	148	0	0	0	1	1	113	968	0	154	83	0	327	0	0	0	0	670	2	59	0	26	18	0	1	0	0	37	12	20	15	325	13	660	1	14	5	126	62	0	0	1	8	1	1057	159	21	0	2	51	251	0	7	23
0	0	13	11	9	0	1	0	11	0	1	0	0	13	0	1	21	44	3	0	39	0	0	0	1	0	0	0	0	1	5	33	13	5	0	0	0	0	0	0	0	14	25	10	6	16	0	0	109	4	42	11	2	0	68	0	0	24	6	19	0	0	3	9	6	4	58	8	0	17	39	35	0	32	14
0	0	0	6	5	0	0	0	18	0	0	0	2	40	0	9	386	0	0	18	8	0	0	0	1	0	0	0	1	0	0	1	25	2	0	0	0	0	3	6	5	23	7	5	0	24	0	0	0	157	0	1	0	0	36	0	0	41	0	79	0	0	10	470	480	1	29	1226	0	721	6	30	5	110	0
0	64	61	1	2	0	0	0	1	0	2	0	7	0	66	0	2	429	118	25	203	163	0	0	113	0	0	0	523	0	195	61	2	188	3	0	0	0	532	4	224	0	27	160	0	0	0	0	11	0	231	0	20	26	153	0	4	6	203	16	0	0	1	47	0	147	13	3	0	6	3	32	1	3	0
0	34	90	11	0	0	1	26	0	0	214	0	5	1	413	0	6	728	1748	33	1	515	0	0	968	0	1	523	0	0	536	23	10	800	0	0	0	0	793	47	252	0	54	26	0	0	0	0	221	17	37	61	486	114	506	0	22	3	60	80	0	0	1	0	4	1147	73	0	0	2	73	121	0	12	51
0	0	0	67	4	0	66	0	2	0	262	0	0	132	0	1415	178	0	1	933	0	0	0	0	0	1	0	0	0	0	0	0	256	75	181	0	0	0	0	0	0	0	720	0	2	773	0	0	0	0	0	1	2	0	1	84	0	762	0	0	0	0	461	8	2	0	63	9	0	22	163	10	16	0	0
0	6	0	237	3	0	185	0	0	0	0	0	0	2	0	4	7	53	180	5	830	442	0	0	154	5	0	195	536	0	0	1	0	0	0	0	0	0	0	0	298	0	15	7	0	0	0	0	103	0	96	0	43	184	2	0	0	1	0	0	0	0	0	0	0	29	20	1	0	3	4	2	0	0	0
0	0	152	8	64	0	0	80	1	0	1	0	0	43	0	15	23	43	511	4	115	6	0	0	83	33	1	61	23	0	1	0	15	341	0	0	0	0	370	1	33	1	48	1266	0	8	0	0	20	0	1074	38	16	0	469	0	0	1	2	4	0	0	3	88	12	619	242	9	0	1	67	396	31	33	0
0	0	0	73	3	0	0	0	0	0	0	0	0	21	0	498	2	1	0	302	104	0	0	0	0	13	25	2	10	256	0	15	0	0	96	0	0	0	1	0	0	2	319	17	0	2	0	0	13	0	31	0	1	0	1	0	0	120	0	0	0	0	0	1	185	6	3	167	0	39	5	0	18	0	0
0	66	10	98	1	0	177	2	0	0	42	0	0	2	0	274	5	198	345	135	56	51	0	0	327	5	2	188	800	75	0	341	0	0	2	0	0	0	301	0	86	0	166	337	0	28	0	0	69	2	676	0	19	33	28	0	2	4	26	0	0	0	0	14	1	368	137	4	0	1	6	8	0	0	22
0	0	0	8	0	0	0	1	16	0	0	0	0	3	0	123	2	2	0	68	13	0	0	0	0	0	0	3	0	181	0	0	96	2	0	0	0	0	2	0	1	0	0	1	0	4	0	0	2	0	0	0	0	0	1	212	0	493	0	0	0	0	148	10	16	0	0	9	0	3	0	0	0	2	0
0	0	0	0	0	0	0	0	0	0	0	0	0	0	0	0	0	0	0	0	0	0	0	0	0	0	0	0	0	0	0	0	0	0	0	0	0	0	0	0	0	0	0	0	0	0	0	0	0	0	0	0	0	0	0	0	0	0	0	0	0	0	0	0	0	0	0	0	0	0	0	0	0	0	0
0	0	0	0	0	0	0	0	0	0	0	0	0	0	0	0	0	0	0	0	0	0	0	0	0	0	0	0	0	0	0	0	0	0	0	0	0	0	0	0	0	0	0	0	0	0	0	0	0	0	0	0	0	0	0	0	0	0	0	0	0	0	0	0	0	0	0	0	0	0	0	0	0	0	0
0	0	0	0	0	0	0	0	0	0	0	0	0	0	0	0	0	0	0	0	0	0	0	0	0	0	0	0	0	0	0	0	0	0	0	0	0	0	0	0	0	0	0	0	0	0	0	0	0	0	0	0	0	0	0	0	0	0	0	0	0	0	0	0	0	0	0	0	0	0	0	0	0	0	0
0	11	5	3	94	0	0	0	0	0	19	0	10	0	7	0	0	352	630	11	9	57	0	0	670	0	3	532	793	0	0	370	1	301	2	0	0	0	0	11	26	2	55	1088	0	0	0	0	60	3	744	2	58	31	188	0	3	1	0	173	0	0	0	142	3	919	407	4	0	1	5	92	0	18	4
0	0	0	0	86	0	0	0	0	0	0	0	0	5	0	0	0	0	31	0	18	3	0	0	2	0	6	4	47	0	0	1	0	0	0	0	0	0	11	0	168	0	0	264	0	0	0	0	13	0	64	0	0	0	1	0	0	0	0	0	0	0	0	0	0	79	2	4	0	210	0	0	0	0	0
0	30	0	94	1	0	43	0	47	0	51	0	0	5	0	17	266	344	126	20	493	347	0	0	59	0	5	224	252	0	298	33	0	86	1	0	0	0	26	168	0	0	109	128	4	190	0	0	46	0	569	0	41	63	15	0	0	8	45	309	0	0	4	3	8	52	34	92	0	9	9	226	9	7	137
0	2	0	8	5	0	0	0	11	0	0	0	0	7	0	1	22	3	1	9	0	0	0	0	0	14	23	0	0	0	0	1	2	0	0	0	0	0	2	0	0	0	1	27	2	0	0	0	28	20	30	0	0	0	2	0	0	0	1	0	0	0	1	100	42	0	8	3	0	241	0	3	15	1	1
0	137	272	557	32	0	384	0	4	0	400	0	2	51	1	1042	75	33	21	537	199	15	0	0	26	25	7	27	54	720	15	48	319	166	0	0	0	0	55	0	109	1	0	138	1	207	0	0	196	0	197	6	9	2	16	40	105	9	9	7	0	0	83	17	14	7	537	85	0	26	214	133	3	18	141
0	5	30	3	165	0	0	69	1	0	2	0	5	1	1	3	11	105	536	17	123	0	0	0	18	10	5	160	26	0	7	1266	17	337	1	0	0	0	1088	264	128	27	138	0	0	1	0	0	6	74	862	0	60	26	538	1	0	41	17	670	0	0	1	327	7	469	66	13	0	24	50	533	5	89	18
0	0	0	0	0	0	0	0	0	0	0	0	0	954	0	6	1	0	0	7	0	0	0	0	0	6	0	0	0	2	0	0	0	0	0	0	0	0	0	0	4	2	1	0	0	0	0	0	5	0	0	0	0	5	0	0	0	1	0	0	0	0	0	0	2	0	0	2	0	0	0	0	0	0	0
0	0	0	319	7	0	148	0	0	0	26	0	0	160	0	728	53	2	8	965	4	1	0	0	1	16	24	0	0	773	0	8	2	28	4	0	0	0	0	0	190	0	207	1	0	0	0	0	115	0	4	118	3	0	4	3	1	445	0	0	0	0	204	0	5	4	8	91	0	69	1	0	19	12	0
0	0	0	0	0	0	0	0	0	0	0	0	0	0	0	0	0	0	0	0	0	0	0	0	0	0	0	0	0	0	0	0	0	0	0	0	0	0	0	0	0	0	0	0	0	0	0	0	0	0	0	0	0	0	0	0	0	0	0	0	0	0	0	0	0	0	0	0	0	0	0	0	0	0	0
0	0	0	0	0	0	0	0	0	0	0	0	0	0	0	0	0	0	0	0	0	0	0	0	0	0	0	0	0	0	0	0	0	0	0	0	0	0	0	0	0	0	0	0	0	0	0	0	0	0	0	0	0	0	0	0	0	0	0	0	0	0	0	0	0	0	0	0	0	0	0	0	0	0	0
0	447	34	180	6	0	86	1	13	0	210	0	0	77	44	10	51	94	107	40	8	216	0	0	37	109	0	11	221	0	103	20	13	69	2	0	0	0	60	13	46	28	196	6	5	115	0	0	0	3	26	105	233	11	135	1	151	90	59	12	0	0	11	20	22	71	57	84	0	8	12	16	1	49	36
0	0	0	12	4	0	0	0	0	0	0	0	0	2	0	46	0	11	3	27	2	0	0	0	12	4	157	0	17	0	0	0	0	2	0	0	0	0	3	0	0	20	0	74	0	0	0	0	3	0	16	0	7	10	1	0	0	5	0	0	0	0	0	23	6	2	1	157	0	234	1	0	0	1	0
0	2	202	3	14	0	0	0	0	0	4	8	120	0	0	1	37	546	77	2	1839	181	0	0	20	42	0	231	37	0	96	1074	31	676	0	0	0	0	744	64	569	30	197	862	0	4	0	0	26	16	0	0	130	0	135	0	0	2	165	348	0	0	3	33	16	55	274	0	0	0	196	527	0	114	14
0	0	0	6	8	0	0	0	0	0	0	0	0	13	0	6	0	1	24	80	0	9	0	0	15	11	1	0	61	1	0	38	0	0	0	0	0	0	2	0	0	0	6	0	0	118	0	0	105	0	0	0	13	18	2	0	0	177	0	0	0	0	0	0	2	0	0	0	0	3	0	0	4	5	0
0	1239	243	339	7	0	187	1	4	0	66	0	1	0	3	13	0	36	463	22	22	668	0	0	325	2	0	20	486	2	43	16	1	19	0	0	0	0	58	0	41	0	9	60	0	3	0	0	233	7	130	13	0	395	7	0	306	1	193	31	0	0	0	12	0	165	207	0	0	6	30	111	2	0	1
0	476	53	25	0	0	14	1	0	0	81	7	0	0	20	8	1	244	52	1	2	541	0	0	13	0	0	26	114	0	184	0	0	33	0	0	0	0	31	0	63	0	2	26	5	0	0	0	11	10	0	18	395	0	30	0	153	23	611	6	0	0	0	1	0	43	5	0	0	1	6	10	0	8	77
0	27	31	9	15	0	0	12	2	0	1	0	0	17	1	30	3	87	627	16	25	24	0	0	660	68	36	153	506	1	2	469	1	28	1	0	0	0	188	1	15	2	16	538	0	4	0	0	135	1	135	2	7	30	0	0	0	22	5	2	0	0	0	32	12	686	183	182	0	32	14	26	17	15	5
0	0	0	0	5	0	0	0	0	0	0	1	0	0	0	193	0	0	1	158	0	0	0	0	1	0	0	0	0	84	0	0	0	0	212	0	0	0	0	0	0	0	40	1	0	3	0	0	1	0	0	0	0	0	0	0	0	114	0	0	0	0	22	0	1	0	5	2	0	1	0	0	0	1	0
0	1938	302	17	0	0	55	0	0	0	46	0	0	0	0	0	0	13	23	0	2	427	0	0	14	0	0	4	22	0	0	0	0	2	0	0	0	0	3	0	0	0	105	0	0	1	0	0	151	0	0	0	306	153	0	0	0	0	222	0	0	0	0	2	0	13	79	0	0	0	0	7	0	0	4
0	0	35	21	1	0	12	0	18	0	0	0	0	55	0	390	2	9	9	266	4	0	0	0	5	24	41	6	3	762	1	1	120	4	493	0	0	0	1	0	8	0	9	41	1	445	0	0	90	5	2	177	1	23	22	114	0	0	0	1	0	0	221	13	15	65	8	77	0	6	4	5	4	25	7
0	1977	47	99	3	0	106	0	0	0	0	0	0	1	0	24	0	99	129	41	8	542	0	0	126	6	0	203	60	0	0	2	0	26	0	0	0	0	0	0	45	1	9	17	0	0	0	0	59	0	165	0	193	611	5	0	222	0	0	0	0	0	0	0	0	43	58	0	0	0	0	0	0	0	0
0	24	0	44	71	0	0	0	0	0	0	0	0	8	0	4	0	3	207	3	6	41	0	0	62	19	79	16	80	0	0	4	0	0	0	0	0	0	173	0	309	0	7	670	0	0	0	0	12	0	348	0	31	6	2	0	0	1	0	0	0	0	0	97	0	333	29	14	0	517	1	0	2	0	0
0	0	0	0	0	0	0	0	0	0	0	0	0	0	0	0	0	0	0	0	0	0	0	0	0	0	0	0	0	0	0	0	0	0	0	0	0	0	0	0	0	0	0	0	0	0	0	0	0	0	0	0	0	0	0	0	0	0	0	0	0	0	0	0	0	0	0	0	0	0	0	0	0	0	0
0	0	0	0	0	0	0	0	0	0	0	0	0	0	0	0	0	0	0	0	0	0	0	0	0	0	0	0	0	0	0	0	0	0	0	0	0	0	0	0	0	0	0	0	0	0	0	0	0	0	0	0	0	0	0	0	0	0	0	0	0	0	0	0	0	0	0	0	0	0	0	0	0	0	0
0	0	0	1	19	0	0	0	0	0	0	1	0	67	0	333	1	0	1	573	0	0	0	0	1	3	10	1	1	461	0	3	0	0	148	0	0	0	0	0	4	1	83	1	0	204	0	0	11	0	3	0	0	0	0	22	0	221	0	0	0	0	0	0	7	2	0	4	0	35	0	0	3	18	0
0	0	0	70	18	0	0	0	5	0	0	0	0	18	0	21	48	12	5	9	6	0	0	0	8	9	470	47	0	8	0	88	1	14	10	0	0	0	142	0	3	100	17	327	0	0	0	0	20	23	33	0	12	1	32	0	2	13	0	97	0	0	0	0	42	18	2	571	0	776	5	8	28	37	0
0	0	22	196	16	0	0	0	104	0	0	0	12	72	0	22	143	2	1	177	78	1	0	0	1	6	480	0	4	2	0	12	185	1	16	0	0	0	3	0	8	42	14	7	2	5	0	0	22	6	16	2	0	0	12	1	0	15	0	0	0	0	7	42	0	3	8	974	0	24	21	8	47	78	0
0	12	62	2	1	0	0	102	3	0	100	0	1	2	226	1	1	132	1367	6	18	116	0	0	1057	4	1	147	1147	0	29	619	6	368	0	0	0	0	919	79	52	0	7	469	0	4	0	0	71	2	55	0	165	43	686	0	13	65	43	333	0	0	2	18	3	0	291	2	0	2	11	321	0	4	34
0	287	388	125	3	0	91	76	4	0	261	0	2	1	9	47	12	84	52	7	173	30	0	0	159	58	29	13	73	63	20	242	3	137	0	0	0	0	407	2	34	8	537	66	0	8	0	0	57	1	274	0	207	5	183	5	79	8	58	29	0	0	0	2	8	291	0	14	0	2	208	457	0	19	16
0	0	0	170	10	0	0	0	85	0	0	1	3	98	0	104	569	17	4	38	42	0	0	0	21	8	1226	3	0	9	1	9	167	4	9	0	0	0	4	4	92	3	85	13	2	91	0	0	84	157	0	0	0	0	182	2	0	77	0	14	0	0	4	571	974	2	14	0	0	623	17	7	62	169	29
0	0	0	0	0	0	0	0	0	0	0	0	0	0	0	0	0	0	0	0	0	0	0	0	0	0	0	0	0	0	0	0	0	0	0	0	0	0	0	0	0	0	0	0	0	0	0	0	0	0	0	0	0	0	0	0	0	0	0	0	0	0	0	0	0	0	0	0	0	0	0	0	0	0	0
0	4	2	84	134	0	1	0	27	0	0	1	6	46	1	47	79	9	4	9	83	2	0	0	2	17	721	6	2	22	3	1	39	1	3	0	0	0	1	210	9	241	26	24	0	69	0	0	8	234	0	3	6	1	32	1	0	6	0	517	0	0	35	776	24	2	2	623	0	0	43	3	71	124	2
0	48	7	62	11	0	2	0	5	0	0	0	0	23	0	198	1	16	40	135	391	17	0	0	51	39	6	3	73	163	4	67	5	6	0	0	0	0	5	0	9	0	214	50	0	1	0	0	12	1	196	0	30	6	14	0	0	4	0	1	0	0	0	5	21	11	208	17	0	43	0	6	21	8	1
0	313	33	22	16	0	31	0	0	0	0	23	0	0	0	120	0	15	245	56	508	16	0	0	251	35	30	32	121	10	2	396	0	8	0	0	0	0	92	0	226	3	133	533	0	0	0	0	16	0	527	0	111	10	26	0	7	5	0	0	0	0	0	8	8	321	457	7	0	3	6	0	0	2	0
0	0	0	74	11	0	0	0	16	0	0	0	0	67	0	35	11	0	1	71	0	0	0	0	0	0	5	1	0	16	0	31	18	0	0	0	0	0	0	0	9	15	3	5	0	19	0	0	1	0	0	4	2	0	17	0	0	4	0	2	0	0	3	28	47	0	0	62	0	71	21	0	0	19	0
0	0	0	53	1	0	3	0	4	0	0	0	0	78	0	35	1	3	14	17	10	2	0	0	7	32	110	3	12	0	0	33	0	0	2	0	0	0	18	0	7	1	18	89	0	12	0	0	49	1	114	5	0	8	15	1	0	25	0	0	0	0	18	37	78	4	19	169	0	124	8	2	19	0	0
0	170	1	161	2	0	153	0	0	0	0	1	0	15	0	2	0	1	42	22	0	150	0	0	23	14	0	0	51	0	0	0	0	22	0	0	0	0	4	0	137	1	141	18	0	0	0	0	36	0	14	0	1	77	5	0	4	7	0	0	0	0	0	0	0	34	16	29	0	2	1	0	0	0	0
