0	0	0	0	0	0	0	0	0	0	0	0	0	0	0	0	0	0	0	0	0	0	0	0	0	0	0	0	0	0	0	0	0	0	0	0	0	0	0	0	0	0	0	0	0	0	0	0	0	0	0	0	0	0	0	0	0	0	0	0	0	0	0	0	0	0	0	0	0	0	0	0	0	0	0
0	0	6537	653	4	0	116	15	0	0	2419	13	1757	0	223	3	4	896	273	19	14	6153	3	0	93	0	0	410	1963	2	50	44	0	228	14	0	4	0	224	24	301	4	550	63	0	0	0	0	1752	0	32	16	5297	2176	180	6	12166	16	4863	234	3	0	4	2	0	110	1721	18	0	5	93	429	0	15	186
0	6537	0	38	37	26	5	19	2	2	42	23	717	12	86	173	0	276	117	0	605	357	23	0	292	61	0	321	654	32	2	282	16	810	19	18	12	0	60	16	173	2	3381	236	0	2	10	17	195	1	530	2	2634	181	213	0	2129	77	382	34	2	18	1	4	366	494	3529	26	0	10	1719	73	37	35	24
0	653	38	0	43	27	5397	32	717	80	6287	18	33	378	1168	2161	181	61	366	58	96	2305	7	0	172	13	42	73	106	259	2757	15	294	1154	14	3	78	0	45	204	866	124	5258	56	0	2673	0	0	3427	114	5	7	3475	191	66	16	239	55	300	271	84	13	31	103	457	88	1527	432	0	107	1255	103	96	160	3471
0	4	37	43	0	723	0	36	83	1894	78	15	55	68	7	56	302	363	514	191	459	138	6	0	158	23	437	166	331	20	37	1480	180	331	19	24	242	0	3042	919	443	993	517	4248	12	190	0	3	70	1014	1056	22	137	23	757	57	6	87	144	1864	11	62	67	2935	173	233	309	491	0	2184	156	1334	120	696	46
0	0	26	27	723	0	0	3	42	1	4	0	3	14	20	116	29	323	16	187	1010	19	0	0	70	45	49	268	13	94	282	4	35	770	5	4	5	0	125	158	1453	1	686	518	3	10	0	233	16	10	72	2	19	5	50	3	0	11	11	267	0	33	0	10	13	4	184	25	0	56	46	21	145	36	50
0	116	5	5397	0	0	0	1	0	0	1128	21	1	78	357	985	0	8	74	2	2	516	0	0	39	2	0	1	46	103	428	6	0	371	0	0	6	0	2	2	155	0	1541	29	0	620	0	0	505	27	2	1	544	27	6	1	97	15	119	61	0	0	2	9	0	17	560	0	0	1	367	44	0	15	1003
0	15	19	32	36	3	1	0	4	0	270	0	19	2	175	2	0	276	1937	9	24	168	1	0	1305	8	0	210	762	18	21	164	11	488	1	0	0	0	393	202	188	1	12	495	0	0	0	47	189	13	19	0	424	121	2207	3	10	44	59	382	0	3	4	12	51	3968	428	1	0	4	10	967	1	7	23
0	0	2	717	83	42	0	4	0	136	0	0	0	122	0	84	464	7	25	108	2204	1	0	0	6	13	143	1	4	18	0	1	306	10	99	1	0	0	10	2	90	82	21	14	4	3	20	0	15	13	8	2	7	0	4	0	0	36	0	0	22	0	6	26	1082	41	11	248	0	117	65	0	36	51	1
0	0	2	80	1894	1	0	0	136	0	0	9	0	0	0	1	19	2	0	1	4	0	0	0	0	7	0	2	0	0	0	2535	83	3	0	1	9	0	2845	2184	56	3688	100	3124	0	669	0	1	1	10	0	0	0	0	17	1	0	0	0	1538	6	1	0	2959	2364	0	16	1146	0	22	16	2	889	409	1
0	2419	42	6287	78	4	1128	270	0	0	0	0	14	402	757	5711	1	305	1240	344	15	376	41	0	1621	1	0	313	1392	1088	224	2	13	1102	3	0	1	0	460	90	1372	1	4766	16	0	1917	0	0	1378	14	33	11	691	166	314	1	588	101	114	308	9	0	5	1	3	939	2319	16	0	9	469	69	18	35	2855
0	13	23	18	15	0	21	0	0	9	0	0	0	7	0	185	2	80	15	204	70	0	0	0	5	6	0	26	0	535	8	47	8	2	521	0	8	0	98	2	6	0	25	37	3	14	0	0	0	97	151	0	2	7	2	748	1	919	3	29	2568	0	145	9	6	1	46	26	0	30	5	91	3	12	6
0	1757	717	33	55	3	1	19	0	0	14	0	0	84	12	41	10	10	13	23	136	14	1	2	30	15	30	39	127	0	0	1	37	14	3	3	0	0	10	75	145	1	80	96	0	0	1	34	9	5	391	0	521	9	27	3	216	24	1	58	10	0	0	22	49	12	419	86	0	27	6	2	81	6	13
0	0	12	378	68	14	78	2	122	0	402	7	84	0	68	825	221	15	98	315	14	24	0	1	31	45	186	0	59	479	32	46	348	11	12	6	250	0	14	105	218	10	333	39	6314	1120	3	0	113	49	9	101	27	29	162	62	2	365	14	57	54	52	216	165	154	15	39	1035	0	336	93	120	247	358	42
0	223	86	1168	7	20	357	175	0	0	757	0	12	68	0	1433	2	557	2807	48	0	254	0	0	1711	7	0	451	1204	101	239	1	28	382	0	0	1	0	776	32	533	0	909	9	3	914	0	0	794	0	4	0	325	217	520	6	189	2	277	518	0	5	0	1	0	1720	508	5	0	11	152	99	0	16	1300
0	3	173	2161	56	116	985	2	84	1	5711	185	41	825	1433	0	2765	102	59	5753	71	8	56	3	47	17	185	25	94	6334	30	41	5160	2599	322	0	275	0	102	122	361	12	8476	52	60	8565	1	37	82	116	3	15	48	45	182	4162	0	2460	133	51	34	21	3044	137	254	38	2137	934	0	157	3725	299	54	272	6
0	4	0	181	302	29	0	0	464	19	1	2	10	221	2	2765	0	32	83	3495	3760	10	0	55	27	53	1659	41	10	1180	91	23	290	143	71	1	15	0	8	44	2710	41	380	65	3	2022	3	0	51	17	190	41	3	7	43	212	0	74	0	19	2	1	391	957	1356	26	145	2755	0	542	40	84	140	282	21
0	896	276	61	363	323	8	276	7	2	305	80	10	15	557	102	32	0	1156	48	3047	1578	24	0	1447	98	56	4373	3736	16	1111	172	74	1260	32	7	4	0	1896	107	5375	4	370	1051	0	19	35	44	381	16	2480	12	172	1317	1747	2	108	72	665	435	6	302	4	21	25	1532	861	189	0	27	106	416	88	106	124
0	273	117	366	514	16	74	1937	25	0	1240	15	13	98	2807	59	83	1156	0	36	130	1292	0	2	6191	13	29	928	5775	6	1870	1915	40	1540	11	0	166	0	5600	286	1178	4	202	1908	6	162	0	3	1310	37	137	151	2086	436	4194	14	108	179	1805	1834	1	33	8	59	21	9142	302	371	5	51	132	1164	19	283	304
0	19	0	58	191	187	2	9	108	1	344	204	23	315	48	5753	3495	48	36	0	177	17	0	2	54	0	102	34	38	3712	56	59	1688	1317	196	1	61	0	60	22	707	17	2677	138	157	4929	2	31	40	142	10	208	29	65	50	1350	16	940	175	13	1	33	2755	283	349	52	58	362	0	40	768	106	274	92	58
0	14	605	96	459	1010	2	24	2204	4	15	70	136	14	0	71	3760	3047	130	177	0	218	14	0	114	183	64	2402	35	89	6349	949	435	2802	32	747	52	0	528	602	7116	140	1977	788	0	139	69	0	14	9	6766	0	81	28	216	18	5	37	78	468	0	220	13	22	245	102	677	247	0	182	3177	1826	161	583	42
0	6153	357	2305	138	19	516	168	1	0	376	0	14	24	254	8	10	1578	1292	17	218	0	0	0	1670	9	4	1243	3703	9	1673	10	0	540	6	0	10	0	194	62	2520	0	41	118	1	12	0	0	1132	2	1249	14	3055	3227	189	0	1899	16	1017	485	0	1	4	1	3	684	177	5	0	9	38	136	62	19	729
0	3	23	7	6	0	0	1	0	0	41	0	1	0	0	56	0	24	0	0	14	0	0	0	0	0	0	27	0	60	0	20	17	80	0	2	0	0	28	0	0	0	18	0	0	0	0	1	0	0	14	0	0	0	0	0	0	0	0	0	0	22	0	0	0	0	23	0	0	0	52	8	0	0	0
0	0	0	0	0	0	0	0	0	0	0	0	2	1	0	3	55	0	2	2	0	0	0	0	0	0	0	0	0	17	6	0	3	0	23	3	1	0	0	0	2	0	1	0	4	2	0	0	0	5	0	7	4	0	0	58	0	22	0	1	0	0	29	0	0	0	0	1	0	0	0	0	0	0	0
0	93	292	172	158	70	39	1305	6	0	1621	5	30	31	1711	47	27	1447	6191	54	114	1670	0	0	0	17	23	880	5499	21	2173	395	48	1557	23	42	6	0	6369	220	1075	0	248	180	2	30	0	2	1044	61	339	53	2151	249	6132	19	86	150	1495	784	2	4	8	26	7	9311	574	231	0	54	143	2094	39	140	96
0	0	61	13	23	45	2	8	13	7	1	6	15	45	7	17	53	98	13	0	183	9	0	0	17	0	9	36	5	2	12	72	50	64	0	67	21	0	23	4	135	29	84	98	41	25	0	0	121	11	83	11	14	5	129	0	0	31	15	77	4	0	20	46	53	32	154	93	0	36	61	95	49	64	15
0	0	0	42	437	49	0	0	143	0	0	0	30	186	0	185	1659	56	29	102	64	4	0	0	23	9	0	5	90	14	27	5	192	7	15	35	1265	0	37	77	153	802	192	39	2	336	0	0	2	715	5	53	6	0	83	97	2	119	10	395	0	10	153	3472	2541	28	210	4753	0	2815	507	833	433	696	2
0	410	321	73	166	268	1	210	1	2	313	26	39	0	451	25	41	4373	928	34	2402	1243	27	0	880	36	5	0	2466	24	2281	214	130	2125	6	1	0	0	2860	217	4019	0	247	766	0	18	35	7	237	13	820	4	202	537	2435	2	71	57	1323	1177	4	409	1	51	14	769	505	5	0	10	30	448	29	98	64
0	1963	654	106	331	13	46	762	4	0	1392	0	127	59	1204	94	10	3736	5775	38	35	3703	0	0	5499	5	90	2466	0	9	2481	224	68	1632	24	11	7	0	3886	162	1602	0	266	82	0	68	0	5	848	72	85	139	3046	1381	2776	0	342	164	1120	1303	1	4	9	10	15	5264	308	40	0	9	118	799	155	129	186
0	2	32	259	20	94	103	18	18	0	1088	535	0	479	101	6334	1180	16	6	3712	89	9	60	17	21	2	14	24	9	0	31	2	2459	963	1347	113	43	0	32	51	67	5	4257	132	5	4843	1	3	32	23	43	6	50	9	22	2609	0	3076	3	62	48	10	1896	137	195	7	893	493	0	62	1064	81	103	25	0
0	50	2	2757	37	282	428	21	0	0	224	8	0	32	239	30	91	1111	1870	56	6349	1673	0	6	2173	12	27	2281	2481	31	0	1	1	103	8	3	2	0	2	223	5701	0	134	73	7	22	73	7	566	5	1151	2	330	1062	48	1	4	4	1	1516	11	2	6	5	12	82	210	10	0	15	26	16	110	34	348
0	44	282	15	1480	4	6	164	1	2535	2	47	1	46	1	41	23	172	1915	59	949	10	20	0	395	72	5	214	224	2	1	0	39	452	39	85	0	0	1690	68	294	121	87	6488	0	8	0	195	47	53	2755	38	18	4	1510	0	4	5	2	1678	0	0	3	123	27	2623	1186	11	0	3	146	1183	31	296	1
0	0	16	294	180	35	0	11	306	83	13	8	37	348	28	5160	290	74	40	1688	435	0	17	3	48	50	192	130	68	2459	1	39	0	18	2223	10	310	0	50	84	76	195	3655	94	3	1660	7	0	33	125	72	6	19	0	241	882	0	1591	4	41	224	0	452	301	2572	84	161	1548	0	269	565	48	80	361	30
0	228	810	1154	331	770	371	488	10	3	1102	2	14	11	382	2599	143	1260	1540	1317	2802	540	80	0	1557	64	7	2125	1632	963	103	452	18	0	31	29	0	0	743	164	2552	0	3469	1818	0	496	61	8	350	39	1350	0	92	219	889	9	44	14	402	672	7	38	11	22	15	1681	2871	15	0	47	690	200	14	36	1838
0	14	19	14	19	5	0	1	99	0	3	521	3	12	0	322	71	32	11	196	32	6	0	23	23	0	15	6	24	1347	8	39	2223	31	0	0	44	0	34	4	29	21	34	9	3	47	0	0	3	7	9	5	64	0	22	2451	11	2790	22	32	1196	1	2032	61	156	28	1	116	0	21	18	20	30	110	2
0	0	18	3	24	4	0	0	1	1	0	0	3	6	0	0	1	7	0	1	747	0	2	3	42	67	35	1	11	113	3	85	10	29	0	0	2	0	31	841	79	728	24	1344	7	4	1	3	9	3	142	0	0	0	51	3	0	0	0	1346	1	1	0	389	75	4	95	23	0	6	14	143	55	17	21
0	4	12	78	242	5	6	0	0	9	1	8	0	250	1	275	15	4	166	61	52	10	0	1	6	21	1265	0	7	43	2	0	310	0	44	2	0	0	1	201	244	3	34	33	13	1938	9	0	78	25	0	0	4	15	14	7	0	47	0	109	17	0	18	181	4582	44	91	2490	0	438	9	2	21	213	36
0	0	0	0	0	0	0	0	0	0	0	0	0	0	0	0	0	0	0	0	0	0	0	0	0	0	0	0	0	0	0	0	0	0	0	0	0	0	0	0	0	0	0	0	0	0	0	0	0	0	0	0	0	0	0	0	0	0	0	0	0	0	0	0	0	0	0	0	0	0	0	0	0	0	0
0	224	60	45	3042	125	2	393	10	2845	460	98	10	14	776	102	8	1896	5600	60	528	194	28	0	6369	23	37	2860	3886	32	2	1690	50	743	34	31	1	0	0	154	944	3	246	8112	1	15	29	168	443	44	3444	4	280	298	2743	2	27	55	21	4293	0	0	0	725	52	7675	2248	64	0	34	55	992	64	286	156
0	24	16	204	919	158	2	202	2	2184	90	2	75	105	32	122	44	107	286	22	602	62	0	0	220	4	77	217	162	51	223	68	84	164	4	841	201	0	154	0	1572	84	164	3695	18	50	1	5	102	5	678	0	115	51	71	29	2	161	22	5771	6	31	1	756	73	477	253	342	0	699	41	259	46	122	8
0	301	173	866	443	1453	155	188	90	56	1372	6	145	218	533	361	2710	5375	1178	707	7116	2520	0	2	1075	135	153	4019	1602	67	5701	294	76	2552	29	79	244	0	944	1572	0	39	1252	1024	19	1751	57	2	262	47	3740	67	537	489	972	37	78	168	833	6292	8	729	59	228	347	1100	595	854	0	191	239	2083	386	366	3485
0	4	2	124	993	1	0	1	82	3688	1	0	1	10	0	12	41	4	4	17	140	0	0	0	0	29	802	0	0	5	0	121	195	0	21	728	3	0	3	84	39	0	12	449	3	0	0	0	28	212	396	0	2	8	6	0	0	3	5	152	0	0	3	2282	796	10	12	115	0	1397	2	21	156	175	3
0	550	3381	5258	517	686	1541	12	21	100	4766	25	80	333	909	8476	380	370	202	2677	1977	41	18	1	248	84	192	247	266	4257	134	87	3655	3469	34	24	34	0	246	164	1252	12	0	770	5	3139	22	21	1736	29	554	16	99	14	192	832	404	139	35	496	23	18	257	101	257	190	6097	917	0	207	3916	307	63	183	1706
0	63	236	56	4248	518	29	495	14	3124	16	37	96	39	9	52	65	1051	1908	138	788	118	0	0	180	98	39	766	82	132	73	6488	94	1818	9	1344	33	0	8112	3695	1024	449	770	0	21	22	3	167	40	578	3970	56	220	136	5829	51	20	219	144	12933	0	22	10	2978	44	2267	611	118	0	121	422	4275	101	1537	133
0	0	0	0	12	3	0	0	4	0	0	3	0	6314	3	60	3	0	6	157	0	1	0	4	2	41	2	0	0	5	7	0	3	0	3	7	13	0	1	18	19	3	5	21	0	33	0	0	5	150	0	1	0	16	47	4	0	16	0	185	3	3	1	4	24	3	21	61	0	20	5	0	26	11	4
0	0	2	2673	190	10	620	0	3	669	1917	14	0	1120	914	8565	2022	19	162	4929	139	12	0	2	30	25	336	18	68	4843	22	8	1660	496	47	4	1938	0	15	50	1751	0	3139	22	33	0	8	8	145	9	4	941	22	32	40	1079	4	2498	67	113	25	10	3073	168	1187	27	69	1537	0	341	140	6	108	251	2493
0	0	10	0	0	0	0	0	20	0	0	0	1	3	0	1	3	35	0	2	69	0	0	0	0	0	0	35	0	1	73	0	7	61	0	1	9	0	29	1	57	0	22	3	0	8	0	2	0	0	63	0	1	0	0	0	0	7	0	3	0	33	1	1	0	0	22	17	0	50	0	3	25	8	0
0	0	17	0	3	233	0	47	0	1	0	0	34	0	0	37	0	44	3	31	0	0	1	0	2	0	0	7	5	3	7	195	0	8	0	3	0	0	168	5	2	0	21	167	0	8	2	0	2	0	212	0	1	2	84	3	0	1	0	1	129	7	1	0	0	4	71	0	0	0	0	0	51	3	0
0	1752	195	3427	70	16	505	189	15	1	1378	0	9	113	794	82	51	381	1310	40	14	1132	0	0	1044	121	2	237	848	32	566	47	33	350	3	9	78	0	443	102	262	28	1736	40	5	145	0	2	0	51	39	131	1658	499	348	1	790	188	184	355	5	3	14	22	88	1034	1439	157	0	20	371	132	21	102	461
0	0	1	114	1014	10	27	13	13	10	14	97	5	49	0	116	17	16	37	142	9	2	0	5	61	11	715	13	72	23	5	53	125	39	7	3	25	0	44	5	47	212	29	578	150	9	0	0	51	0	23	0	21	18	16	3	1	17	0	159	0	18	24	743	98	24	13	1162	0	900	3	0	91	32	1
0	32	530	5	1056	72	2	19	8	0	33	151	391	9	4	3	190	2480	137	10	6766	1249	14	0	339	83	5	820	85	43	1151	2755	72	1350	9	142	0	0	3444	678	3740	396	554	3970	0	4	63	212	39	23	0	3	218	4	1329	1	22	16	408	1026	0	2	4	50	18	128	622	1	0	1	566	1682	344	347	39
0	16	2	7	22	2	1	0	2	0	11	0	0	101	0	15	41	12	151	208	0	14	0	7	53	11	53	4	139	6	2	38	6	0	5	0	0	0	4	0	67	0	16	56	1	941	0	0	131	0	3	0	25	81	8	46	1	1418	0	2	326	22	272	4	3	24	2	21	0	31	0	2	8	7	0
0	5297	2634	3475	137	19	544	424	7	0	691	2	521	27	325	48	3	172	2086	29	81	3055	0	4	2151	14	6	202	3046	50	330	18	19	92	64	0	4	0	280	115	537	2	99	220	0	22	1	1	1658	21	218	25	0	2734	331	1	1695	31	1178	1023	21	0	0	48	30	956	1828	82	0	62	58	140	5	34	55
0	2176	181	191	23	5	27	121	0	0	166	7	9	29	217	45	7	1317	436	65	28	3227	0	0	249	5	0	537	1381	9	1062	4	0	219	0	0	15	0	298	51	489	8	14	136	16	32	0	2	499	18	4	81	2734	0	325	0	1048	53	2351	139	0	1	23	4	3	223	18	19	0	9	24	140	0	26	119
0	180	213	66	757	50	6	2207	4	17	314	2	27	162	520	182	43	1747	4194	50	216	189	0	0	6132	129	83	2435	2776	22	48	1510	241	889	22	51	14	0	2743	71	972	6	192	5829	47	40	0	84	348	16	1329	8	331	325	0	5	23	129	178	655	0	34	26	170	159	7193	1823	908	0	143	74	2206	145	119	219
0	6	0	16	57	3	1	3	0	1	1	748	3	62	6	4162	212	2	14	1350	18	0	0	58	19	0	97	2	0	2609	1	0	882	9	2451	3	7	0	2	29	37	0	832	51	4	1079	0	3	1	3	1	46	1	0	5	0	0	2364	0	84	6129	0	1506	9	116	6	150	112	0	13	0	2	7	25	15
0	12166	2129	239	6	0	97	10	0	0	588	1	216	2	189	0	0	108	108	16	5	1899	0	0	86	0	2	71	342	0	4	4	0	44	11	0	0	0	27	2	78	0	404	20	0	4	0	0	790	1	22	1	1695	1048	23	0	0	2	784	15	0	0	0	3	2	57	1287	5	0	2	39	10	0	2	10
0	16	77	55	87	11	15	44	36	0	101	919	24	365	2	2460	74	72	179	940	37	16	0	22	150	31	119	57	164	3076	4	5	1591	14	2790	0	47	0	55	161	168	3	139	219	16	2498	7	1	188	17	16	1418	31	53	129	2364	2	0	24	59	1638	57	1333	131	150	245	81	856	0	138	9	27	76	98	66
0	4863	382	300	144	11	119	59	0	0	114	3	1	14	277	133	0	665	1805	175	78	1017	0	0	1495	15	10	1323	1120	3	1	2	4	402	22	0	0	0	21	22	833	5	35	144	0	67	0	0	184	0	408	0	1178	2351	178	0	784	24	0	279	4	0	0	2	21	1058	553	106	0	14	3	5	0	44	1354
0	234	34	271	1864	267	61	382	0	1538	308	29	58	57	518	51	19	435	1834	13	468	485	0	1	784	77	395	1177	1303	62	1516	1678	41	672	32	1346	109	0	4293	5771	6292	152	496	12933	185	113	3	1	355	159	1026	2	1023	139	655	84	15	59	279	0	18	65	2	5341	126	4009	692	227	0	3026	442	2583	162	632	208
0	3	2	84	11	0	0	0	22	6	9	2568	10	54	0	34	2	6	1	1	0	0	0	0	2	4	0	4	1	48	11	0	224	7	1196	1	17	0	0	6	8	0	23	0	3	25	0	129	5	0	0	326	21	0	0	6129	0	1638	4	18	0	10	4206	104	1	4	0	33	0	177	1	27	0	82	1
0	0	18	13	62	33	0	3	0	1	0	0	0	52	5	21	1	302	33	33	220	1	22	0	4	0	10	409	4	10	2	0	0	38	1	1	0	0	0	31	729	0	18	22	3	10	33	7	3	18	2	22	0	1	34	0	0	57	0	65	10	0	1	0	477	9	26	86	0	32	11	88	36	53	6
0	4	1	31	67	0	2	4	6	0	5	145	0	216	0	3044	391	4	8	2755	13	4	0	29	8	20	153	1	9	1896	6	3	452	11	2032	0	18	0	0	1	59	3	257	10	1	3073	1	1	14	24	4	272	0	23	26	1506	0	1333	0	2	4206	1	0	53	274	24	5	203	0	249	11	1	38	78	45
0	2	4	103	2935	10	9	12	26	2959	1	9	22	165	1	137	957	21	59	283	22	1	0	0	26	46	3472	51	10	137	5	123	301	22	61	389	181	0	725	756	228	2282	101	2978	4	168	1	0	22	743	50	4	48	4	170	9	3	131	2	5341	104	0	53	0	925	44	67	6457	0	5014	45	87	337	1171	16
0	0	366	457	173	13	0	51	1082	2364	3	6	49	154	0	254	1356	25	21	349	245	3	0	0	7	53	2541	14	15	195	12	27	2572	15	156	75	4582	0	52	73	347	796	257	44	24	1187	0	0	88	98	18	3	30	3	159	116	2	150	21	126	1	477	274	925	0	79	29	12721	0	589	129	32	287	1109	6
0	110	494	88	233	4	17	3968	41	0	939	1	12	15	1720	38	26	1532	9142	52	102	684	0	0	9311	32	28	769	5264	7	82	2623	84	1681	28	4	44	0	7675	477	1100	10	190	2267	3	27	0	4	1034	24	128	24	956	223	7193	6	57	245	1058	4009	4	9	24	44	79	0	1373	95	0	47	86	2574	7	84	241
0	1721	3529	1527	309	184	560	428	11	16	2319	46	419	39	508	2137	145	861	302	58	677	177	23	0	574	154	210	505	308	893	210	1186	161	2871	1	95	91	0	2248	253	595	12	6097	611	21	69	22	71	1439	13	622	2	1828	18	1823	150	1287	81	553	692	0	26	5	67	29	1373	0	248	0	44	2312	2388	79	289	245
0	18	26	432	491	25	0	1	248	1146	16	26	86	1035	5	934	2755	189	371	362	247	5	0	1	231	93	4753	5	40	493	10	11	1548	15	116	23	2490	0	64	342	854	115	917	118	61	1537	17	0	157	1162	1	21	82	19	908	112	5	856	106	227	33	86	203	6457	12721	95	248	0	0	3084	196	95	808	1814	346
0	0	0	0	0	0	0	0	0	0	0	0	0	0	0	0	0	0	5	0	0	0	0	0	0	0	0	0	0	0	0	0	0	0	0	0	0	0	0	0	0	0	0	0	0	0	0	0	0	0	0	0	0	0	0	0	0	0	0	0	0	0	0	0	0	0	0	0	0	0	0	0	0	0	0
0	5	10	107	2184	56	1	4	117	22	9	30	27	336	11	157	542	27	51	40	182	9	0	0	54	36	2815	10	9	62	15	3	269	47	21	6	438	0	34	699	191	1397	207	121	20	341	50	0	20	900	1	31	62	9	143	13	2	138	14	3026	177	32	249	5014	589	47	44	3084	0	0	72	56	400	911	11
0	93	1719	1255	156	46	367	10	65	16	469	5	6	93	152	3725	40	106	132	768	3177	38	52	0	143	61	507	30	118	1064	26	146	565	690	18	14	9	0	55	41	239	2	3916	422	5	140	0	0	371	3	566	0	58	24	74	0	39	9	3	442	1	11	11	45	129	86	2312	196	0	72	0	86	54	75	172
0	429	73	103	1334	21	44	967	0	2	69	91	2	120	99	299	84	416	1164	106	1826	136	8	0	2094	95	833	448	799	81	16	1183	48	200	20	143	2	0	992	259	2083	21	307	4275	0	6	3	0	132	0	1682	2	140	140	2206	2	10	27	5	2583	27	88	1	87	32	2574	2388	95	0	56	86	0	6	247	41
0	0	37	96	120	145	0	1	36	889	18	3	81	247	0	54	140	88	19	274	161	62	0	0	39	49	433	29	155	103	110	31	80	14	30	55	21	0	64	46	386	156	63	101	26	108	25	51	21	91	344	8	5	0	145	7	0	76	0	162	0	36	38	337	287	7	79	808	0	400	54	6	0	56	20
0	15	35	160	696	36	15	7	51	409	35	12	6	358	16	272	282	106	283	92	583	19	0	0	140	64	696	98	129	25	34	296	361	36	110	17	213	0	286	122	366	175	183	1537	11	251	8	3	102	32	347	7	34	26	119	25	2	98	44	632	82	53	78	1171	1109	84	289	1814	0	911	75	247	56	0	64
0	186	24	3471	46	50	1003	23	1	1	2855	6	13	42	1300	6	21	124	304	58	42	729	0	0	96	15	2	64	186	0	348	1	30	1838	2	21	36	0	156	8	3485	3	1706	133	4	2493	0	0	461	1	39	0	55	119	219	15	10	66	1354	208	1	6	45	16	6	241	245	346	0	11	172	41	20	64	0
