0	0	0	0	0	0	0	0	0	0	0	0	0	0	0	0	0	0	0	0	0	0	0	0	0	0	0	0	0	0	0	0	0	0	0	0	0	0	0	0	0	0	0	0	0	0	0	0	0	0	0	0	0	0	0	0	0	0	0	0	0	0	0	0	0	0	0	0	0	0	0	0	0	0	0
0	0	1195	161	0	0	40	0	0	0	206	0	114	0	8	0	0	193	60	2	0	1109	0	0	5	0	0	64	34	0	6	0	0	58	0	0	0	0	11	0	30	2	112	5	0	0	0	0	201	0	2	0	991	440	27	0	1615	0	1665	24	0	0	0	0	0	10	286	0	0	4	2	311	0	0	168
0	1195	0	1	1	0	5	0	0	0	0	0	0	4	0	5	0	21	9	0	106	52	0	0	33	4	0	62	101	0	0	38	0	6	0	0	0	0	8	0	57	0	232	21	0	0	0	0	13	0	220	0	254	53	26	0	212	35	46	2	0	0	0	0	22	65	403	0	0	1	14	32	37	0	1
0	161	1	0	8	0	1264	0	158	0	800	0	0	105	3	414	11	14	13	25	1	257	0	0	13	11	6	13	22	67	250	8	73	98	8	0	0	0	8	0	35	8	559	3	0	319	0	0	180	12	3	6	408	29	14	0	17	21	99	10	0	0	1	70	196	14	125	170	0	84	71	22	74	53	167
0	0	1	8	0	0	0	0	6	0	0	0	1	3	0	8	10	1	0	0	7	2	0	0	0	5	5	2	0	5	3	21	4	1	0	0	0	0	10	3	5	5	9	10	0	7	0	0	2	3	13	3	1	0	14	5	0	1	2	14	0	0	1	26	10	1	3	10	0	7	11	9	6	0	2
0	0	0	0	0	0	0	0	0	0	0	0	0	0	0	0	0	0	0	0	0	0	0	0	0	0	0	0	0	0	0	0	0	0	0	0	0	0	0	0	0	0	0	0	0	0	0	0	0	0	0	0	0	0	0	0	0	0	0	0	0	0	0	0	0	0	0	0	0	0	0	0	0	0	0
0	40	5	1264	0	0	0	0	0	0	391	0	0	38	0	486	0	1	16	2	0	304	0	0	2	1	0	1	2	66	186	1	0	177	0	0	0	0	0	0	44	0	384	0	0	148	0	0	86	0	0	0	189	15	0	0	55	12	106	0	0	0	0	0	0	0	91	0	0	1	3	31	0	3	154
0	0	0	0	0	0	0	0	0	0	0	0	0	0	0	0	0	0	0	0	0	0	0	0	0	0	0	0	0	0	0	0	0	0	0	0	0	0	0	0	0	0	0	0	0	0	0	0	0	0	0	0	0	0	0	0	0	0	0	0	0	0	0	0	0	0	0	0	0	0	0	0	0	0	0
0	0	0	158	6	0	0	0	0	0	0	0	0	22	0	10	59	0	1	7	164	0	0	0	0	6	18	1	0	2	0	1	0	0	14	0	0	0	0	0	47	0	4	1	0	0	0	0	0	0	0	0	4	0	2	0	0	18	0	0	0	0	0	5	88	3	2	83	0	26	5	0	16	4	0
0	0	0	0	0	0	0	0	0	0	0	0	0	0	0	0	0	0	0	0	0	0	0	0	0	0	0	0	0	0	0	0	0	0	0	0	0	0	0	0	0	0	0	0	0	0	0	0	0	0	0	0	0	0	0	0	0	0	0	0	0	0	0	0	0	0	0	0	0	0	0	0	0	0	0
0	206	0	800	0	0	391	0	0	0	0	0	0	44	0	621	0	63	129	16	0	60	0	0	169	0	0	2	217	137	0	1	0	4	0	0	0	0	19	0	55	0	384	2	0	26	0	0	94	0	5	0	18	81	0	0	5	0	0	0	0	0	0	0	0	101	260	0	0	0	1	0	1	0	0
0	0	0	0	0	0	0	0	0	0	0	0	0	1	0	0	0	10	0	0	0	0	0	0	1	0	0	0	0	0	0	0	0	0	0	0	0	0	0	0	0	0	0	0	0	0	0	0	0	0	124	0	0	7	0	1	0	0	0	0	0	0	1	0	0	0	0	1	0	0	0	23	0	0	1
0	114	0	0	1	0	0	0	0	0	0	0	0	1	0	0	0	2	1	0	2	0	0	0	6	0	2	7	9	0	0	0	0	0	0	0	0	0	10	0	5	0	2	5	0	0	0	0	0	0	166	0	1	0	0	0	0	0	0	0	0	0	0	0	12	1	2	3	0	6	0	0	44	0	0
0	0	4	105	3	0	38	0	22	0	44	1	1	0	0	107	33	1	0	36	0	0	0	0	0	0	40	0	0	107	0	43	18	1	3	0	0	0	0	5	3	0	15	0	844	137	0	0	17	1	0	5	0	0	16	0	0	64	0	7	0	0	44	18	50	1	1	95	0	41	23	0	42	46	8
0	8	0	3	0	0	0	0	0	0	0	0	0	0	0	0	0	5	323	13	0	52	0	0	267	0	0	66	413	0	0	0	0	0	0	0	0	0	7	0	0	0	1	1	0	0	0	0	44	0	0	0	3	20	1	0	0	0	0	0	0	0	0	0	0	226	9	0	0	1	0	0	0	0	0
0	0	5	414	8	0	486	0	10	0	621	0	0	107	0	0	260	0	0	1177	2	0	0	0	0	0	9	0	0	1127	4	15	402	174	78	0	0	0	0	0	17	0	921	2	6	593	0	0	6	42	1	6	0	8	29	169	0	327	0	4	0	0	187	21	22	1	47	96	0	48	90	118	28	35	2
0	0	0	11	10	0	0	0	59	0	0	0	0	33	0	260	0	3	26	742	451	0	0	0	13	15	386	20	6	171	7	23	0	0	2	0	0	0	0	0	181	0	94	12	0	52	0	0	43	0	36	0	0	1	4	0	0	3	0	0	0	0	1	80	143	0	8	568	0	91	1	0	25	1	0
0	193	21	14	1	0	1	0	0	0	63	10	2	1	5	0	3	0	120	19	328	476	0	0	153	26	0	522	754	0	58	33	1	193	2	0	0	0	375	0	295	0	38	113	0	2	0	0	64	10	622	1	34	230	83	0	6	12	97	11	0	0	0	12	1	167	93	17	0	9	16	13	39	3	1
0	60	9	13	0	0	16	0	1	0	129	0	1	0	323	0	26	120	0	18	23	197	0	0	823	0	0	118	1478	1	163	336	0	328	0	0	0	0	523	23	119	1	15	511	0	8	0	0	57	3	73	23	377	51	449	1	13	9	87	191	0	0	1	5	1	1008	11	4	0	3	34	169	1	14	29
0	2	0	25	0	0	2	0	7	0	16	0	0	36	13	1177	742	19	18	0	26	16	0	0	14	0	18	25	33	895	5	4	295	85	64	0	0	0	12	0	28	4	561	19	0	917	0	0	37	18	1	79	4	1	16	157	0	241	0	3	0	0	441	10	89	6	5	20	0	4	190	55	10	10	24
0	0	106	1	7	0	0	0	164	0	0	0	2	0	0	2	451	328	23	26	0	32	0	0	6	16	8	257	1	0	506	34	78	14	5	0	0	0	9	18	493	0	171	85	0	0	0	0	6	2	1433	0	16	2	17	0	0	5	4	4	0	0	0	6	78	19	64	42	0	83	187	348	0	10	0
0	1109	52	257	2	0	304	0	0	0	60	0	0	0	52	0	0	476	197	16	32	0	0	0	290	0	0	269	686	0	456	8	0	51	0	0	0	0	72	3	386	0	16	5	0	1	0	0	114	0	227	3	593	497	37	0	337	2	537	43	0	0	0	0	1	264	33	0	0	2	16	15	36	2	149
0	0	0	0	0	0	0	0	0	0	0	0	0	0	0	0	0	0	0	0	0	0	0	0	0	0	0	0	0	0	0	0	0	0	0	0	0	0	0	0	0	0	0	0	0	0	0	0	0	0	0	0	0	0	0	0	0	0	0	0	0	0	0	0	0	0	0	0	0	0	0	0	0	0	0
0	0	0	0	0	0	0	0	0	0	0	0	0	0	0	0	0	0	0	0	0	0	0	0	0	0	0	0	0	0	0	0	0	0	0	0	0	0	0	0	0	0	0	0	0	0	0	0	0	0	0	0	0	0	0	0	0	0	0	0	0	0	0	0	0	0	0	0	0	0	0	0	0	0	0
0	5	33	13	0	0	2	0	0	0	169	1	6	0	267	0	13	153	823	14	6	290	0	0	0	0	1	140	1121	0	155	65	0	326	0	0	0	0	742	0	136	0	22	12	0	1	0	0	31	12	32	15	261	14	687	0	3	14	68	84	0	0	1	8	1	1126	151	20	0	2	28	155	8	7	26
0	0	4	11	5	0	1	0	6	0	0	0	0	0	0	0	15	26	0	0	16	0	0	0	0	0	0	0	0	0	0	16	9	2	0	0	0	0	0	0	0	11	12	10	4	15	0	0	98	4	26	5	2	0	59	0	0	24	4	16	0	0	2	9	1	0	12	8	0	17	18	21	0	23	3
0	0	0	6	5	0	0	0	18	0	0	0	2	40	0	9	386	0	0	18	8	0	0	0	1	0	0	0	1	0	0	1	25	2	0	0	0	0	3	6	5	23	7	5	0	24	0	0	0	157	0	1	4	0	36	0	0	41	0	79	0	0	10	470	480	1	29	1226	0	721	6	30	5	110	0
0	64	62	13	2	0	1	0	1	0	2	0	7	0	66	0	20	522	118	25	257	269	0	0	140	0	0	0	625	0	239	65	2	188	3	0	0	0	590	4	301	0	38	168	0	0	0	0	11	0	239	0	25	43	189	0	4	9	203	16	0	0	1	47	0	151	15	3	0	6	3	32	1	6	0
0	34	101	22	0	0	2	0	0	0	217	0	9	0	413	0	6	754	1478	33	1	686	0	0	1121	0	1	625	0	0	445	22	10	772	0	0	0	0	854	13	214	0	36	17	0	0	0	0	116	17	7	28	440	115	580	0	8	9	38	118	0	0	1	0	4	1320	95	0	0	1	53	116	69	11	51
0	0	0	67	5	0	66	0	2	0	137	0	0	107	0	1127	171	0	1	895	0	0	0	0	0	0	0	0	0	0	0	0	152	0	118	0	0	0	0	0	0	0	603	1	0	533	0	0	0	0	0	1	2	0	2	29	0	498	0	0	0	0	219	8	2	0	63	9	0	21	28	9	16	0	0
0	6	0	250	3	0	186	0	0	0	0	0	0	0	0	4	7	58	163	5	506	456	0	0	155	0	0	239	445	0	0	1	0	0	0	0	0	0	0	0	201	0	17	9	0	0	0	0	75	0	132	0	40	183	3	0	0	1	0	0	0	0	0	0	0	29	7	1	0	2	2	0	56	0	0
0	0	38	8	21	0	1	0	1	0	1	0	0	43	0	15	23	33	336	4	34	8	0	0	65	16	1	65	22	0	1	0	15	326	0	0	0	0	189	1	33	0	44	996	0	8	0	0	20	0	939	38	16	0	267	0	0	2	1	0	0	0	3	88	12	499	108	8	0	1	51	208	31	33	0
0	0	0	73	4	0	0	0	0	0	0	0	0	18	0	402	0	1	0	295	78	0	0	0	0	9	25	2	10	152	0	15	0	0	55	0	0	0	1	0	0	0	273	16	0	2	0	0	6	0	30	0	1	0	1	0	0	120	0	0	0	0	0	1	124	6	2	167	0	37	5	0	18	0	0
0	58	6	98	1	0	177	0	0	0	4	0	0	1	0	174	0	193	328	85	14	51	0	0	326	2	2	188	772	0	0	326	0	0	2	0	0	0	299	0	32	0	120	337	0	0	0	0	35	2	665	0	18	33	25	0	2	4	0	0	0	0	0	14	1	354	112	4	0	1	4	6	0	0	0
0	0	0	8	0	0	0	0	14	0	0	0	0	3	0	78	2	2	0	64	5	0	0	0	0	0	0	3	0	118	0	0	55	2	0	0	0	0	2	0	1	0	0	1	0	4	0	0	2	0	0	0	0	0	1	181	0	436	0	0	0	0	89	10	13	0	0	9	0	1	0	0	0	2	0
0	0	0	0	0	0	0	0	0	0	0	0	0	0	0	0	0	0	0	0	0	0	0	0	0	0	0	0	0	0	0	0	0	0	0	0	0	0	0	0	0	0	0	0	0	0	0	0	0	0	0	0	0	0	0	0	0	0	0	0	0	0	0	0	0	0	0	0	0	0	0	0	0	0	0
0	0	0	0	0	0	0	0	0	0	0	0	0	0	0	0	0	0	0	0	0	0	0	0	0	0	0	0	0	0	0	0	0	0	0	0	0	0	0	0	0	0	0	0	0	0	0	0	0	0	0	0	0	0	0	0	0	0	0	0	0	0	0	0	0	0	0	0	0	0	0	0	0	0	0
0	0	0	0	0	0	0	0	0	0	0	0	0	0	0	0	0	0	0	0	0	0	0	0	0	0	0	0	0	0	0	0	0	0	0	0	0	0	0	0	0	0	0	0	0	0	0	0	0	0	0	0	0	0	0	0	0	0	0	0	0	0	0	0	0	0	0	0	0	0	0	0	0	0	0
0	11	8	8	10	0	0	0	0	0	19	0	10	0	7	0	0	375	523	12	9	72	0	0	742	0	3	590	854	0	0	189	1	299	2	0	0	0	0	11	65	1	53	968	0	0	0	0	43	3	791	2	57	31	205	0	0	11	0	176	0	0	0	142	3	909	392	32	0	2	5	92	30	18	4
0	0	0	0	3	0	0	0	0	0	0	0	0	5	0	0	0	0	23	0	18	3	0	0	0	0	6	4	13	0	0	1	0	0	0	0	0	0	11	0	85	0	0	186	0	0	0	0	13	0	64	0	0	0	1	0	0	0	0	0	0	0	0	0	0	31	0	4	0	156	0	0	0	0	0
0	30	57	35	5	0	44	0	47	0	55	0	5	3	0	17	181	295	119	28	493	386	0	0	136	0	5	301	214	0	201	33	0	32	1	0	0	0	65	85	0	0	104	128	0	93	0	0	44	0	623	0	33	64	75	0	0	17	27	223	0	0	4	5	8	157	66	92	0	17	9	221	62	7	116
0	2	0	8	5	0	0	0	0	0	0	0	0	0	0	0	0	0	1	4	0	0	0	0	0	11	23	0	0	0	0	0	0	0	0	0	0	0	1	0	0	0	0	25	0	0	0	0	3	0	31	0	0	0	2	0	0	0	0	0	0	0	0	102	19	0	0	3	0	198	0	0	13	1	0
0	112	232	559	9	0	384	0	4	0	384	0	2	15	1	921	94	38	15	561	171	16	0	0	22	12	7	38	36	603	17	44	273	120	0	0	0	0	53	0	104	0	0	123	0	177	0	0	63	0	179	4	8	2	16	38	82	19	7	7	0	0	82	17	13	10	528	85	0	15	180	130	3	11	145
0	5	21	3	10	0	0	0	1	0	2	0	5	0	1	2	12	113	511	19	85	5	0	0	12	10	5	168	17	1	9	996	16	337	1	0	0	0	968	186	128	25	123	0	0	1	0	0	5	47	791	53	53	26	443	0	0	42	15	579	0	0	0	337	7	405	60	13	0	20	40	419	5	92	18
0	0	0	0	0	0	0	0	0	0	0	0	0	844	0	6	0	0	0	0	0	0	0	0	0	4	0	0	0	0	0	0	0	0	0	0	0	0	0	0	0	0	0	0	0	0	0	0	1	0	0	0	0	5	0	0	0	0	0	0	0	0	0	0	0	0	0	0	0	0	0	0	0	0	0
0	0	0	319	7	0	148	0	0	0	26	0	0	137	0	593	52	2	8	917	0	1	0	0	1	15	24	0	0	533	0	8	2	0	4	0	0	0	0	0	93	0	177	1	0	0	0	0	101	0	3	118	3	0	4	3	1	396	0	0	0	0	204	0	5	4	8	90	0	65	1	0	17	12	0
0	0	0	0	0	0	0	0	0	0	0	0	0	0	0	0	0	0	0	0	0	0	0	0	0	0	0	0	0	0	0	0	0	0	0	0	0	0	0	0	0	0	0	0	0	0	0	0	0	0	0	0	0	0	0	0	0	0	0	0	0	0	0	0	0	0	0	0	0	0	0	0	0	0	0
0	0	0	0	0	0	0	0	0	0	0	0	0	0	0	0	0	0	0	0	0	0	0	0	0	0	0	0	0	0	0	0	0	0	0	0	0	0	0	0	0	0	0	0	0	0	0	0	0	0	0	0	0	0	0	0	0	0	0	0	0	0	0	0	0	0	0	0	0	0	0	0	0	0	0
0	201	13	180	2	0	86	0	0	0	94	0	0	17	44	6	43	64	57	37	6	114	0	0	31	98	0	11	116	0	75	20	6	35	2	0	0	0	43	13	44	3	63	5	1	101	0	0	0	3	25	95	75	2	112	1	14	89	50	12	0	0	6	19	10	51	25	84	0	5	5	15	1	39	22
0	0	0	12	3	0	0	0	0	0	0	0	0	1	0	42	0	10	3	18	2	0	0	0	12	4	157	0	17	0	0	0	0	2	0	0	0	0	3	0	0	0	0	47	0	0	0	0	3	0	16	0	7	10	1	0	0	5	0	0	0	0	0	23	6	2	1	151	0	182	1	0	0	1	0
0	2	220	3	13	0	0	0	0	0	5	124	166	0	0	1	36	622	73	1	1433	227	0	0	32	26	0	239	7	0	132	939	30	665	0	0	0	0	791	64	623	31	179	791	0	3	0	0	25	16	0	0	109	0	191	0	0	2	126	399	0	0	3	33	16	55	203	0	0	1	145	470	128	117	15
0	0	0	6	3	0	0	0	0	0	0	0	0	5	0	6	0	1	23	79	0	3	0	0	15	5	1	0	28	1	0	38	0	0	0	0	0	0	2	0	0	0	4	53	0	118	0	0	95	0	0	0	13	18	2	0	0	164	0	0	0	0	0	0	2	0	0	0	0	3	0	0	4	0	0
0	991	254	408	1	0	189	0	4	0	18	0	1	0	3	0	0	34	377	4	16	593	0	0	261	2	4	25	440	2	40	16	1	18	0	0	0	0	57	0	33	0	8	53	0	3	0	0	75	7	109	13	0	419	4	0	166	1	117	31	0	0	0	12	0	128	195	0	0	5	30	110	2	0	1
0	440	53	29	0	0	15	0	0	0	81	7	0	0	20	8	1	230	51	1	2	497	0	0	14	0	0	43	115	0	183	0	0	33	0	0	0	0	31	0	64	0	2	26	5	0	0	0	2	10	0	18	419	0	30	0	132	23	593	6	0	0	0	1	0	45	4	0	0	1	5	9	0	8	77
0	27	26	14	14	0	0	0	2	0	0	0	0	16	1	29	4	83	449	16	17	37	0	0	687	59	36	189	580	2	3	267	1	25	1	0	0	0	205	1	75	2	16	443	0	4	0	0	112	1	191	2	4	30	0	0	0	23	5	3	0	0	0	34	10	671	192	182	0	31	14	18	66	14	1
0	0	0	0	5	0	0	0	0	0	0	1	0	0	0	169	0	0	1	157	0	0	0	0	0	0	0	0	0	29	0	0	0	0	181	0	0	0	0	0	0	0	38	0	0	3	0	0	1	0	0	0	0	0	0	0	0	107	0	0	0	0	22	0	1	0	5	2	0	1	0	0	0	1	0
0	1615	212	17	0	0	55	0	0	0	5	0	0	0	0	0	0	6	13	0	0	337	0	0	3	0	0	4	8	0	0	0	0	2	0	0	0	0	0	0	0	0	82	0	0	1	0	0	14	0	0	0	166	132	0	0	0	0	148	0	0	0	0	2	0	2	79	0	0	0	0	6	0	0	4
0	0	35	21	1	0	12	0	18	0	0	0	0	64	0	327	3	12	9	241	5	2	0	0	14	24	41	9	9	498	1	2	120	4	436	0	0	0	11	0	17	0	19	42	0	396	0	0	89	5	2	164	1	23	23	107	0	0	0	1	0	0	167	13	17	70	9	98	0	12	4	5	6	28	7
0	1665	46	99	2	0	106	0	0	0	0	0	0	0	0	0	0	97	87	0	4	537	0	0	68	4	0	203	38	0	0	1	0	0	0	0	0	0	0	0	27	0	7	15	0	0	0	0	50	0	126	0	117	593	5	0	148	0	0	0	0	0	0	0	0	24	54	0	0	0	0	0	0	0	0
0	24	2	10	14	0	0	0	0	0	0	0	0	7	0	4	0	11	191	3	4	43	0	0	84	16	79	16	118	0	0	0	0	0	0	0	0	0	176	0	223	0	7	579	0	0	0	0	12	0	399	0	31	6	3	0	0	1	0	0	0	0	0	124	0	400	28	14	0	572	1	0	60	0	0
0	0	0	0	0	0	0	0	0	0	0	0	0	0	0	0	0	0	0	0	0	0	0	0	0	0	0	0	0	0	0	0	0	0	0	0	0	0	0	0	0	0	0	0	0	0	0	0	0	0	0	0	0	0	0	0	0	0	0	0	0	0	0	0	0	0	0	0	0	0	0	0	0	0	0
0	0	0	0	0	0	0	0	0	0	0	0	0	0	0	0	0	0	0	0	0	0	0	0	0	0	0	0	0	0	0	0	0	0	0	0	0	0	0	0	0	0	0	0	0	0	0	0	0	0	0	0	0	0	0	0	0	0	0	0	0	0	0	0	0	0	0	0	0	0	0	0	0	0	0
0	0	0	1	1	0	0	0	0	0	0	1	0	44	0	187	1	0	1	441	0	0	0	0	1	2	10	1	1	219	0	3	0	0	89	0	0	0	0	0	4	0	82	0	0	204	0	0	6	0	3	0	0	0	0	22	0	167	0	0	0	0	0	0	7	2	0	3	0	18	0	0	1	0	0
0	0	0	70	26	0	0	0	5	0	0	0	0	18	0	21	80	12	5	10	6	0	0	0	8	9	470	47	0	8	0	88	1	14	10	0	0	0	142	0	5	102	17	337	0	0	0	0	19	23	33	0	12	1	34	0	2	13	0	124	0	0	0	0	72	18	2	571	0	934	5	8	39	45	1
0	0	22	196	10	0	0	0	88	0	0	0	12	50	0	22	143	1	1	89	78	1	0	0	1	1	480	0	4	2	0	12	124	1	13	0	0	0	3	0	8	19	13	7	0	5	0	0	10	6	16	2	0	0	10	1	0	17	0	0	0	0	7	72	0	2	1	973	0	123	21	0	46	58	0
0	10	65	14	1	0	0	0	3	0	101	0	1	1	226	1	0	167	1008	6	19	264	0	0	1126	0	1	151	1320	0	29	499	6	354	0	0	0	0	909	31	157	0	10	405	0	4	0	0	51	2	55	0	128	45	671	0	2	70	24	400	0	0	2	18	2	0	309	2	0	3	10	249	0	4	27
0	286	403	125	3	0	91	0	2	0	260	0	2	1	9	47	8	93	11	5	64	33	0	0	151	12	29	15	95	63	7	108	2	112	0	0	0	0	392	0	66	0	528	60	0	8	0	0	25	1	203	0	195	4	192	5	79	9	54	28	0	0	0	2	1	309	0	14	0	2	149	318	9	20	16
0	0	0	170	10	0	0	0	83	0	0	1	3	95	0	96	568	17	4	20	42	0	0	0	20	8	1226	3	0	9	1	8	167	4	9	0	0	0	32	4	92	3	85	13	0	90	0	0	84	151	0	0	0	0	182	2	0	98	0	14	0	0	3	571	973	2	14	0	0	623	17	7	53	169	24
0	0	0	0	0	0	0	0	0	0	0	0	0	0	0	0	0	0	0	0	0	0	0	0	0	0	0	0	0	0	0	0	0	0	0	0	0	0	0	0	0	0	0	0	0	0	0	0	0	0	0	0	0	0	0	0	0	0	0	0	0	0	0	0	0	0	0	0	0	0	0	0	0	0	0
0	4	1	84	7	0	1	0	26	0	0	0	6	41	1	48	91	9	3	4	83	2	0	0	2	17	721	6	1	21	2	1	37	1	1	0	0	0	2	156	17	198	15	20	0	65	0	0	5	182	1	3	5	1	31	1	0	12	0	572	0	0	18	934	123	3	2	623	0	0	43	3	42	144	2
0	2	14	71	11	0	3	0	5	0	1	0	0	23	0	90	1	16	34	190	187	16	0	0	28	18	6	3	53	28	2	51	5	4	0	0	0	0	5	0	9	0	180	40	0	1	0	0	5	1	145	0	30	5	14	0	0	4	0	1	0	0	0	5	21	10	149	17	0	43	0	6	21	8	1
0	311	32	22	9	0	31	0	0	0	0	23	0	0	0	118	0	13	169	55	348	15	0	0	155	21	30	32	116	9	0	208	0	6	0	0	0	0	92	0	221	0	130	419	0	0	0	0	15	0	470	0	110	9	18	0	6	5	0	0	0	0	0	8	0	249	318	7	0	3	6	0	0	2	0
0	0	37	74	6	0	0	0	16	0	1	0	44	42	0	28	25	39	1	10	0	36	0	0	8	0	5	1	69	16	56	31	18	0	0	0	0	0	30	0	62	13	3	5	0	17	0	0	1	0	128	4	2	0	66	0	0	6	0	60	0	0	1	39	46	0	9	53	0	42	21	0	0	19	0
0	0	0	53	0	0	3	0	4	0	0	0	0	46	0	35	1	3	14	10	10	2	0	0	7	23	110	6	11	0	0	33	0	0	2	0	0	0	18	0	7	1	11	92	0	12	0	0	39	1	117	0	0	8	14	1	0	28	0	0	0	0	0	45	58	4	20	169	0	144	8	2	19	0	0
0	168	1	167	2	0	154	0	0	0	0	1	0	8	0	2	0	1	29	24	0	149	0	0	26	3	0	0	51	0	0	0	0	0	0	0	0	0	4	0	116	0	145	18	0	0	0	0	22	0	15	0	1	77	1	0	4	7	0	0	0	0	0	1	0	27	16	24	0	2	1	0	0	0	0
