0	0	0	0	0	0	0	0	0	0	0	0	0	0	0	0	0	0	0	0	0	0	0	0	0	0	0	0	0	0	0	0	0	0	0	0	0	0	0	0	0	0	0	0	0	0	0	0	0	0	0	0	0	0	0	0	0	0	0	0	0	0	0	0	0	0	0	0	0	0	0	0	0	0	0
0	0	1155	169	0	0	6	2	0	0	442	0	154	0	16	0	0	233	80	0	0	1251	0	0	8	0	0	49	25	0	4	0	0	68	0	0	0	0	9	0	15	0	165	4	0	0	0	0	267	0	4	0	1123	506	31	2	2023	0	1721	46	0	0	2	0	0	29	415	0	0	4	50	349	0	0	154
0	1155	0	28	1	0	2	1	0	0	0	0	1	0	0	7	0	74	28	0	255	128	0	0	31	13	0	57	120	0	0	218	0	13	0	0	0	0	5	0	55	0	370	38	0	0	0	0	90	0	301	0	229	79	40	0	310	26	48	0	0	0	0	0	45	71	511	0	0	2	18	39	0	1	1
0	169	28	0	10	0	561	1	252	0	820	0	1	105	6	403	11	9	15	7	1	323	0	0	5	11	6	0	24	75	314	8	73	51	8	0	0	0	1	0	98	8	672	3	0	369	0	0	106	12	3	6	443	11	9	0	18	17	49	43	0	0	1	69	196	2	239	170	0	87	299	23	74	57	270
0	0	1	10	0	0	0	5	15	0	1	0	24	31	0	12	5	9	5	10	27	2	0	0	5	9	15	0	1	4	6	134	18	75	1	0	0	0	338	348	48	21	112	733	1	9	0	0	7	153	308	10	13	0	36	2	1	8	5	368	0	0	27	245	32	2	11	62	0	341	57	186	22	21	4
0	0	0	0	0	0	0	0	0	0	0	0	0	0	0	0	0	0	0	0	0	0	0	0	0	0	0	0	0	0	0	0	0	0	0	0	0	0	0	0	0	0	0	0	0	0	0	0	0	0	0	0	0	0	0	0	0	0	0	0	0	0	0	0	0	0	0	0	0	0	0	0	0	0	0
0	6	2	561	0	0	0	0	0	0	149	0	0	38	0	183	0	0	16	1	0	169	0	0	1	0	0	0	1	20	77	0	0	4	0	0	0	0	0	0	12	0	217	0	0	74	0	0	21	0	0	0	64	5	0	0	1	0	7	0	0	0	0	0	0	0	91	0	0	1	0	31	0	2	89
0	2	1	1	5	0	0	0	0	0	0	0	0	1	0	0	0	48	248	0	4	0	0	0	185	0	0	0	214	0	0	157	0	2	1	0	0	0	0	0	3	0	0	170	0	0	0	0	52	0	17	0	1	1	13	0	0	0	0	0	0	0	0	0	16	248	82	0	0	0	0	0	0	0	0
0	0	0	252	15	0	0	0	0	0	0	0	0	24	0	14	163	3	1	67	330	0	0	0	0	11	122	0	0	2	0	1	0	0	4	0	0	0	0	0	47	15	4	1	0	0	0	0	13	0	2	0	4	0	0	0	0	21	0	0	0	0	0	0	132	3	4	76	0	45	5	0	16	13	0
0	0	0	0	0	0	0	0	0	0	0	0	0	0	0	0	0	0	0	0	0	0	0	0	0	0	0	0	0	0	0	0	0	0	0	0	0	0	0	0	0	0	0	0	0	0	0	0	0	0	0	0	0	0	0	0	0	0	0	0	0	0	0	0	0	0	0	0	0	0	0	0	0	0	0
0	442	0	820	1	0	149	0	0	0	0	0	0	53	0	594	0	63	215	23	0	61	0	0	205	1	0	0	249	370	0	1	0	44	0	0	0	0	19	0	63	0	420	2	0	26	0	0	248	0	5	0	92	81	1	0	53	3	0	0	0	0	0	0	0	135	404	0	0	2	3	0	0	1	0
0	0	0	0	0	0	0	0	0	0	0	0	0	1	0	3	0	12	0	1	0	0	0	0	0	0	0	0	0	0	0	0	0	0	0	0	0	0	0	0	0	0	0	0	0	0	0	0	0	0	0	0	0	0	0	1	0	0	0	0	0	0	0	0	0	0	0	1	0	1	0	23	0	0	1
0	154	1	1	24	0	0	0	0	0	0	0	0	9	0	0	10	1	1	0	8	0	0	0	2	0	30	7	5	0	0	1	0	0	0	0	0	0	10	0	8	0	5	7	0	0	0	0	6	0	209	0	7	0	6	0	23	3	0	0	0	0	0	0	13	1	2	18	0	6	0	0	0	0	0
0	0	0	105	31	0	38	1	24	0	53	1	9	0	0	121	65	4	1	114	0	0	0	0	0	13	81	0	1	132	2	43	26	2	3	0	0	0	0	5	16	7	74	3	629	162	0	0	77	2	0	13	0	0	22	1	0	60	1	9	0	0	85	23	74	3	2	137	0	53	46	0	89	107	15
0	16	0	6	0	0	0	0	0	0	0	0	0	0	0	1	0	6	283	0	0	10	0	0	246	0	0	29	245	0	0	0	0	0	0	0	0	0	7	0	1	0	1	1	0	0	0	0	148	0	0	0	2	20	9	0	0	0	0	0	0	0	0	0	0	187	8	0	0	0	0	0	0	0	0
0	0	7	403	12	0	183	0	14	0	594	3	0	121	1	0	284	2	0	1122	5	0	0	0	17	1	77	0	3	1135	4	15	466	196	128	0	0	0	0	1	17	1	966	12	7	644	0	0	6	47	1	6	13	8	21	136	0	432	24	4	0	0	424	22	35	1	74	140	0	69	445	120	35	20	0
0	0	0	11	5	0	0	0	163	0	0	0	10	65	0	284	0	5	26	723	670	0	0	0	14	21	621	2	5	183	30	23	2	21	0	0	0	0	0	0	387	24	81	12	2	242	0	0	50	2	35	0	0	0	5	0	0	1	0	0	0	0	39	31	178	1	11	440	0	129	3	1	12	6	0
0	233	74	9	9	0	0	48	3	0	63	12	1	4	6	2	5	0	203	2	614	280	0	0	98	44	0	130	643	0	174	54	1	286	0	0	0	0	345	0	558	3	34	87	0	9	0	0	199	11	768	0	44	349	102	0	31	7	230	27	0	0	2	1	2	151	104	55	0	8	16	150	0	11	1
0	80	28	15	5	0	16	248	1	0	215	0	1	1	283	0	26	203	0	0	27	202	0	0	892	3	0	14	1547	1	155	565	5	300	0	0	0	0	394	42	108	1	18	484	0	7	0	0	400	4	82	23	457	78	479	0	39	5	140	254	0	0	1	2	1	1338	58	4	0	3	48	216	0	20	44
0	0	0	7	10	0	1	0	67	0	23	1	0	114	0	1122	723	2	0	0	44	1	0	0	35	0	74	1	0	943	2	0	325	81	89	0	0	0	3	0	11	5	478	9	14	911	0	0	10	20	3	70	18	1	7	67	0	260	49	1	0	0	597	8	176	1	7	195	0	12	299	52	94	22	16
0	0	255	1	27	0	0	4	330	0	0	0	8	0	0	5	670	614	27	44	0	32	0	0	7	39	20	115	3	0	982	179	138	134	8	0	0	0	3	18	643	0	201	128	0	4	0	0	9	2	2178	0	30	2	36	0	2	4	8	60	0	0	0	6	99	18	167	53	0	83	623	672	8	10	2
0	1251	128	323	2	0	169	0	0	0	61	0	0	0	10	0	0	280	202	1	32	0	0	0	129	0	0	66	430	1	379	6	0	72	0	0	0	0	51	3	281	0	9	1	0	1	0	0	274	1	355	9	604	691	23	0	373	0	402	81	0	0	0	0	1	108	38	0	0	2	17	91	0	1	143
0	0	0	0	0	0	0	0	0	0	0	0	0	0	0	0	0	0	0	0	0	0	0	0	0	0	0	0	0	0	0	0	0	0	0	0	0	0	0	0	0	0	0	0	0	0	0	0	0	0	0	0	0	0	0	0	0	0	0	0	0	0	0	0	0	0	0	0	0	0	0	0	0	0	0
0	0	0	0	0	0	0	0	0	0	0	0	0	0	0	0	0	0	0	0	0	0	0	0	0	0	0	0	0	0	0	0	0	0	0	0	0	0	0	0	0	0	0	0	0	0	0	0	0	0	0	0	0	0	0	0	0	0	0	0	0	0	0	0	0	0	0	0	0	0	0	0	0	0	0
0	8	31	5	5	0	1	185	0	0	205	0	2	0	246	17	14	98	892	35	7	129	0	0	0	1	1	5	739	0	156	62	0	289	0	0	0	0	500	26	59	0	22	14	0	1	0	0	193	12	53	19	340	11	489	2	26	3	140	45	0	0	3	8	2	1082	158	22	0	1	56	243	0	11	23
0	0	13	11	9	0	0	0	11	0	1	0	0	13	0	1	21	44	3	0	39	0	0	0	1	0	0	0	0	1	5	33	13	5	0	0	0	0	0	0	0	14	25	10	3	16	0	0	109	4	42	11	2	0	68	0	0	24	6	19	0	0	3	9	6	4	58	8	0	17	39	35	0	32	14
0	0	0	6	15	0	0	0	122	0	0	0	30	81	0	77	621	0	0	74	20	0	0	0	1	0	0	0	0	0	0	0	22	0	0	0	0	0	2	68	2	93	24	5	2	40	0	0	0	172	0	0	0	0	62	2	2	35	0	126	0	0	64	562	497	0	29	1121	0	781	5	30	5	175	2
0	49	57	0	0	0	0	0	0	0	0	0	7	0	29	0	2	130	14	1	115	66	0	0	5	0	0	0	185	0	102	9	0	129	0	0	0	0	151	4	69	0	7	36	0	0	0	0	2	0	182	0	13	23	17	0	0	0	111	15	0	0	0	9	0	10	7	0	0	6	0	4	0	1	0
0	25	120	24	1	0	1	214	0	0	249	0	5	1	245	3	5	643	1547	0	3	430	0	0	739	0	0	185	0	0	366	7	9	694	0	0	0	0	431	60	196	0	38	23	0	0	0	0	415	17	50	62	485	127	249	0	32	3	83	143	0	0	1	0	5	937	64	3	0	1	73	152	0	15	47
0	0	0	75	4	0	20	0	2	0	370	0	0	132	0	1135	183	0	1	943	0	1	0	0	0	1	0	0	0	0	0	0	296	102	199	0	0	0	0	7	1	0	715	1	2	904	0	0	0	12	0	1	11	0	1	181	0	748	0	0	0	0	562	29	2	0	85	14	0	23	329	10	16	1	0
0	4	0	314	6	0	77	0	0	0	0	0	0	2	0	4	30	174	155	2	982	379	0	0	156	5	0	102	366	0	0	1	0	3	0	0	0	0	0	0	486	0	18	3	0	0	0	0	180	0	259	0	44	199	2	0	0	1	0	0	0	0	0	0	1	27	23	0	0	3	4	2	0	3	0
0	0	218	8	134	0	0	157	1	0	1	0	1	43	0	15	23	54	565	0	179	6	0	0	62	33	0	9	7	0	1	0	20	390	0	0	0	0	386	3	49	1	53	1310	0	8	0	0	41	0	1497	38	17	0	560	0	1	1	2	6	0	0	3	11	12	771	261	9	0	1	83	772	31	44	0
0	0	0	73	18	0	0	0	0	0	0	0	0	26	0	466	2	1	5	325	138	0	0	0	0	13	22	0	9	296	0	20	0	0	224	0	0	0	1	0	8	2	358	22	0	2	0	0	19	0	48	0	1	0	6	0	0	176	0	0	0	0	0	0	226	9	16	150	0	39	8	0	27	12	0
0	68	13	51	75	0	4	2	0	0	44	0	0	2	0	196	21	286	300	81	134	72	0	0	289	5	0	129	694	102	3	390	0	0	16	0	0	0	276	0	204	0	229	364	0	32	0	0	79	2	883	0	28	53	35	0	1	3	28	0	0	0	0	0	1	328	276	4	0	1	16	10	0	1	26
0	0	0	8	1	0	0	1	4	0	0	0	0	3	0	128	0	0	0	89	8	0	0	0	0	0	0	0	0	199	0	0	224	16	0	0	0	0	0	0	0	0	0	0	0	0	0	0	1	0	0	0	0	0	0	153	0	488	0	0	0	0	193	4	11	0	0	7	0	3	1	0	0	5	0
0	0	0	0	0	0	0	0	0	0	0	0	0	0	0	0	0	0	0	0	0	0	0	0	0	0	0	0	0	0	0	0	0	0	0	0	0	0	0	0	0	0	0	0	0	0	0	0	0	0	0	0	0	0	0	0	0	0	0	0	0	0	0	0	0	0	0	0	0	0	0	0	0	0	0
0	0	0	0	0	0	0	0	0	0	0	0	0	0	0	0	0	0	0	0	0	0	0	0	0	0	0	0	0	0	0	0	0	0	0	0	0	0	0	0	0	0	0	0	0	0	0	0	0	0	0	0	0	0	0	0	0	0	0	0	0	0	0	0	0	0	0	0	0	0	0	0	0	0	0
0	0	0	0	0	0	0	0	0	0	0	0	0	0	0	0	0	0	0	0	0	0	0	0	0	0	0	0	0	0	0	0	0	0	0	0	0	0	0	0	0	0	0	0	0	0	0	0	0	0	0	0	0	0	0	0	0	0	0	0	0	0	0	0	0	0	0	0	0	0	0	0	0	0	0
0	9	5	1	338	0	0	0	0	0	19	0	10	0	7	0	0	345	394	3	3	51	0	0	500	0	2	151	431	0	0	386	1	276	0	0	0	0	0	11	31	1	29	790	0	0	0	0	57	1	736	2	57	31	116	0	3	0	0	142	0	0	0	24	3	741	407	4	0	3	5	4	0	17	4
0	0	0	0	348	0	0	0	0	0	0	0	0	5	0	1	0	0	42	0	18	3	0	0	26	0	68	4	60	7	0	3	0	0	0	0	0	0	11	0	247	0	0	435	0	0	0	0	26	0	178	0	0	0	3	0	0	1	0	0	0	0	0	0	11	120	2	14	0	286	0	0	2	1	0
0	15	55	98	48	0	12	3	47	0	63	0	8	16	1	17	387	558	108	11	643	281	0	0	59	0	2	69	196	1	486	49	8	204	0	0	0	0	31	247	0	1	172	84	11	217	0	0	50	1	757	0	67	76	32	0	10	1	83	481	0	0	6	1	47	38	23	143	0	6	45	305	14	28	174
0	0	0	8	21	0	0	0	15	0	0	0	0	7	0	1	24	3	1	5	0	0	0	0	0	14	93	0	0	0	0	1	2	0	0	0	0	0	1	0	1	0	1	11	2	0	0	0	27	33	31	0	0	0	1	0	0	0	1	0	0	0	1	60	42	0	8	8	0	211	0	3	2	18	1
0	165	370	672	112	0	217	0	4	0	420	0	5	74	1	966	81	34	18	478	201	9	0	0	22	25	24	7	38	715	18	53	358	229	0	0	0	0	29	0	172	1	0	137	1	211	0	0	152	0	267	6	9	2	42	38	62	9	9	8	0	0	87	3	37	6	710	115	0	28	361	132	8	36	151
0	4	38	3	733	0	0	170	1	0	2	0	7	3	1	12	12	87	484	9	128	1	0	0	14	10	5	36	23	1	3	1310	22	364	0	0	0	0	790	435	84	11	137	0	0	9	0	0	10	86	960	0	45	13	403	3	8	24	18	740	0	0	2	207	11	368	65	28	0	42	80	518	0	112	19
0	0	0	0	1	0	0	0	0	0	0	0	0	629	0	7	2	0	0	14	0	0	0	0	0	3	2	0	0	2	0	0	0	0	0	0	0	0	0	0	11	2	1	0	0	0	0	0	5	0	0	0	0	5	0	0	0	1	0	0	0	0	0	0	2	0	0	6	0	0	0	0	0	0	0
0	0	0	369	9	0	74	0	0	0	26	0	0	162	0	644	242	9	7	911	4	1	0	0	1	16	40	0	0	904	0	8	2	32	0	0	0	0	0	0	217	0	211	9	0	0	0	0	113	0	4	120	3	0	11	4	1	510	0	0	0	0	208	0	5	4	17	105	0	80	1	6	10	17	0
0	0	0	0	0	0	0	0	0	0	0	0	0	0	0	0	0	0	0	0	0	0	0	0	0	0	0	0	0	0	0	0	0	0	0	0	0	0	0	0	0	0	0	0	0	0	0	0	0	0	0	0	0	0	0	0	0	0	0	0	0	0	0	0	0	0	0	0	0	0	0	0	0	0	0
0	0	0	0	0	0	0	0	0	0	0	0	0	0	0	0	0	0	0	0	0	0	0	0	0	0	0	0	0	0	0	0	0	0	0	0	0	0	0	0	0	0	0	0	0	0	0	0	0	0	0	0	0	0	0	0	0	0	0	0	0	0	0	0	0	0	0	0	0	0	0	0	0	0	0
0	267	90	106	7	0	21	52	13	0	248	0	6	77	148	6	50	199	400	10	9	274	0	0	193	109	0	2	415	0	180	41	19	79	1	0	0	0	57	26	50	27	152	10	5	113	0	0	0	2	39	105	242	17	214	0	141	56	50	90	0	0	12	15	20	336	57	64	0	8	26	37	0	60	28
0	0	0	12	153	0	0	0	0	0	0	0	0	2	0	47	2	11	4	20	2	1	0	0	12	4	172	0	17	12	0	0	0	2	0	0	0	0	1	0	1	33	0	86	0	0	0	0	2	0	16	0	8	10	1	0	0	1	0	0	0	0	0	0	11	2	1	221	0	228	2	0	11	8	0
0	4	301	3	308	0	0	17	2	0	5	0	209	0	0	1	35	768	82	3	2178	355	0	0	53	42	0	182	50	0	259	1497	48	883	0	0	0	0	736	178	757	31	267	960	0	4	0	0	39	16	0	3	142	0	156	0	3	3	265	480	0	0	4	32	17	78	268	0	0	0	290	712	0	142	14
0	0	0	6	10	0	0	0	0	0	0	0	0	13	0	6	0	0	23	70	0	9	0	0	19	11	0	0	62	1	0	38	0	0	0	0	0	0	2	0	0	0	6	0	0	120	0	0	105	0	3	0	13	18	3	0	0	334	0	0	0	0	0	0	2	0	0	1	0	3	0	0	4	5	0
0	1123	229	443	13	0	64	1	4	0	92	0	7	0	2	13	0	44	457	18	30	604	0	0	340	2	0	13	485	11	44	17	1	28	0	0	0	0	57	0	67	0	9	45	0	3	0	0	242	8	142	13	0	504	5	0	340	3	272	33	0	0	0	3	0	179	379	1	0	6	30	111	2	0	1
0	506	79	11	0	0	5	1	0	0	81	0	0	0	20	8	0	349	78	1	2	691	0	0	11	0	0	23	127	0	199	0	0	53	0	0	0	0	31	0	76	0	2	13	5	0	0	0	17	10	0	18	504	0	31	0	236	8	736	6	0	0	0	1	0	38	5	1	0	1	6	11	0	1	50
0	31	40	9	36	0	0	13	0	0	1	0	6	22	9	21	5	102	479	7	36	23	0	0	489	68	62	17	249	1	2	560	6	35	0	0	0	0	116	3	32	1	42	403	0	11	0	0	214	1	156	3	5	31	0	0	3	40	7	2	0	0	0	2	21	569	197	174	0	33	18	96	21	23	9
0	2	0	0	2	0	0	0	0	0	0	1	0	1	0	136	0	0	0	67	0	0	0	0	2	0	2	0	0	181	0	0	0	0	153	0	0	0	0	0	0	0	38	3	0	4	0	0	0	0	0	0	0	0	0	0	0	168	0	0	0	0	20	0	8	1	2	1	0	1	0	0	0	2	0
0	2023	310	18	1	0	1	0	0	0	53	0	23	0	0	0	0	31	39	0	2	373	0	0	26	0	2	0	32	0	0	1	0	1	0	0	0	0	3	0	10	0	62	8	0	1	0	0	141	0	3	0	340	236	3	0	0	0	221	0	0	0	0	0	0	23	100	0	0	0	0	8	0	0	3
0	0	26	17	8	0	0	0	21	0	3	0	3	60	0	432	1	7	5	260	4	0	0	0	3	24	35	0	3	748	1	1	176	3	488	0	0	0	0	1	1	0	9	24	1	510	0	0	56	1	3	334	3	8	40	168	0	0	0	0	0	0	392	12	13	48	5	65	0	11	2	2	0	27	16
0	1721	48	49	5	0	7	0	0	0	0	0	0	1	0	24	0	230	140	49	8	402	0	0	140	6	0	111	83	0	0	2	0	28	0	0	0	0	0	0	83	1	9	18	0	0	0	0	50	0	265	0	272	736	7	0	221	0	0	0	0	0	0	0	0	77	159	0	0	0	0	0	0	0	0
0	46	0	43	368	0	0	0	0	0	0	0	0	9	0	4	0	27	254	1	60	81	0	0	45	19	126	15	143	0	0	6	0	0	0	0	0	0	142	0	481	0	8	740	0	0	0	0	90	0	480	0	33	6	2	0	0	0	0	0	0	0	0	0	0	408	24	32	0	512	2	0	2	2	0
0	0	0	0	0	0	0	0	0	0	0	0	0	0	0	0	0	0	0	0	0	0	0	0	0	0	0	0	0	0	0	0	0	0	0	0	0	0	0	0	0	0	0	0	0	0	0	0	0	0	0	0	0	0	0	0	0	0	0	0	0	0	0	0	0	0	0	0	0	0	0	0	0	0	0
0	0	0	0	0	0	0	0	0	0	0	0	0	0	0	0	0	0	0	0	0	0	0	0	0	0	0	0	0	0	0	0	0	0	0	0	0	0	0	0	0	0	0	0	0	0	0	0	0	0	0	0	0	0	0	0	0	0	0	0	0	0	0	0	0	0	0	0	0	0	0	0	0	0	0
0	2	0	1	27	0	0	0	0	0	0	0	0	85	0	424	39	2	1	597	0	0	0	0	3	3	64	0	1	562	0	3	0	0	193	0	0	0	0	0	6	1	87	2	0	208	0	0	12	0	4	0	0	0	0	20	0	392	0	0	0	0	0	0	10	2	0	7	0	70	1	0	6	25	0
0	0	0	69	245	0	0	0	0	0	0	0	0	23	0	22	31	1	2	8	6	0	0	0	8	9	562	9	0	29	0	11	0	0	4	0	0	0	24	0	1	60	3	207	0	0	0	0	15	0	32	0	3	1	2	0	0	12	0	0	0	0	0	0	54	3	2	613	0	696	5	0	27	8	0
0	0	45	196	32	0	0	16	132	0	0	0	13	74	0	35	178	2	1	176	99	1	0	0	2	6	497	0	5	2	1	12	226	1	11	0	0	0	3	11	47	42	37	11	2	5	0	0	20	11	17	2	0	0	21	8	0	13	0	0	0	0	10	54	0	3	8	1359	0	33	48	8	32	123	0
0	29	71	2	2	0	0	248	3	0	135	0	1	3	187	1	1	151	1338	1	18	108	0	0	1082	4	0	10	937	0	27	771	9	328	0	0	0	0	741	120	38	0	6	368	0	4	0	0	336	2	78	0	179	38	569	1	23	48	77	408	0	0	2	3	3	0	293	2	0	1	13	415	0	8	25
0	415	511	239	11	0	91	82	4	0	404	0	2	2	8	74	11	104	58	7	167	38	0	0	158	58	29	7	64	85	23	261	16	276	0	0	0	0	407	2	23	8	710	65	0	17	0	0	57	1	268	0	379	5	197	2	100	5	159	24	0	0	0	2	8	293	0	17	0	3	336	464	0	12	22
0	0	0	170	62	0	0	0	76	0	0	1	18	137	0	140	440	55	4	195	53	0	0	0	22	8	1121	0	3	14	0	9	150	4	7	0	0	0	4	14	143	8	115	28	6	105	0	0	64	221	0	1	1	1	174	1	0	65	0	32	0	0	7	613	1359	2	17	0	0	535	49	3	85	296	27
0	0	0	0	0	0	0	0	0	0	0	0	0	0	0	0	0	0	0	0	0	0	0	0	0	0	0	0	0	0	0	0	0	0	0	0	0	0	0	0	0	0	0	0	0	0	0	0	0	0	0	0	0	0	0	0	0	0	0	0	0	0	0	0	0	0	0	0	0	0	0	0	0	0	0
0	4	2	87	341	0	1	0	45	0	2	1	6	53	0	69	129	8	3	12	83	2	0	0	1	17	781	6	1	23	3	1	39	1	3	0	0	0	3	286	6	211	28	42	0	80	0	0	8	228	0	3	6	1	33	1	0	11	0	512	0	0	70	696	33	1	3	535	0	0	45	4	71	136	2
0	50	18	299	57	0	0	0	5	0	3	0	0	46	0	445	3	16	48	299	623	17	0	0	56	39	5	0	73	329	4	83	8	16	1	0	0	0	5	0	45	0	361	80	0	1	0	0	26	2	290	0	30	6	18	0	0	2	0	2	0	0	1	5	48	13	336	49	0	45	0	8	24	23	1
0	349	39	23	186	0	31	0	0	0	0	23	0	0	0	120	1	150	216	52	672	91	0	0	243	35	30	4	152	10	2	772	0	10	0	0	0	0	4	0	305	3	132	518	0	6	0	0	37	0	712	0	111	11	96	0	8	2	0	0	0	0	0	0	8	415	464	3	0	4	8	0	0	5	0
0	0	0	74	22	0	0	0	16	0	0	0	0	89	0	35	12	0	0	94	8	0	0	0	0	0	5	0	0	16	0	31	27	0	0	0	0	0	0	2	14	2	8	0	0	10	0	0	0	11	0	4	2	0	21	0	0	0	0	2	0	0	6	27	32	0	0	85	0	71	24	0	0	21	0
0	0	1	57	21	0	2	0	13	0	1	0	0	107	0	20	6	11	20	22	10	1	0	0	11	32	175	1	15	1	3	44	12	1	5	0	0	0	17	1	28	18	36	112	0	17	0	0	60	8	142	5	0	1	23	2	0	27	0	2	0	0	25	8	123	8	12	296	0	136	23	5	21	0	2
0	154	1	270	4	0	89	0	0	0	0	1	0	15	0	0	0	1	44	16	2	143	0	0	23	14	2	0	47	0	0	0	0	26	0	0	0	0	4	0	174	1	151	19	0	0	0	0	28	0	14	0	1	50	9	0	3	16	0	0	0	0	0	0	0	25	22	27	0	2	1	0	0	2	0
