0	0	0	0	0	0	0	0	0	0	0	0	0	0	0	0	0	0	0	0	0	0	0	0	0	0	0	0	0	0	0	0	0	0	0	0	0	0	0	0	0	0	0	0	0	0	0	0	0	0	0	0	0	0	0	0	0	0	0	0	0	0	0	0	0	0	0	0	0	0	0	0	0	0	0
0	0	532	76	0	0	0	0	0	0	144	0	384	0	14	0	0	68	26	0	0	490	0	0	3	0	0	0	0	0	0	0	0	6	0	0	0	0	2	0	44	0	89	0	0	0	0	0	20	0	2	0	532	250	10	2	1297	0	600	16	0	0	2	2	0	17	186	0	0	0	2	0	0	0	0
0	532	0	0	5	0	0	0	0	0	1	0	134	0	1	0	0	29	12	0	68	8	0	0	28	0	0	0	38	0	0	113	4	172	0	0	1	0	8	2	10	2	458	14	0	0	0	0	70	0	123	0	487	3	48	0	168	0	42	2	0	0	0	0	25	40	402	0	0	1	166	8	0	3	0
0	76	0	0	4	0	419	0	129	0	417	0	1	8	99	172	101	9	16	5	59	186	0	0	38	1	2	0	8	31	195	0	61	134	2	0	0	0	4	14	231	76	603	1	0	174	0	0	171	27	2	0	295	12	6	2	15	0	45	8	0	0	11	11	44	3	119	23	0	9	129	4	11	9	166
0	0	5	4	0	0	0	0	14	0	1	0	25	2	3	6	37	16	23	7	60	2	0	0	4	6	77	0	0	0	5	187	27	80	8	0	18	0	451	258	153	356	126	897	0	8	0	0	1	219	832	2	4	6	94	0	0	4	8	265	0	0	14	294	35	4	101	34	0	422	24	175	0	33	0
0	0	0	0	0	0	0	0	0	0	2	0	0	0	0	0	7	6	0	0	11	0	0	0	1	0	29	0	0	0	6	2	0	5	0	0	0	0	3	0	6	0	3	2	0	0	0	0	0	0	6	0	0	0	3	0	0	0	0	0	0	0	0	0	0	1	0	0	0	0	0	6	100	0	0
0	0	0	419	0	0	0	0	0	0	77	0	0	4	3	21	0	2	7	0	0	64	0	0	3	0	0	0	0	16	54	0	0	29	0	0	0	0	0	0	37	0	172	0	0	95	0	0	98	11	2	0	131	1	2	0	7	0	0	1	0	0	0	0	0	1	185	0	0	0	98	1	0	0	59
0	0	0	0	0	0	0	0	0	0	0	0	0	0	0	0	0	14	5	0	0	0	0	0	19	0	0	0	23	0	0	6	0	0	0	0	0	0	0	0	0	0	0	0	0	0	0	0	22	0	2	0	0	0	0	0	0	0	0	0	0	0	0	0	0	24	0	0	0	0	0	0	0	0	0
0	0	0	129	14	0	0	0	0	0	0	0	0	1	0	11	157	0	2	19	404	1	0	0	0	0	30	0	0	3	0	0	0	0	10	0	0	0	0	0	6	50	2	3	0	0	0	0	0	0	1	0	1	0	0	0	0	6	0	0	0	0	3	0	193	1	1	28	0	16	0	0	5	14	0
0	0	0	0	0	0	0	0	0	0	0	0	0	0	0	0	0	0	0	0	0	0	0	0	0	0	0	0	0	0	0	0	0	0	0	0	0	0	0	0	0	0	0	0	0	0	0	0	0	0	0	0	0	0	0	0	0	0	0	0	0	0	0	0	0	0	0	0	0	0	0	0	0	0	0
0	144	1	417	1	2	77	0	0	0	0	0	0	59	0	309	0	7	207	8	0	64	0	0	277	0	0	0	221	321	0	0	0	10	0	0	0	0	0	0	102	0	258	1	0	50	0	0	94	0	21	0	87	23	12	0	4	3	0	1	0	0	0	0	3	146	236	2	0	2	6	1	0	1	0
0	0	0	0	0	0	0	0	0	0	0	0	0	1	0	16	0	19	5	0	0	0	0	0	1	3	0	0	0	84	0	0	0	0	167	0	8	0	0	0	0	0	0	0	0	0	0	0	0	0	1	0	0	0	0	134	0	0	3	0	0	0	136	0	0	0	0	0	0	0	0	3	0	0	0
0	384	134	1	25	0	0	0	0	0	0	0	0	8	0	0	10	1	3	0	20	7	0	0	2	0	28	0	0	0	0	1	0	0	0	0	0	0	0	0	10	0	17	2	0	0	0	0	6	0	121	0	218	2	7	0	31	3	0	0	0	0	0	0	1	0	141	15	0	19	0	0	0	0	0
0	0	0	8	2	0	4	0	1	0	59	1	8	0	0	54	42	0	0	55	1	0	0	0	0	2	52	0	0	20	1	0	14	3	0	0	2	0	0	0	17	2	29	0	780	108	0	0	0	13	0	7	0	0	1	14	0	12	0	12	0	0	17	6	4	0	1	36	0	21	2	0	15	25	3
0	14	1	99	3	0	3	0	0	0	0	0	0	0	0	91	0	19	508	0	0	26	0	0	332	0	0	0	119	78	0	0	0	6	0	0	0	0	0	0	37	0	84	1	0	0	0	0	119	0	3	0	21	166	35	0	0	2	0	0	0	0	0	0	0	322	17	0	0	0	0	0	0	3	0
0	0	0	172	6	0	21	0	11	0	309	16	0	54	91	0	316	0	2	430	4	0	0	0	0	0	77	0	1	917	0	1	344	207	15	0	3	0	2	2	4	0	619	7	0	590	0	0	0	37	0	1	0	0	13	371	0	116	5	0	0	0	347	2	17	0	235	37	0	16	338	1	1	18	0
0	0	0	101	37	7	0	0	157	0	0	0	10	42	0	316	0	3	31	498	880	0	0	0	2	0	375	0	0	440	8	0	22	31	15	0	0	0	0	0	421	11	54	4	0	592	0	0	0	4	40	1	1	0	3	0	0	0	0	0	0	0	77	51	310	0	9	489	0	123	24	75	37	41	0
0	68	29	9	16	6	2	14	0	0	7	19	1	0	19	0	3	0	61	1	555	272	0	0	48	5	0	0	194	0	274	63	1	115	18	0	0	0	369	13	606	0	39	61	0	0	0	0	112	0	344	6	8	252	322	0	18	1	347	16	0	0	2	1	0	134	37	0	0	0	33	110	0	7	0
0	26	12	16	23	0	7	5	2	0	207	5	3	0	508	2	31	61	0	1	16	70	0	0	414	0	0	0	323	2	234	558	4	49	0	0	13	0	665	41	152	0	15	202	0	4	0	0	354	1	60	31	107	109	467	0	9	2	101	193	0	0	1	7	9	545	17	70	0	14	15	83	2	19	7
0	0	0	5	7	0	0	0	19	0	8	0	0	55	0	430	498	1	1	0	11	1	0	0	1	0	75	0	1	710	2	0	223	69	81	0	0	0	1	0	6	2	228	4	0	677	0	0	0	9	3	89	0	0	4	347	0	253	10	1	0	0	352	1	59	0	0	189	0	5	112	2	6	18	2
0	0	68	59	60	11	0	0	404	0	0	0	20	1	0	4	880	555	16	11	0	68	0	0	9	6	18	0	4	1	978	413	150	354	7	0	4	0	42	126	1141	30	503	52	0	0	0	0	3	0	1750	0	3	2	35	0	0	0	0	86	0	0	3	0	57	1	151	52	0	7	795	584	52	166	0
0	490	8	186	2	0	64	0	1	0	64	0	7	0	26	0	0	272	70	1	68	0	0	0	38	2	0	0	74	2	267	0	0	38	2	0	0	0	9	18	425	0	0	2	0	1	0	0	98	1	69	1	743	503	31	0	186	1	296	28	0	0	1	0	0	7	17	0	0	0	15	9	0	5	20
0	0	0	0	0	0	0	0	0	0	0	0	0	0	0	0	0	0	0	0	0	0	0	0	0	0	0	0	0	0	0	0	0	0	0	0	0	0	0	0	0	0	0	0	0	0	0	0	0	0	0	0	0	0	0	0	0	0	0	0	0	0	0	0	0	0	0	0	0	0	0	0	0	0	0
0	0	0	0	0	0	0	0	0	0	0	0	0	0	0	0	0	0	0	0	0	0	0	0	0	0	0	0	0	0	0	0	0	0	0	0	0	0	0	0	0	0	0	0	0	0	0	0	0	0	0	0	0	0	0	0	0	0	0	0	0	0	0	0	0	0	0	0	0	0	0	0	0	0	0
0	3	28	38	4	1	3	19	0	0	277	1	2	0	332	0	2	48	414	1	9	38	0	0	0	2	2	0	460	8	91	23	0	30	18	0	0	0	476	16	50	0	12	1	0	1	0	0	177	0	29	15	149	12	588	2	6	3	174	52	0	0	4	4	1	733	14	23	0	11	27	130	0	8	2
0	0	0	1	6	0	0	0	0	0	0	3	0	2	0	0	0	5	0	0	6	2	0	0	2	0	0	0	2	0	1	7	0	6	0	0	3	0	8	3	2	0	1	15	3	1	0	0	3	7	20	0	2	0	6	0	0	0	0	4	0	0	0	1	11	4	0	0	0	0	6	10	0	0	0
0	0	0	2	77	29	0	0	30	0	0	0	28	52	0	77	375	0	0	75	18	0	0	0	2	0	0	0	0	0	0	1	32	0	7	0	396	0	2	52	2	167	62	3	2	106	0	0	0	228	3	0	0	0	13	74	2	0	0	169	0	0	65	718	569	2	75	748	0	313	10	2	102	103	2
0	0	0	0	0	0	0	0	0	0	0	0	0	0	0	0	0	0	0	0	0	0	0	0	0	0	0	0	0	0	0	0	0	0	0	0	0	0	0	0	0	0	0	0	0	0	0	0	0	0	0	0	0	0	0	0	0	0	0	0	0	0	0	0	0	0	0	0	0	0	0	0	0	0	0
0	0	38	8	0	0	0	23	0	0	221	0	0	0	119	1	0	194	323	1	4	74	0	0	460	2	0	0	0	2	171	5	2	55	20	0	1	0	181	8	108	0	9	1	0	0	0	0	200	0	3	0	95	33	177	0	0	0	71	76	0	0	1	0	5	260	9	0	0	0	17	103	0	4	2
0	0	0	31	0	0	16	0	3	0	321	84	0	20	78	917	440	0	2	710	1	2	0	0	8	0	0	0	2	0	0	0	496	331	322	0	2	0	0	0	9	0	1044	2	0	1062	0	0	0	10	0	1	9	4	1	547	0	277	2	0	0	0	475	25	1	0	211	12	0	0	509	0	0	3	0
0	0	0	195	5	6	54	0	0	0	0	0	0	1	0	0	8	274	234	2	978	267	0	0	91	1	0	0	171	0	0	0	0	7	2	0	0	0	0	0	602	0	21	3	0	0	0	0	91	0	295	0	26	99	1	0	0	0	0	4	0	0	0	0	8	8	19	1	0	2	0	5	0	5	0
0	0	113	0	187	2	0	6	0	0	0	0	1	0	0	1	0	63	558	0	413	0	0	0	23	7	1	0	5	0	0	0	6	68	31	0	0	0	833	7	118	10	24	616	0	0	0	0	23	0	1114	0	1	0	787	0	0	0	0	4	0	0	0	31	10	651	197	0	0	1	70	606	0	131	0
0	0	4	61	27	0	0	0	0	0	0	0	0	14	0	344	22	1	4	223	150	0	0	0	0	0	32	0	2	496	0	6	0	0	423	0	0	0	0	0	7	50	262	2	0	46	0	0	7	0	29	0	0	0	7	127	0	91	0	1	0	0	25	0	267	6	14	160	0	57	1	0	5	21	0
0	6	172	134	80	5	29	0	0	0	10	0	0	3	6	207	31	115	49	69	354	38	0	0	30	6	0	0	55	331	7	68	0	0	17	0	0	0	8	0	314	0	550	144	0	40	0	0	29	0	377	0	26	51	61	0	0	5	6	13	0	0	0	0	6	89	394	1	0	2	28	4	0	3	6
0	0	0	2	8	0	0	0	10	0	0	167	0	0	0	15	15	18	0	81	7	2	0	0	18	0	7	0	20	322	2	31	423	17	0	0	7	0	8	2	2	4	1	7	0	16	0	0	0	0	8	0	11	0	6	659	3	360	15	3	0	0	610	12	35	24	1	35	0	8	11	7	0	34	0
0	0	0	0	0	0	0	0	0	0	0	0	0	0	0	0	0	0	0	0	0	0	0	0	0	0	0	0	0	0	0	0	0	0	0	0	0	0	0	0	0	0	0	0	0	0	0	0	0	0	0	0	0	0	0	0	0	0	0	0	0	0	0	0	0	0	0	0	0	0	0	0	0	0	0
0	0	1	0	18	0	0	0	0	0	0	8	0	2	0	3	0	0	13	0	4	0	0	0	0	3	396	0	1	2	0	0	0	0	7	0	0	0	0	0	5	3	0	2	0	0	0	0	0	0	0	0	0	0	3	0	0	7	0	0	0	0	16	0	413	1	7	338	0	81	0	0	0	18	0
0	0	0	0	0	0	0	0	0	0	0	0	0	0	0	0	0	0	0	0	0	0	0	0	0	0	0	0	0	0	0	0	0	0	0	0	0	0	0	0	0	0	0	0	0	0	0	0	0	0	0	0	0	0	0	0	0	0	0	0	0	0	0	0	0	0	0	0	0	0	0	0	0	0	0
0	2	8	4	451	3	0	0	0	0	0	0	0	0	0	2	0	369	665	1	42	9	0	0	476	8	2	0	181	0	0	833	0	8	8	0	0	0	0	0	166	1	10	427	0	0	0	0	10	0	859	0	9	48	184	0	0	1	0	21	0	0	0	0	14	417	240	0	0	5	4	5	0	18	0
0	0	2	14	258	0	0	0	0	0	0	0	0	0	0	2	0	13	41	0	126	18	0	0	16	3	52	0	8	0	0	7	0	0	2	0	0	0	0	0	113	1	8	207	0	0	0	0	13	0	253	0	4	5	10	0	0	1	0	10	0	0	0	0	11	52	60	13	0	94	0	0	0	3	0
0	44	10	231	153	6	37	0	6	0	102	0	10	17	37	4	421	606	152	6	1141	425	0	0	50	2	2	0	108	9	602	118	7	314	2	0	5	0	166	113	0	1	317	76	1	233	0	0	26	10	823	0	60	214	161	1	4	2	251	237	0	0	0	27	5	43	111	89	0	37	139	390	2	26	173
0	0	2	76	356	0	0	0	50	0	0	0	0	2	0	0	11	0	0	2	30	0	0	0	0	0	167	0	0	0	0	10	50	0	4	0	3	0	1	1	1	0	7	17	0	0	0	0	0	158	189	0	1	0	0	0	0	0	4	89	0	0	2	530	160	0	0	26	0	334	2	0	40	51	0
0	89	458	603	126	3	172	0	2	0	258	0	17	29	84	619	54	39	15	228	503	0	0	0	12	1	62	0	9	1044	21	24	262	550	1	0	0	0	10	8	317	7	0	48	0	170	0	0	55	6	247	2	15	0	24	118	8	6	12	21	0	0	20	1	23	13	673	95	0	62	370	46	7	25	97
0	0	14	1	897	2	0	0	3	0	1	0	2	0	1	7	4	61	202	4	52	2	0	0	1	15	3	0	1	2	3	616	2	144	7	0	2	0	427	207	76	17	48	0	0	0	0	0	5	79	370	1	16	2	223	2	0	8	3	297	0	0	1	144	4	41	37	10	0	21	71	281	0	20	14
0	0	0	0	0	0	0	0	0	0	0	0	0	780	0	0	0	0	0	0	0	0	0	0	0	3	2	0	0	0	0	0	0	0	0	0	0	0	0	0	1	0	0	0	0	0	0	0	0	0	0	0	0	4	0	0	0	0	0	0	0	0	0	0	0	0	0	0	0	0	0	0	0	0	0
0	0	0	174	8	0	95	0	0	0	50	0	0	108	0	590	592	0	4	677	0	1	0	0	1	1	106	0	0	1062	0	0	46	40	16	0	0	0	0	0	233	0	170	0	0	0	0	0	0	0	0	350	3	0	9	15	0	406	0	0	0	0	181	0	22	0	0	62	0	37	0	0	0	16	0
0	0	0	0	0	0	0	0	0	0	0	0	0	0	0	0	0	0	0	0	0	0	0	0	0	0	0	0	0	0	0	0	0	0	0	0	0	0	0	0	0	0	0	0	0	0	0	0	0	0	0	0	0	0	0	0	0	0	0	0	0	0	0	0	0	0	0	0	0	0	0	0	0	0	0
0	0	0	0	0	0	0	0	0	0	0	0	0	0	0	0	0	0	0	0	0	0	0	0	0	0	0	0	0	0	0	0	0	0	0	0	0	0	0	0	0	0	0	0	0	0	0	0	0	0	0	0	0	0	0	0	0	0	0	0	0	0	0	0	0	0	0	0	0	0	0	0	0	0	0
0	20	70	171	1	0	98	22	0	0	94	0	6	0	119	0	0	112	354	0	3	98	0	0	177	3	0	0	200	0	91	23	7	29	0	0	0	0	10	13	26	0	55	5	0	0	0	0	0	0	13	0	180	36	92	0	4	0	17	55	0	0	2	0	13	268	161	0	0	3	14	9	0	8	1
0	0	0	27	219	0	11	0	0	0	0	0	0	13	0	37	4	0	1	9	0	1	0	0	0	7	228	0	0	10	0	0	0	0	0	0	0	0	0	0	10	158	6	79	0	0	0	0	0	0	0	0	1	2	1	0	0	0	0	6	0	0	7	0	12	0	1	149	0	59	0	0	7	14	0
0	2	123	2	832	6	2	2	1	0	21	1	121	0	3	0	40	344	60	3	1750	69	0	0	29	20	3	0	3	0	295	1114	29	377	8	0	0	0	859	253	823	189	247	370	0	0	0	0	13	0	0	0	21	4	337	0	2	1	145	378	0	0	1	11	1	23	236	0	0	0	288	592	0	97	18
0	0	0	0	2	0	0	0	0	0	0	0	0	7	0	1	1	6	31	89	0	1	0	0	15	0	0	0	0	1	0	0	0	0	0	0	0	0	0	0	0	0	2	1	0	350	0	0	0	0	0	0	1	23	1	2	0	294	0	0	0	0	41	0	0	0	1	0	0	2	0	2	2	2	0
0	532	487	295	4	0	131	0	1	0	87	0	218	0	21	0	1	8	107	0	3	743	0	0	149	2	0	0	95	9	26	1	0	26	11	0	0	0	9	4	60	1	15	16	0	3	0	0	180	1	21	1	0	395	21	0	134	2	493	32	0	0	0	2	2	129	300	14	0	19	12	12	1	2	0
0	250	3	12	6	0	1	0	0	0	23	0	2	0	166	0	0	252	109	0	2	503	0	0	12	0	0	0	33	4	99	0	0	51	0	0	0	0	48	5	214	0	0	2	4	0	0	0	36	2	4	23	395	0	55	0	158	1	433	15	0	0	0	0	1	1	3	0	0	0	13	2	0	5	6
0	10	48	6	94	3	2	0	0	0	12	0	7	1	35	13	3	322	467	4	35	31	0	0	588	6	13	0	177	1	1	787	7	61	6	0	3	0	184	10	161	0	24	223	0	9	0	0	92	1	337	1	21	55	0	0	2	5	49	11	0	0	1	1	16	605	156	61	0	8	20	104	0	16	0
0	2	0	2	0	0	0	0	0	0	0	134	0	14	0	371	0	0	0	347	0	0	0	0	2	0	74	0	0	547	0	0	127	0	659	0	0	0	0	0	1	0	118	2	0	15	0	0	0	0	0	2	0	0	0	0	0	339	0	0	0	0	345	0	27	1	14	14	0	0	0	0	7	3	0
0	1297	168	15	0	0	7	0	0	0	4	0	31	0	0	0	0	18	9	0	0	186	0	0	6	0	2	0	0	0	0	0	0	0	3	0	0	0	0	0	4	0	8	0	0	0	0	0	4	0	2	0	134	158	2	0	0	0	71	0	0	0	0	0	0	3	52	0	0	0	0	0	0	0	0
0	0	0	0	4	0	0	0	6	0	3	0	3	12	2	116	0	1	2	253	0	1	0	0	3	0	0	0	0	277	0	0	91	5	360	0	7	0	1	1	2	0	6	8	0	406	0	0	0	0	1	294	2	1	5	339	0	0	12	0	0	0	286	9	8	1	2	136	0	7	0	0	0	23	12
0	600	42	45	8	0	0	0	0	0	0	3	0	0	0	5	0	347	101	10	0	296	0	0	174	0	0	0	71	2	0	0	0	6	15	0	0	0	0	0	251	4	12	3	0	0	0	0	17	0	145	0	493	433	49	0	71	12	0	3	0	0	0	0	0	192	24	20	0	4	0	0	0	1	0
0	16	2	8	265	0	1	0	0	0	1	0	0	12	0	0	0	16	193	1	86	28	0	0	52	4	169	0	76	0	4	4	1	13	3	0	0	0	21	10	237	89	21	297	0	0	0	0	55	6	378	0	32	15	11	0	0	0	3	0	0	0	1	19	2	168	41	11	0	113	4	25	0	11	0
0	0	0	0	0	0	0	0	0	0	0	0	0	0	0	0	0	0	0	0	0	0	0	0	0	0	0	0	0	0	0	0	0	0	0	0	0	0	0	0	0	0	0	0	0	0	0	0	0	0	0	0	0	0	0	0	0	0	0	0	0	0	0	0	0	0	0	0	0	0	0	0	0	0	0
0	0	0	0	0	0	0	0	0	0	0	0	0	0	0	0	0	0	0	0	0	0	0	0	0	0	0	0	0	0	0	0	0	0	0	0	0	0	0	0	0	0	0	0	0	0	0	0	0	0	0	0	0	0	0	0	0	0	0	0	0	0	0	0	0	0	0	0	0	0	0	0	0	0	0
0	2	0	11	14	0	0	0	3	0	0	136	0	17	0	347	77	2	1	352	3	1	0	0	4	0	65	0	1	475	0	0	25	0	610	0	16	0	0	0	0	2	20	1	0	181	0	0	2	7	1	41	0	0	1	345	0	286	0	1	0	0	0	14	56	2	0	49	0	41	3	0	27	23	0
0	2	0	11	294	0	0	0	0	0	0	0	0	6	0	2	51	1	7	1	0	0	0	0	4	1	718	0	0	25	0	31	0	0	12	0	0	0	0	0	27	530	1	144	0	0	0	0	0	0	11	0	2	0	1	0	0	9	0	19	0	0	14	0	87	1	3	680	0	327	0	0	29	27	0
0	0	25	44	35	0	0	0	193	0	3	0	1	4	0	17	310	0	9	59	57	0	0	0	1	11	569	0	5	1	8	10	267	6	35	0	413	0	14	11	5	160	23	4	0	22	0	0	13	12	1	0	2	1	16	27	0	8	0	2	0	0	56	87	0	4	3	1410	0	97	34	11	9	114	0
0	17	40	3	4	1	1	24	1	0	146	0	0	0	322	0	0	134	545	0	1	7	0	0	733	4	2	0	260	0	8	651	6	89	24	0	1	0	417	52	43	0	13	41	0	0	0	0	268	0	23	0	129	1	605	1	3	1	192	168	0	0	2	1	4	0	179	0	0	0	19	260	0	4	2
0	186	402	119	101	0	185	0	1	0	236	0	141	1	17	235	9	37	17	0	151	17	0	0	14	0	75	0	9	211	19	197	14	394	1	0	7	0	240	60	111	0	673	37	0	0	0	0	161	1	236	1	300	3	156	14	52	2	24	41	0	0	0	3	3	179	0	31	0	4	383	101	0	5	41
0	0	0	23	34	0	0	0	28	0	2	0	15	36	0	37	489	0	70	189	52	0	0	0	23	0	748	0	0	12	1	0	160	1	35	0	338	0	0	13	89	26	95	10	0	62	0	0	0	149	0	0	14	0	61	14	0	136	20	11	0	0	49	680	1410	0	31	0	0	280	34	1	24	233	18
0	0	0	0	0	0	0	0	0	0	0	0	0	0	0	0	0	0	0	0	0	0	0	0	0	0	0	0	0	0	0	0	0	0	0	0	0	0	0	0	0	0	0	0	0	0	0	0	0	0	0	0	0	0	0	0	0	0	0	0	0	0	0	0	0	0	0	0	0	0	0	0	0	0	0
0	0	1	9	422	0	0	0	16	0	2	0	19	21	0	16	123	0	14	5	7	0	0	0	11	0	313	0	0	0	2	1	57	2	8	0	81	0	5	94	37	334	62	21	0	37	0	0	3	59	0	2	19	0	8	0	0	7	4	113	0	0	41	327	97	0	4	280	0	0	11	2	5	70	5
0	2	166	129	24	0	98	0	0	0	6	0	0	2	0	338	24	33	15	112	795	15	0	0	27	6	10	0	17	509	0	70	1	28	11	0	0	0	4	0	139	2	370	71	0	0	0	0	14	0	288	0	12	13	20	0	0	0	0	4	0	0	3	0	34	19	383	34	0	11	0	14	3	2	0
0	0	8	4	175	6	1	0	0	0	1	3	0	0	0	1	75	110	83	2	584	9	0	0	130	10	2	0	103	0	5	606	0	4	7	0	0	0	5	0	390	0	46	281	0	0	0	0	9	0	592	2	12	2	104	0	0	0	0	25	0	0	0	0	11	260	101	1	0	2	14	0	0	16	0
0	0	0	11	0	100	0	0	5	0	0	0	0	15	0	1	37	0	2	6	52	0	0	0	0	0	102	0	0	0	0	0	5	0	0	0	0	0	0	0	2	40	7	0	0	0	0	0	0	7	0	2	1	0	0	7	0	0	0	0	0	0	27	29	9	0	0	24	0	5	3	0	0	0	0
0	0	3	9	33	0	0	0	14	0	1	0	0	25	3	18	41	7	19	18	166	5	0	0	8	0	103	0	4	3	5	131	21	3	34	0	18	0	18	3	26	51	25	20	0	16	0	0	8	14	97	2	2	5	16	3	0	23	1	11	0	0	23	27	114	4	5	233	0	70	2	16	0	0	0
0	0	0	166	0	0	59	0	0	0	0	0	0	3	0	0	0	0	7	2	0	20	0	0	2	0	2	0	2	0	0	0	0	6	0	0	0	0	0	0	173	0	97	14	0	0	0	0	1	0	18	0	0	6	0	0	0	12	0	0	0	0	0	0	0	2	41	18	0	5	0	0	0	0	0
