0	0	0	0	0	0	0	0	0	0	0	0	0	0	0	0	0	0	0	0	0	0	0	0	0	0	0	0	0	0	0	0	0	0	0	0	0	0	0	0	0	0	0	0	0	0	0	0	0	0	0	0	0	0	0	0	0	0	0	0	0	0	0	0	0	0	0	0	0	0	0	0	0	0	0
0	0	963	82	0	0	12	0	0	0	725	12	0	0	0	0	2	82	9	0	6	401	0	0	7	0	0	98	177	2	10	24	0	20	0	0	0	0	53	0	45	0	64	41	0	0	0	0	569	0	10	6	824	254	0	0	1956	3	0	74	0	0	0	0	0	11	4	4	0	0	34	24	0	6	2
0	963	0	6	0	11	0	0	0	0	7	21	0	8	0	6	0	35	5	0	0	8	0	0	31	0	0	31	238	5	1	3	6	8	0	0	1	0	13	0	6	0	387	24	0	0	0	0	18	1	44	2	417	50	5	0	239	20	0	2	0	0	0	2	25	68	87	21	0	0	388	2	0	5	1
0	82	6	0	1	2	812	0	113	0	493	0	0	45	0	313	1	2	5	5	22	59	0	0	2	1	16	2	8	39	226	0	50	73	0	0	31	0	1	0	25	2	406	2	0	208	0	0	103	15	0	0	263	26	2	0	5	1	0	3	0	0	0	2	110	0	1	93	0	3	127	2	0	12	138
0	0	0	1	0	0	0	0	9	0	1	3	0	3	0	2	2	6	3	2	116	0	0	0	0	0	0	5	2	4	2	160	10	3	1	0	12	0	51	2	8	151	15	143	0	3	0	0	8	34	3	2	2	0	14	0	0	0	0	129	0	0	0	164	12	2	3	20	0	5	3	102	0	0	0
0	0	11	2	0	0	0	0	0	0	0	0	0	10	0	7	3	1	0	0	5	1	0	0	0	0	0	2	0	7	1	0	15	3	0	0	0	0	0	0	13	0	1	1	0	0	0	0	0	0	0	2	4	0	0	0	0	0	0	1	0	0	0	0	0	0	0	6	0	0	0	0	0	12	1
0	12	0	812	0	0	0	0	0	0	116	0	0	15	0	59	0	2	1	0	0	10	0	0	5	1	0	0	10	3	29	0	0	35	0	0	0	0	0	0	26	0	113	0	0	57	0	0	26	16	0	1	15	5	0	1	7	3	0	1	0	0	0	0	0	3	2	0	0	0	122	12	0	0	49
0	0	0	0	0	0	0	0	0	0	0	0	0	0	0	0	0	0	0	0	0	0	0	0	0	0	0	0	0	0	0	0	0	0	0	0	0	0	0	0	0	0	0	0	0	0	0	0	0	0	0	0	0	0	0	0	0	0	0	0	0	0	0	0	0	0	0	0	0	0	0	0	0	0	0
0	0	0	113	9	0	0	0	0	0	0	0	0	11	0	18	0	0	0	0	142	0	0	0	0	0	0	0	0	0	0	0	123	0	2	0	0	0	0	0	3	0	1	2	0	0	0	0	0	0	0	0	0	0	1	0	0	5	0	0	0	0	0	1	172	6	1	18	0	0	0	0	0	0	0
0	0	0	0	0	0	0	0	0	0	0	0	0	0	0	0	0	0	0	0	0	0	0	0	0	0	0	0	0	0	0	0	0	0	0	0	0	0	0	0	0	0	0	0	0	0	0	0	0	0	0	0	0	0	0	0	0	0	0	0	0	0	0	0	0	0	0	0	0	0	0	0	0	0	0
0	725	7	493	1	0	116	0	0	0	0	0	0	45	0	369	0	0	3	45	1	2	0	0	41	0	0	3	66	34	10	0	2	62	0	0	0	0	1	0	175	0	464	0	0	81	0	0	305	0	0	0	201	21	2	0	42	7	0	17	0	0	0	0	0	16	45	1	0	0	193	0	0	1	68
0	12	21	0	3	0	0	0	0	0	0	0	0	1	0	19	0	45	7	2	70	0	0	0	0	0	0	26	0	0	3	47	7	2	73	0	0	0	98	0	5	0	24	37	0	0	0	0	0	0	26	0	0	0	1	2	0	41	0	17	0	0	0	5	0	0	42	8	0	1	4	56	0	2	0
0	0	0	0	0	0	0	0	0	0	0	0	0	0	0	0	0	0	0	0	0	0	0	0	0	0	0	0	0	0	0	0	0	0	0	0	0	0	0	0	4	0	1	6	0	0	0	0	0	0	0	0	1	0	0	0	0	0	0	2	0	0	0	0	0	0	0	0	0	1	1	0	0	0	0
0	0	8	45	3	10	15	0	11	0	45	1	0	0	0	83	54	1	72	29	1	19	0	0	0	11	34	0	39	68	2	0	49	3	2	0	68	0	3	6	32	0	74	2	801	95	3	0	28	4	1	28	26	28	54	4	1	36	0	9	0	0	0	8	20	7	5	210	0	21	15	5	0	51	6
0	0	0	0	0	0	0	0	0	0	0	0	0	0	0	0	0	0	0	0	0	0	0	0	0	0	0	0	0	0	0	0	0	0	0	0	0	0	0	0	0	0	0	0	0	0	0	0	0	0	0	0	0	0	0	0	0	0	0	0	0	0	0	0	0	0	0	0	0	0	0	0	0	0	0
0	0	6	313	2	7	59	0	18	0	369	19	0	83	0	0	294	0	22	413	6	1	0	0	0	0	36	15	0	413	0	0	397	218	39	0	63	0	4	10	57	0	705	6	0	415	0	0	18	4	0	0	2	0	23	287	0	137	0	0	0	0	1	16	76	13	10	179	0	37	321	2	0	18	0
0	2	0	1	2	3	0	0	0	0	0	0	0	54	0	294	0	6	19	189	482	9	0	0	0	0	139	6	2	0	0	0	56	0	1	0	0	0	4	0	324	0	29	5	0	0	0	0	0	0	14	0	1	4	3	1	0	4	0	1	0	0	0	398	52	2	2	441	0	59	1	0	0	0	0
0	82	35	2	6	1	2	0	0	0	0	45	0	1	0	0	6	0	250	0	235	52	0	0	223	0	0	538	599	0	79	39	0	70	0	0	1	0	305	6	319	1	24	259	0	1	0	0	85	1	113	1	32	307	75	2	15	14	0	36	0	0	0	3	1	216	124	18	0	2	12	78	0	2	6
0	9	5	5	3	0	1	0	0	0	3	7	0	72	0	22	19	250	0	2	14	286	0	0	336	0	12	355	712	0	357	17	1	230	0	0	43	0	650	19	71	1	38	123	0	57	0	0	223	2	0	64	280	119	283	1	3	52	0	196	0	0	1	11	2	541	100	80	0	3	18	256	0	22	70
0	0	0	5	2	0	0	0	0	0	45	2	0	29	0	413	189	0	2	0	5	0	0	0	0	0	0	0	1	181	1	0	60	156	0	0	4	0	1	6	9	1	168	0	0	212	0	0	0	50	0	1	0	56	7	29	0	17	0	0	0	0	13	0	15	1	3	8	0	0	100	5	0	5	2
0	6	0	22	116	5	0	0	142	0	1	70	0	1	0	6	482	235	14	5	0	9	0	0	9	0	0	528	0	0	562	22	15	186	1	0	0	0	65	12	663	0	190	130	0	78	0	0	0	2	486	0	9	11	17	0	0	9	0	73	0	0	0	5	7	1	49	3	0	2	332	54	0	12	0
0	401	8	59	0	1	10	0	0	0	2	0	0	19	0	1	9	52	286	0	9	0	0	0	73	0	0	69	349	0	41	1	0	2	0	0	0	0	16	0	73	0	1	12	0	8	0	0	178	0	31	4	235	420	1	0	53	3	0	30	0	0	0	1	0	17	0	3	0	0	2	6	0	3	6
0	0	0	0	0	0	0	0	0	0	0	0	0	0	0	0	0	0	0	0	0	0	0	0	0	0	0	0	0	0	0	0	0	0	0	0	0	0	0	0	0	0	0	0	0	0	0	0	0	0	0	0	0	0	0	0	0	0	0	0	0	0	0	0	0	0	0	0	0	0	0	0	0	0	0
0	0	0	0	0	0	0	0	0	0	0	0	0	0	0	0	0	0	0	0	0	0	0	0	0	0	0	0	0	0	0	0	0	0	0	0	0	0	0	0	0	0	0	0	0	0	0	0	0	0	0	0	0	0	0	0	0	0	0	0	0	0	0	0	0	0	0	0	0	0	0	0	0	0	0
0	7	31	2	0	0	5	0	0	0	41	0	0	0	0	0	0	223	336	0	9	73	0	0	0	0	17	102	973	0	102	111	0	211	0	0	0	0	736	21	50	0	16	6	0	0	0	0	105	4	5	5	149	39	510	1	5	19	0	100	0	0	0	1	0	872	24	23	0	1	4	150	0	47	1
0	0	0	1	0	0	1	0	0	0	0	0	0	11	0	0	0	0	0	0	0	0	0	0	0	0	9	1	0	0	0	0	0	0	0	0	0	0	0	0	27	0	0	19	0	0	0	0	0	0	21	0	4	1	0	0	0	0	0	0	0	0	0	4	1	0	0	6	0	11	2	0	0	0	0
0	0	0	16	0	0	0	0	0	0	0	0	0	34	0	36	139	0	12	0	0	0	0	0	17	9	0	0	0	0	0	0	38	0	1	0	182	0	3	1	18	89	42	1	0	0	0	0	2	88	0	35	0	0	6	1	0	24	0	54	0	0	0	696	483	20	15	859	0	553	0	23	0	114	0
0	98	31	2	5	2	0	0	0	0	3	26	0	0	0	15	6	538	355	0	528	69	0	0	102	1	0	0	775	0	231	67	0	307	0	0	0	0	580	20	552	0	38	149	0	0	0	0	110	6	314	0	41	159	181	0	4	16	0	78	0	0	0	1	1	162	99	0	0	0	15	191	0	36	14
0	177	238	8	2	0	10	0	0	0	66	0	0	39	0	0	2	599	712	1	0	349	0	0	973	0	0	775	0	0	142	143	0	248	0	0	2	0	758	50	83	0	46	23	0	12	0	0	58	7	0	13	411	551	502	0	29	24	0	123	0	0	0	2	2	846	73	18	0	1	5	142	0	64	3
0	2	5	39	4	7	3	0	0	0	34	0	0	68	0	413	0	0	0	181	0	0	0	0	0	0	0	0	0	0	0	0	93	0	365	0	0	0	0	0	12	0	506	1	0	0	0	0	17	0	0	0	11	0	0	89	0	435	0	0	0	0	0	6	63	0	15	107	0	6	21	0	0	0	0
0	10	1	226	2	1	29	0	0	0	10	3	0	2	0	0	0	79	357	1	562	41	0	0	102	0	0	231	142	0	0	0	0	0	0	0	0	0	0	0	534	0	10	2	0	0	0	0	101	0	77	0	36	303	3	0	1	1	0	63	0	0	0	1	0	2	0	1	0	1	1	1	0	0	0
0	24	3	0	160	0	0	0	0	0	0	47	0	0	0	0	0	39	17	0	22	1	0	0	111	0	0	67	143	0	0	0	0	0	0	0	0	0	277	0	68	0	4	821	0	0	0	0	0	0	260	0	1	3	18	0	2	0	0	142	0	0	0	2	0	160	141	0	0	1	4	2	0	0	0
0	0	6	50	10	15	0	0	123	0	2	7	0	49	0	397	56	0	1	60	15	0	0	0	0	0	38	0	0	93	0	0	0	3	448	0	108	0	1	4	3	50	398	1	0	158	0	0	8	40	0	0	4	0	90	167	0	283	0	1	0	0	12	27	366	15	6	374	0	29	168	1	0	69	10
0	20	8	73	3	3	35	0	0	0	62	2	0	3	0	218	0	70	230	156	186	2	0	0	211	0	0	307	248	0	0	0	3	0	0	0	0	0	224	0	328	0	362	202	0	0	0	0	63	0	12	0	8	9	15	0	2	2	0	30	0	0	0	2	0	193	178	1	0	0	48	3	0	0	0
0	0	0	0	1	0	0	0	2	0	0	73	0	2	0	39	1	0	0	0	1	0	0	0	0	0	1	0	0	365	0	0	448	0	0	0	16	0	0	1	2	1	2	0	0	11	0	0	0	1	0	0	1	0	9	488	0	759	0	1	0	0	132	3	21	0	0	27	0	1	3	0	0	11	0
0	0	0	0	0	0	0	0	0	0	0	0	0	0	0	0	0	0	0	0	0	0	0	0	0	0	0	0	0	0	0	0	0	0	0	0	0	0	0	0	0	0	0	0	0	0	0	0	0	0	0	0	0	0	0	0	0	0	0	0	0	0	0	0	0	0	0	0	0	0	0	0	0	0	0
0	0	1	31	12	0	0	0	0	0	0	0	0	68	0	63	0	1	43	4	0	0	0	0	0	0	182	0	2	0	0	0	108	0	16	0	0	0	1	0	46	0	4	1	0	0	0	0	61	1	0	0	2	8	5	0	0	4	0	0	0	0	0	111	624	17	2	569	0	41	0	0	0	0	0
0	0	0	0	0	0	0	0	0	0	0	0	0	0	0	0	0	0	0	0	0	0	0	0	0	0	0	0	0	0	0	0	0	0	0	0	0	0	0	0	0	0	0	0	0	0	0	0	0	0	0	0	0	0	0	0	0	0	0	0	0	0	0	0	0	0	0	0	0	0	0	0	0	0	0
0	53	13	1	51	0	0	0	0	0	1	98	0	3	0	4	4	305	650	1	65	16	0	0	736	0	3	580	758	0	0	277	1	224	0	0	1	0	0	30	159	0	81	1122	0	0	0	0	80	21	183	1	47	162	261	1	3	17	0	468	0	0	0	132	0	825	330	3	0	0	17	313	0	61	2
0	0	0	0	2	0	0	0	0	0	0	0	0	6	0	10	0	6	19	6	12	0	0	0	21	0	1	20	50	0	0	0	4	0	1	0	0	0	30	0	168	0	4	253	0	0	0	0	2	0	134	0	5	21	10	0	0	0	0	10	0	0	0	130	0	28	2	3	0	104	1	1	0	0	0
0	45	6	25	8	13	26	0	3	0	175	5	4	32	0	57	324	319	71	9	663	73	0	0	50	27	18	552	83	12	534	68	3	328	2	0	46	0	159	168	0	15	209	147	0	285	0	0	103	18	356	31	53	14	58	2	1	12	0	280	0	0	7	63	21	29	15	144	0	20	25	432	0	43	450
0	0	0	2	151	0	0	0	0	0	0	0	0	0	0	0	0	1	1	1	0	0	0	0	0	0	89	0	0	0	0	0	50	0	1	0	0	0	0	0	15	0	0	64	0	0	0	0	0	0	18	0	0	7	0	0	0	1	0	9	0	0	0	563	130	4	0	31	0	348	0	0	0	0	0
0	64	387	406	15	1	113	0	1	0	464	24	1	74	0	705	29	24	38	168	190	1	0	0	16	0	42	38	46	506	10	4	398	362	2	0	4	0	81	4	209	0	0	98	0	104	0	0	245	7	8	0	23	10	14	31	13	3	0	53	0	0	15	39	30	13	200	98	0	20	489	19	0	11	136
0	41	24	2	143	1	0	0	2	0	0	37	6	2	0	6	5	259	123	0	130	12	0	0	6	19	1	149	23	1	2	821	1	202	0	0	1	0	1122	253	147	64	98	0	0	3	0	0	4	125	459	0	20	108	563	1	6	23	0	1078	0	0	0	546	9	411	37	17	0	9	20	766	0	329	11
0	0	0	0	0	0	0	0	0	0	0	0	0	801	0	0	0	0	0	0	0	0	0	0	0	0	0	0	0	0	0	0	0	0	0	0	0	0	0	0	0	0	0	0	0	0	0	0	0	0	0	0	0	0	0	0	0	0	0	0	0	0	0	0	0	1	7	0	0	16	0	0	0	0	0
0	0	0	208	3	0	57	0	0	0	81	0	0	95	0	415	0	1	57	212	78	8	0	0	0	0	0	0	12	0	0	0	158	0	11	0	0	0	0	0	285	0	104	3	0	0	0	0	5	0	0	0	2	32	2	16	0	451	0	18	0	0	0	0	12	2	0	32	0	18	11	0	0	0	0
0	0	0	0	0	0	0	0	0	0	0	0	0	3	0	0	0	0	0	0	0	0	0	0	0	0	0	0	0	0	0	0	0	0	0	0	0	0	0	0	0	0	0	0	0	0	0	0	0	0	0	0	0	0	0	0	0	0	0	0	0	0	0	0	0	0	0	0	0	0	0	0	0	3	0
0	0	0	0	0	0	0	0	0	0	0	0	0	0	0	0	0	0	0	0	0	0	0	0	0	0	0	0	0	0	0	0	0	0	0	0	0	0	0	0	0	0	0	0	0	0	0	0	0	0	0	0	0	0	0	0	0	0	0	0	0	0	0	0	0	0	0	0	0	0	0	0	0	0	0
0	569	18	103	8	0	26	0	0	0	305	0	0	28	0	18	0	85	223	0	0	178	0	0	105	0	2	110	58	17	101	0	8	63	0	0	61	0	80	2	103	0	245	4	0	5	0	0	0	31	0	16	329	70	42	0	140	8	0	23	0	0	1	0	0	171	4	49	0	2	75	18	0	2	45
0	0	1	15	34	0	16	0	0	0	0	0	0	4	0	4	0	1	2	50	2	0	0	0	4	0	88	6	7	0	0	0	40	0	1	0	1	0	21	0	18	0	7	125	0	0	0	0	31	0	3	0	5	0	4	0	1	2	0	130	0	0	0	265	14	7	2	335	0	197	0	0	0	0	0
0	10	44	0	3	0	0	0	0	0	0	26	0	1	0	0	14	113	0	0	486	31	0	0	5	21	0	314	0	0	77	260	0	12	0	0	0	0	183	134	356	18	8	459	0	0	0	0	0	3	0	0	10	0	131	0	2	0	0	98	0	0	0	0	0	0	8	1	0	0	14	306	0	91	0
0	6	2	0	2	2	1	0	0	0	0	0	0	28	0	0	0	1	64	1	0	4	0	0	5	0	35	0	13	0	0	0	0	0	0	0	0	0	1	0	31	0	0	0	0	0	0	0	16	0	0	0	10	40	1	9	0	336	0	1	0	0	0	3	0	15	1	4	0	16	0	0	0	0	0
0	824	417	263	2	4	15	0	0	0	201	0	1	26	0	2	1	32	280	0	9	235	0	0	149	4	0	41	411	11	36	1	4	8	1	0	2	0	47	5	53	0	23	20	0	2	0	0	329	5	10	10	0	467	11	0	182	9	0	47	0	0	0	14	11	108	38	28	0	10	8	5	0	3	1
0	254	50	26	0	0	5	0	0	0	21	0	0	28	0	0	4	307	119	56	11	420	0	0	39	1	0	159	551	0	303	3	0	9	0	0	8	0	162	21	14	7	10	108	0	32	0	0	70	0	0	40	467	0	213	0	131	24	0	69	0	0	0	0	0	112	3	18	0	0	1	122	0	13	3
0	0	5	2	14	0	0	0	1	0	2	1	0	54	0	23	3	75	283	7	17	1	0	0	510	0	6	181	502	0	3	18	90	15	9	0	5	0	261	10	58	0	14	563	0	2	0	0	42	4	131	1	11	213	0	0	3	18	0	28	0	0	1	13	83	407	169	359	0	65	6	18	0	4	3
0	0	0	0	0	0	1	0	0	0	0	2	0	4	0	287	1	2	1	29	0	0	0	0	1	0	1	0	0	89	0	0	167	0	488	0	0	0	1	0	2	0	31	1	0	16	0	0	0	0	0	9	0	0	0	0	0	380	0	0	0	0	0	8	14	0	2	7	0	5	0	0	0	4	0
0	1956	239	5	0	0	7	0	0	0	42	0	0	1	0	0	0	15	3	0	0	53	0	0	5	0	0	4	29	0	1	2	0	2	0	0	0	0	3	0	1	0	13	6	0	0	0	0	140	1	2	0	182	131	3	0	0	1	0	1	0	0	0	0	0	8	0	3	0	0	2	1	0	0	0
0	3	20	1	0	0	3	0	5	0	7	41	0	36	0	137	4	14	52	17	9	3	0	0	19	0	24	16	24	435	1	0	283	2	759	0	4	0	17	0	12	1	3	23	0	451	0	0	8	2	0	336	9	24	18	380	1	0	0	15	0	0	81	1	27	89	12	93	0	54	0	2	0	1	3
0	0	0	0	0	0	0	0	0	0	0	0	0	0	0	0	0	0	0	0	0	0	0	0	0	0	0	0	0	0	0	0	0	0	0	0	0	0	0	0	0	0	0	0	0	0	0	0	0	0	0	0	0	0	0	0	0	0	0	0	0	0	0	0	0	0	0	0	0	0	0	0	0	0	0
0	74	2	3	129	1	1	0	0	0	17	17	2	9	0	0	1	36	196	0	73	30	0	0	100	0	54	78	123	0	63	142	1	30	1	0	0	0	468	10	280	9	53	1078	0	18	0	0	23	130	98	1	47	69	28	0	1	15	0	0	0	0	0	822	8	482	35	35	0	945	6	229	0	203	7
0	0	0	0	0	0	0	0	0	0	0	0	0	0	0	0	0	0	0	0	0	0	0	0	0	0	0	0	0	0	0	0	0	0	0	0	0	0	0	0	0	0	0	0	0	0	0	0	0	0	0	0	0	0	0	0	0	0	0	0	0	0	0	0	0	0	0	0	0	0	0	0	0	0	0
0	0	0	0	0	0	0	0	0	0	0	0	0	0	0	0	0	0	0	0	0	0	0	0	0	0	0	0	0	0	0	0	0	0	0	0	0	0	0	0	0	0	0	0	0	0	0	0	0	0	0	0	0	0	0	0	0	0	0	0	0	0	0	0	0	0	0	0	0	0	0	0	0	0	0
0	0	0	0	0	0	0	0	0	0	0	0	0	0	0	1	0	0	1	13	0	0	0	0	0	0	0	0	0	0	0	0	12	0	132	0	0	0	0	0	7	0	15	0	0	0	0	0	1	0	0	0	0	0	1	0	0	81	0	0	0	0	0	0	4	1	0	3	0	23	0	0	0	0	0
0	0	2	2	164	0	0	0	1	0	0	5	0	8	0	16	398	3	11	0	5	1	0	0	1	4	696	1	2	6	1	2	27	2	3	0	111	0	132	130	63	563	39	546	0	0	0	0	0	265	0	3	14	0	13	8	0	1	0	822	0	0	0	0	81	7	1	1713	0	1318	26	38	0	368	6
0	0	25	110	12	0	0	0	172	0	0	0	0	20	0	76	52	1	2	15	7	0	0	0	0	1	483	1	2	63	0	0	366	0	21	0	624	0	0	0	21	130	30	9	0	12	0	0	0	14	0	0	11	0	83	14	0	27	0	8	0	0	4	81	0	8	4	2318	0	72	3	1	0	113	0
0	11	68	0	2	0	3	0	6	0	16	0	0	7	0	13	2	216	541	1	1	17	0	0	872	0	20	162	846	0	2	160	15	193	0	0	17	0	825	28	29	4	13	411	1	2	0	0	171	7	0	15	108	112	407	0	8	89	0	482	0	0	1	7	8	0	59	34	0	28	4	135	0	13	14
0	4	87	1	3	0	2	0	1	0	45	42	0	5	0	10	2	124	100	3	49	0	0	0	24	0	15	99	73	15	0	141	6	178	0	0	2	0	330	2	15	0	200	37	7	0	0	0	4	2	8	1	38	3	169	2	0	12	0	35	0	0	0	1	4	59	0	38	0	16	68	181	0	89	17
0	4	21	93	20	6	0	0	18	0	1	8	0	210	0	179	441	18	80	8	3	3	0	0	23	6	859	0	18	107	1	0	374	1	27	0	569	0	3	3	144	31	98	17	0	32	0	0	49	335	1	4	28	18	359	7	3	93	0	35	0	0	3	1713	2318	34	38	0	0	585	23	16	0	184	17
0	0	0	0	0	0	0	0	0	0	0	0	0	0	0	0	0	0	0	0	0	0	0	0	0	0	0	0	0	0	0	0	0	0	0	0	0	0	0	0	0	0	0	0	0	0	0	0	0	0	0	0	0	0	0	0	0	0	0	0	0	0	0	0	0	0	0	0	0	0	0	0	0	0	0
0	0	0	3	5	0	0	0	0	0	0	1	1	21	0	37	59	2	3	0	2	0	0	0	1	11	553	0	1	6	1	1	29	0	1	0	41	0	0	104	20	348	20	9	16	18	0	0	2	197	0	16	10	0	65	5	0	54	0	945	0	0	23	1318	72	28	16	585	0	0	2	8	0	165	0
0	34	388	127	3	0	122	0	0	0	193	4	1	15	0	321	1	12	18	100	332	2	0	0	4	2	0	15	5	21	1	4	168	48	3	0	0	0	17	1	25	0	489	20	0	11	0	0	75	0	14	0	8	1	6	0	2	0	0	6	0	0	0	26	3	4	68	23	0	2	0	8	0	4	4
0	24	2	2	102	0	12	0	0	0	0	56	0	5	0	2	0	78	256	5	54	6	0	0	150	0	23	191	142	0	1	2	1	3	0	0	0	0	313	1	432	0	19	766	0	0	0	0	18	0	306	0	5	122	18	0	1	2	0	229	0	0	0	38	1	135	181	16	0	8	8	0	0	0	0
0	0	0	0	0	0	0	0	0	0	0	0	0	0	0	0	0	0	0	0	0	0	0	0	0	0	0	0	0	0	0	0	0	0	0	0	0	0	0	0	0	0	0	0	0	0	0	0	0	0	0	0	0	0	0	0	0	0	0	0	0	0	0	0	0	0	0	0	0	0	0	0	0	0	0
0	6	5	12	0	12	0	0	0	0	1	2	0	51	0	18	0	2	22	5	12	3	0	0	47	0	114	36	64	0	0	0	69	0	11	0	0	0	61	0	43	0	11	329	0	0	3	0	2	0	91	0	3	13	4	4	0	1	0	203	0	0	0	368	113	13	89	184	0	165	4	0	0	0	0
0	2	1	138	0	1	49	0	0	0	68	0	0	6	0	0	0	6	70	2	0	6	0	0	1	0	0	14	3	0	0	0	10	0	0	0	0	0	2	0	450	0	136	11	0	0	0	0	45	0	0	0	1	3	3	0	0	3	0	7	0	0	0	6	0	14	17	17	0	0	4	0	0	0	0
