0	0	0	0	0	0	0	0	0	0	0	0	0	0	0	0	0	0	0	0	0	0	0	0	0	0	0	0	0	0	0	0	0	0	0	0	0	0	0	0	0	0	0	0	0	0	0	0	0	0	0	0	0	0	0	0	0	0	0	0	0	0	0	0	0	0	0	0	0	0	0	0	0	0	0
0	0	965	24	3	0	62	0	0	0	112	0	352	0	0	2	0	112	64	0	2	769	0	0	17	0	0	56	20	0	20	14	0	14	14	0	2	0	68	2	9	0	132	5	0	0	0	0	64	0	0	10	801	0	34	0	1475	0	366	22	0	0	0	0	0	23	284	0	0	1	3	50	0	6	6
0	965	0	0	1	0	0	0	2	0	2	1	240	0	0	0	0	0	5	0	24	30	0	0	27	0	0	48	9	0	0	2	2	36	0	0	5	0	4	1	0	0	484	4	0	0	0	0	18	0	0	0	690	0	14	0	281	1	19	0	0	0	0	1	44	1	307	1	0	2	485	5	0	2	0
0	24	0	0	0	0	723	0	124	0	126	0	0	18	0	59	62	5	30	5	8	94	0	0	9	0	18	1	17	42	244	3	40	69	4	0	8	0	3	15	40	31	152	2	0	160	0	0	133	30	0	1	161	0	1	0	6	11	12	18	0	0	14	13	26	4	38	50	0	2	103	3	10	9	202
0	3	1	0	0	0	0	0	5	0	63	0	0	0	0	1	7	205	202	4	43	109	0	0	116	0	4	95	321	0	0	243	9	13	0	0	16	0	586	156	15	84	12	555	0	0	0	0	28	97	0	8	38	14	267	1	1	32	56	210	0	0	1	283	8	147	3	26	0	252	0	284	1	112	21
0	0	0	0	0	0	0	0	0	0	0	0	0	0	0	0	0	0	0	0	0	0	0	0	0	0	0	0	0	0	0	0	0	0	0	0	0	0	0	0	0	0	0	0	0	0	0	0	0	0	0	0	0	0	0	0	0	0	0	0	0	0	0	0	0	0	0	0	0	0	0	0	0	0	0
0	62	0	723	0	0	0	0	0	0	54	0	0	4	0	50	0	0	2	0	0	43	0	0	0	0	0	0	1	5	76	0	0	61	0	0	3	0	0	0	7	0	100	0	0	62	0	0	12	0	0	0	55	0	0	0	5	0	0	9	0	0	0	0	0	1	34	0	0	0	10	0	0	0	62
0	0	0	0	0	0	0	0	0	0	0	0	0	0	0	0	0	0	0	0	0	0	0	0	1	0	0	0	0	0	0	0	0	0	0	0	0	0	0	0	0	0	0	0	0	0	0	0	0	0	0	0	0	0	0	0	0	0	0	0	0	0	0	0	0	0	0	0	0	0	0	0	0	0	0
0	0	2	124	5	0	0	0	0	0	0	0	0	24	0	6	93	0	0	4	366	0	0	0	1	0	10	0	0	0	0	0	111	0	23	0	0	0	0	0	20	0	6	1	0	1	0	0	0	0	0	0	1	0	0	0	0	1	0	0	0	0	0	18	247	0	1	16	0	16	58	0	14	0	0
0	0	0	0	0	0	0	0	0	0	0	0	0	0	0	0	0	0	0	0	0	0	0	0	0	0	0	0	0	0	0	0	0	0	0	0	0	0	0	0	0	0	0	0	0	0	0	0	0	0	0	0	0	0	0	0	0	0	0	0	0	0	0	0	0	0	0	0	0	0	0	0	0	0	0
0	112	2	126	63	0	54	0	0	0	0	0	0	107	0	120	1	91	239	17	0	151	0	0	251	0	0	0	224	4	7	0	1	1	3	0	1	0	205	22	15	0	24	8	0	9	0	0	71	11	0	10	95	13	145	0	4	34	25	19	0	0	5	1	0	156	173	11	0	4	13	37	7	19	4
0	0	1	0	0	0	0	0	0	0	0	0	0	1	0	3	0	6	0	4	0	0	0	0	0	0	0	0	0	0	0	0	1	0	96	0	0	0	0	0	0	0	0	0	0	0	0	0	0	0	0	0	1	0	1	0	0	1	0	0	0	0	0	4	0	0	0	0	0	3	0	8	0	0	1
0	352	240	0	0	0	0	0	0	0	0	0	0	21	0	30	0	1	3	1	0	6	0	0	1	0	0	4	14	0	0	0	25	0	2	0	0	0	0	0	4	0	12	11	0	0	0	0	1	0	0	0	176	0	0	0	104	21	0	0	0	0	0	19	10	2	164	57	0	1	4	0	0	0	0
0	0	0	18	0	0	4	0	24	0	107	1	21	0	0	36	18	0	7	52	0	0	0	0	2	0	21	0	19	63	7	1	18	1	4	0	64	0	1	0	25	0	26	12	896	117	0	0	1	9	0	43	0	0	25	2	0	140	10	0	0	0	40	58	8	2	2	256	0	65	1	2	77	41	4
0	0	0	0	0	0	0	0	0	0	0	0	0	0	0	0	0	0	0	0	0	0	0	0	0	0	0	0	0	0	0	0	0	0	0	0	0	0	0	0	0	0	0	0	0	0	0	0	0	0	0	0	0	0	0	0	0	0	0	0	0	0	0	0	0	0	0	0	0	0	0	0	0	0	0
0	2	0	59	1	0	50	0	6	0	120	3	30	36	0	0	390	4	1	741	0	0	0	0	0	0	0	5	1	646	1	0	604	229	6	0	27	0	3	4	0	0	718	1	0	694	0	0	5	20	0	1	0	0	4	339	0	265	16	0	0	0	447	30	28	0	169	164	0	0	434	0	9	54	0
0	0	0	62	7	0	0	0	93	0	1	0	0	18	0	390	0	12	0	620	469	0	0	0	1	0	253	8	1	89	4	0	142	15	9	0	0	0	2	25	186	0	94	17	0	263	0	0	0	6	0	20	0	0	5	5	0	13	0	0	0	0	106	274	251	1	26	278	0	102	3	7	37	9	0
0	112	0	5	205	0	0	0	0	0	91	6	1	0	0	4	12	0	116	4	449	26	0	0	234	0	26	460	287	0	7	0	45	0	8	0	0	0	33	9	422	0	36	115	0	0	0	0	10	2	0	1	41	76	75	0	5	17	13	11	0	0	1	1	4	62	10	41	0	2	5	1	1	0	0
0	64	5	30	202	0	2	0	0	0	239	0	3	7	0	1	0	116	0	1	1	222	0	0	673	0	9	57	932	0	109	212	13	160	1	0	10	0	842	20	121	0	33	323	0	1	0	0	41	19	0	29	266	0	566	1	21	44	256	171	0	0	0	19	2	922	4	2	0	2	16	81	1	12	4
0	0	0	5	4	0	0	0	4	0	17	4	1	52	0	741	620	4	1	0	3	0	0	0	1	0	4	1	3	631	37	1	428	248	0	0	21	0	2	11	23	0	427	4	0	706	0	0	0	14	0	5	1	0	4	339	0	159	0	0	0	0	570	21	34	2	3	56	0	11	87	1	6	14	3
0	2	24	8	43	0	0	0	366	0	0	0	0	0	0	0	469	449	1	3	0	40	0	0	10	0	0	123	0	0	768	54	18	276	0	0	0	0	114	296	275	0	114	139	0	1	0	0	3	4	0	0	9	0	22	0	0	18	0	48	0	0	2	0	0	0	6	2	0	0	560	122	16	44	0
0	769	30	94	109	0	43	0	0	0	151	0	6	0	0	0	0	26	222	0	40	0	0	0	291	0	4	128	247	0	65	1	0	6	3	0	9	0	10	10	176	0	4	75	0	0	0	0	105	0	0	0	461	13	5	0	130	5	15	4	0	0	0	0	0	22	3	1	0	2	2	1	0	3	8
0	0	0	0	0	0	0	0	0	0	0	0	0	0	0	0	0	0	0	0	0	0	0	0	0	0	0	0	0	0	0	0	0	0	0	0	0	0	0	0	0	0	0	0	0	0	0	0	0	0	0	0	0	0	0	0	0	0	0	0	0	0	0	0	0	0	0	0	0	0	0	0	0	0	0
0	0	0	0	0	0	0	0	0	0	0	0	0	0	0	0	0	0	0	0	0	0	0	0	0	0	0	0	0	0	0	0	0	0	0	0	0	0	0	0	0	0	0	0	0	0	0	0	0	0	0	0	0	0	0	0	0	0	0	0	0	0	0	0	0	0	0	0	0	0	0	0	0	0	0
0	17	27	9	116	0	0	1	1	0	251	0	1	2	0	0	1	234	673	1	10	291	0	0	0	0	3	146	701	1	306	62	14	183	1	0	2	0	720	84	79	0	63	18	0	4	0	0	19	33	0	4	307	3	556	1	13	46	254	89	0	0	0	3	1	765	20	19	0	2	0	258	1	15	8
0	0	0	0	0	0	0	0	0	0	0	0	0	0	0	0	0	0	0	0	0	0	0	0	0	0	0	0	0	0	0	0	0	0	0	0	0	0	0	0	0	0	0	0	1	0	0	0	0	0	0	0	0	0	0	0	0	0	0	0	0	0	0	0	0	0	0	0	0	0	0	0	0	0	0
0	0	0	18	4	0	0	0	10	0	0	0	0	21	0	0	253	26	9	4	0	4	0	0	3	0	0	5	89	5	26	3	61	3	5	0	77	0	28	0	115	38	44	23	0	13	0	0	0	134	0	0	1	0	3	12	0	16	5	16	0	0	12	402	315	2	30	405	0	557	0	44	121	31	0
0	56	48	1	95	0	0	0	0	0	0	0	4	0	0	5	8	460	57	1	123	128	0	0	146	0	5	0	133	0	324	44	64	195	2	0	0	0	404	43	436	0	45	20	0	0	0	0	7	3	0	1	45	0	178	0	5	17	111	10	0	0	0	0	0	8	41	0	0	0	6	105	0	6	1
0	20	9	17	321	0	1	0	0	0	224	0	14	19	0	1	1	287	932	3	0	247	0	0	701	0	89	133	0	3	638	32	28	50	4	0	1	0	470	20	431	0	92	12	0	56	0	0	13	38	0	64	233	32	302	0	7	84	190	91	0	0	7	0	3	374	26	10	0	1	1	276	0	19	17
0	0	0	42	0	0	5	0	0	0	4	0	0	63	0	646	89	0	0	631	0	0	0	0	1	0	5	0	3	0	0	0	351	0	82	0	0	0	0	0	10	0	292	1	0	30	0	0	0	0	0	0	0	0	0	0	0	110	0	0	0	0	0	0	41	0	129	84	0	2	124	0	0	0	0
0	20	0	244	0	0	76	0	0	0	7	0	0	7	0	1	4	7	109	37	768	65	0	0	306	0	26	324	638	0	0	0	0	0	6	0	0	0	0	0	405	0	16	24	0	1	0	0	132	0	0	0	113	45	5	0	1	0	0	16	0	0	0	2	1	0	1	0	0	3	6	0	4	0	0
0	14	2	3	243	0	0	0	0	0	0	0	0	1	0	0	0	0	212	1	54	1	0	0	62	0	3	44	32	0	0	0	17	0	7	0	0	0	21	0	11	0	2	600	0	0	0	0	4	0	0	0	0	0	36	0	1	3	0	0	0	0	0	2	0	45	2	1	0	0	1	162	0	0	0
0	0	2	40	9	0	0	0	111	0	1	1	25	18	0	604	142	45	13	428	18	0	0	0	14	0	61	64	28	351	0	17	0	10	687	0	169	0	42	2	3	25	427	46	0	276	0	0	1	74	0	5	11	0	122	248	0	348	4	12	0	0	274	215	455	5	28	243	0	46	137	23	7	103	0
0	14	36	69	13	0	61	0	0	0	1	0	0	1	0	229	15	0	160	248	276	6	0	0	183	0	3	195	50	0	0	0	10	0	0	0	0	0	10	0	19	0	69	116	0	0	0	0	9	0	0	0	3	0	6	0	0	0	0	0	0	0	0	0	0	28	184	0	0	1	5	20	0	0	0
0	14	0	4	0	0	0	0	23	0	3	96	2	4	0	6	9	8	1	0	0	3	0	0	1	0	5	2	4	82	6	7	687	0	0	0	7	0	15	1	8	2	12	1	0	3	0	0	1	5	0	5	6	0	4	467	4	695	6	3	0	0	662	20	61	3	0	25	0	7	1	12	20	9	1
0	0	0	0	0	0	0	0	0	0	0	0	0	0	0	0	0	0	0	0	0	0	0	0	0	0	0	0	0	0	0	0	0	0	0	0	0	0	0	0	0	0	0	0	0	0	0	0	0	0	0	0	0	0	0	0	0	0	0	0	0	0	0	0	0	0	0	0	0	0	0	0	0	0	0
0	2	5	8	16	0	3	0	0	0	1	0	0	64	0	27	0	0	10	21	0	9	0	0	2	0	77	0	1	0	0	0	169	0	7	0	0	0	0	0	10	0	1	4	0	0	0	0	0	0	0	0	1	0	0	0	0	25	0	0	0	0	0	68	536	0	7	436	0	149	0	0	19	0	0
0	0	0	0	0	0	0	0	0	0	0	0	0	0	0	0	0	0	0	0	0	0	0	0	0	0	0	0	0	0	0	0	0	0	0	0	0	0	0	0	0	0	0	0	0	0	0	0	0	0	0	0	0	0	0	0	0	0	0	0	0	0	0	0	0	0	0	0	0	0	0	0	0	0	0
0	68	4	3	586	0	0	0	0	0	205	0	0	1	0	3	2	33	842	2	114	10	0	0	720	0	28	404	470	0	0	21	42	10	15	0	0	0	0	9	107	0	8	1021	0	0	0	0	27	1	0	1	29	14	182	0	2	16	1	126	0	0	0	299	1	347	28	1	0	9	10	181	0	11	0
0	2	1	15	156	0	0	0	0	0	22	0	0	0	0	4	25	9	20	11	296	10	0	0	84	0	0	43	20	0	0	0	2	0	1	0	0	0	9	0	164	0	8	264	0	0	0	0	0	0	0	0	11	1	2	0	1	2	0	88	0	0	0	5	0	0	0	9	0	23	10	0	0	0	0
0	9	0	40	15	0	7	0	20	0	15	0	4	25	0	0	186	422	121	23	275	176	0	0	79	0	115	436	431	10	405	11	3	19	8	0	10	0	107	164	0	0	81	19	0	217	0	0	11	6	0	32	30	1	72	0	2	41	89	333	0	0	14	59	10	131	2	42	0	19	7	190	66	43	167
0	0	0	31	84	0	0	0	0	0	0	0	0	0	0	0	0	0	0	0	0	0	0	0	0	0	38	0	0	0	0	0	25	0	2	0	0	0	0	0	0	0	1	30	0	0	0	0	0	0	0	0	0	0	0	0	0	0	0	0	0	0	0	279	95	0	0	9	0	220	0	0	0	0	0
0	132	484	152	12	0	100	0	6	0	24	0	12	26	0	718	94	36	33	427	114	4	0	0	63	0	44	45	92	292	16	2	427	69	12	0	1	0	8	8	81	1	0	42	0	247	0	0	205	3	0	2	22	1	14	63	14	34	0	6	0	0	48	27	51	33	417	149	0	19	267	22	9	18	76
0	5	4	2	555	0	0	0	1	0	8	0	11	12	0	1	17	115	323	4	139	75	0	0	18	0	23	20	12	1	24	600	46	116	1	0	4	0	1021	264	19	30	42	0	0	2	0	0	1	103	0	0	10	0	600	1	0	70	61	761	0	0	2	470	5	198	4	27	0	45	3	664	6	267	10
0	0	0	0	0	0	0	0	0	0	0	0	0	896	0	0	0	0	0	0	0	0	0	0	0	1	0	0	0	0	0	0	0	0	0	0	0	0	0	0	0	0	0	0	0	0	0	0	0	0	0	0	0	0	0	0	0	0	0	0	0	0	0	0	0	0	0	1	0	0	0	0	0	0	0
0	0	0	160	0	0	62	0	1	0	9	0	0	117	0	694	263	0	1	706	1	0	0	0	4	0	13	0	56	30	1	0	276	0	3	0	0	0	0	0	217	0	247	2	0	0	0	0	15	0	0	33	1	0	0	0	0	110	0	0	0	0	4	3	40	0	0	146	0	37	6	0	43	0	1
0	0	0	0	0	0	0	0	0	0	0	0	0	0	0	0	0	0	0	0	0	0	0	0	0	0	0	0	0	0	0	0	0	0	0	0	0	0	0	0	0	0	0	0	0	0	0	0	0	0	0	0	0	0	0	0	0	0	0	0	0	0	0	0	0	0	0	0	0	0	0	0	0	0	0
0	0	0	0	0	0	0	0	0	0	0	0	0	0	0	0	0	0	0	0	0	0	0	0	0	0	0	0	0	0	0	0	0	0	0	0	0	0	0	0	0	0	0	0	0	0	0	0	0	0	0	0	0	0	0	0	0	0	0	0	0	0	0	0	0	0	0	0	0	0	0	0	0	0	0
0	64	18	133	28	0	12	0	0	0	71	0	1	1	0	5	0	10	41	0	3	105	0	0	19	0	0	7	13	0	132	4	1	9	1	0	0	0	27	0	11	0	205	1	0	15	0	0	0	15	0	9	266	83	5	0	10	14	33	18	0	0	0	1	1	23	28	3	0	1	112	17	1	9	46
0	0	0	30	97	0	0	0	0	0	11	0	0	9	0	20	6	2	19	14	4	0	0	0	33	0	134	3	38	0	0	0	74	0	5	0	0	0	1	0	6	0	3	103	0	0	0	0	15	0	0	0	7	6	10	0	0	2	0	10	0	0	0	194	40	0	3	265	0	279	0	0	5	0	0
0	0	0	0	0	0	0	0	0	0	0	0	0	0	0	0	0	0	0	0	0	0	0	0	0	0	0	0	0	0	0	0	0	0	0	0	0	0	0	0	0	0	0	0	0	0	0	0	0	0	0	0	0	0	0	0	0	0	0	0	0	0	0	0	0	0	0	0	0	0	0	0	0	0	0
0	10	0	1	8	0	0	0	0	0	10	0	0	43	0	1	20	1	29	5	0	0	0	0	4	0	0	1	64	0	0	0	5	0	5	0	0	0	1	0	32	0	2	0	0	33	0	0	9	0	0	0	0	0	4	0	1	50	0	0	0	0	0	0	0	9	0	4	0	3	0	0	0	0	0
0	801	690	161	38	0	55	0	1	0	95	1	176	0	0	0	0	41	266	1	9	461	0	0	307	0	1	45	233	0	113	0	11	3	6	0	1	0	29	11	30	0	22	10	0	1	0	0	266	7	0	0	0	130	45	0	186	15	292	17	0	0	0	10	1	53	35	5	0	7	4	6	0	3	1
0	0	0	0	14	0	0	0	0	0	13	0	0	0	0	0	0	76	0	0	0	13	0	0	3	0	0	0	32	0	45	0	0	0	0	0	0	0	14	1	1	0	1	0	0	0	0	0	83	6	0	0	130	0	4	0	0	1	170	6	0	0	5	0	0	6	0	0	0	0	0	3	0	0	11
0	34	14	1	267	0	0	0	0	0	145	1	0	25	0	4	5	75	566	4	22	5	0	0	556	0	3	178	302	0	5	36	122	6	4	0	0	0	182	2	72	0	14	600	0	0	0	0	5	10	0	4	45	4	0	0	2	29	21	22	0	0	4	47	9	213	14	61	0	18	4	226	19	9	0
0	0	0	0	1	0	0	0	0	0	0	0	0	2	0	339	5	0	1	339	0	0	0	0	1	0	12	0	0	0	0	0	248	0	467	0	0	0	0	0	0	0	63	1	0	0	0	0	0	0	0	0	0	0	0	0	0	0	0	0	0	0	0	0	8	1	21	3	0	4	0	0	0	0	0
0	1475	281	6	1	0	5	0	0	0	4	0	104	0	0	0	0	5	21	0	0	130	0	0	13	0	0	5	7	0	1	1	0	0	4	0	0	0	2	1	2	0	14	0	0	0	0	0	10	0	0	1	186	0	2	0	0	0	93	3	0	0	0	0	0	2	190	1	0	1	2	1	0	0	0
0	0	1	11	32	0	0	0	1	0	34	1	21	140	0	265	13	17	44	159	18	5	0	0	46	0	16	17	84	110	0	3	348	0	695	0	25	0	16	2	41	0	34	70	0	110	0	0	14	2	0	50	15	1	29	0	0	0	6	7	0	0	51	99	53	22	2	265	0	32	0	3	44	23	3
0	366	19	12	56	0	0	0	0	0	25	0	0	10	0	16	0	13	256	0	0	15	0	0	254	0	5	111	190	0	0	0	4	0	6	0	0	0	1	0	89	0	0	61	0	0	0	0	33	0	0	0	292	170	21	0	93	6	0	15	0	0	0	2	0	84	0	0	0	7	2	0	0	0	0
0	22	0	18	210	0	9	0	0	0	19	0	0	0	0	0	0	11	171	0	48	4	0	0	89	0	16	10	91	0	16	0	12	0	3	0	0	0	126	88	333	0	6	761	0	0	0	0	18	10	0	0	17	6	22	0	3	7	15	0	0	0	0	417	2	123	0	1	0	815	8	121	0	1	0
0	0	0	0	0	0	0	0	0	0	0	0	0	0	0	0	0	0	0	0	0	0	0	0	0	0	0	0	0	0	0	0	0	0	0	0	0	0	0	0	0	0	0	0	0	0	0	0	0	0	0	0	0	0	0	0	0	0	0	0	0	0	0	0	0	0	0	0	0	0	0	0	0	0	0
0	0	0	0	0	0	0	0	0	0	0	0	0	0	0	0	0	0	0	0	0	0	0	0	0	0	0	0	0	0	0	0	0	0	0	0	0	0	0	0	0	0	0	0	0	0	0	0	0	0	0	0	0	0	0	0	0	0	0	0	0	0	0	0	0	0	0	0	0	0	0	0	0	0	0
0	0	0	14	1	0	0	0	0	0	5	0	0	40	0	447	106	1	0	570	2	0	0	0	0	0	12	0	7	0	0	0	274	0	662	0	0	0	0	0	14	0	48	2	0	4	0	0	0	0	0	0	0	5	4	0	0	51	0	0	0	0	0	16	30	0	4	11	0	40	1	0	2	0	0
0	0	1	13	283	0	0	0	18	0	1	4	19	58	0	30	274	1	19	21	0	0	0	0	3	0	402	0	0	0	2	2	215	0	20	0	68	0	299	5	59	279	27	470	0	3	0	0	1	194	0	0	10	0	47	0	0	99	2	417	0	0	16	0	233	6	2	1180	0	1348	0	29	199	250	0
0	0	44	26	8	0	0	0	247	0	0	0	10	8	0	28	251	4	2	34	0	0	0	0	1	0	315	0	3	41	1	0	455	0	61	0	536	0	1	0	10	95	51	5	0	40	0	0	1	40	0	0	1	0	9	8	0	53	0	2	0	0	30	233	0	0	1	1510	0	79	0	2	133	315	0
0	23	1	4	147	0	1	0	0	0	156	0	2	2	0	0	1	62	922	2	0	22	0	0	765	0	2	8	374	0	0	45	5	28	3	0	0	0	347	0	131	0	33	198	0	0	0	0	23	0	0	9	53	6	213	1	2	22	84	123	0	0	0	6	0	0	2	1	0	5	0	129	0	0	1
0	284	307	38	3	0	34	0	1	0	173	0	164	2	0	169	26	10	4	3	6	3	0	0	20	0	30	41	26	129	1	2	28	184	0	0	7	0	28	0	2	0	417	4	0	0	0	0	28	3	0	0	35	0	14	21	190	2	0	0	0	0	4	2	1	2	0	41	0	4	39	52	0	2	10
0	0	1	50	26	0	0	0	16	0	11	0	57	256	0	164	278	41	2	56	2	1	0	0	19	0	405	0	10	84	0	1	243	0	25	0	436	0	1	9	42	9	149	27	1	146	0	0	3	265	0	4	5	0	61	3	1	265	0	1	0	0	11	1180	1510	1	41	0	0	724	1	4	261	313	61
0	0	0	0	0	0	0	0	0	0	0	0	0	0	0	0	0	0	0	0	0	0	0	0	0	0	0	0	0	0	0	0	0	0	0	0	0	0	0	0	0	0	0	0	0	0	0	0	0	0	0	0	0	0	0	0	0	0	0	0	0	0	0	0	0	0	0	0	0	0	0	0	0	0	0
0	1	2	2	252	0	0	0	16	0	4	3	1	65	0	0	102	2	2	11	0	2	0	0	2	0	557	0	1	2	3	0	46	1	7	0	149	0	9	23	19	220	19	45	0	37	0	0	1	279	0	3	7	0	18	4	1	32	7	815	0	0	40	1348	79	5	4	724	0	0	0	1	210	131	0
0	3	485	103	0	0	10	0	58	0	13	0	4	1	0	434	3	5	16	87	560	2	0	0	0	0	0	6	1	124	6	1	137	5	1	0	0	0	10	10	7	0	267	3	0	6	0	0	112	0	0	0	4	0	4	0	2	0	2	8	0	0	1	0	0	0	39	1	0	0	0	13	0	2	40
0	50	5	3	284	0	0	0	0	0	37	8	0	2	0	0	7	1	81	1	122	1	0	0	258	0	44	105	276	0	0	162	23	20	12	0	0	0	181	0	190	0	22	664	0	0	0	0	17	0	0	0	6	3	226	0	1	3	0	121	0	0	0	29	2	129	52	4	0	1	13	0	1	1	0
0	0	0	10	1	0	0	0	14	0	7	0	0	77	0	9	37	1	1	6	16	0	0	0	1	0	121	0	0	0	4	0	7	0	20	0	19	0	0	0	66	0	9	6	0	43	0	0	1	5	0	0	0	0	19	0	0	44	0	0	0	0	2	199	133	0	0	261	0	210	0	1	0	6	0
0	6	2	9	112	0	0	0	0	0	19	0	0	41	0	54	9	0	12	14	44	3	0	0	15	0	31	6	19	0	0	0	103	0	9	0	0	0	11	0	43	0	18	267	0	0	0	0	9	0	0	0	3	0	9	0	0	23	0	1	0	0	0	250	315	0	2	313	0	131	2	1	6	0	0
0	6	0	202	21	0	62	0	0	0	4	1	0	4	0	0	0	0	4	3	0	8	0	0	8	0	0	1	17	0	0	0	0	0	1	0	0	0	0	0	167	0	76	10	0	1	0	0	46	0	0	0	1	11	0	0	0	3	0	0	0	0	0	0	0	1	10	61	0	0	40	0	0	0	0
