0	0	0	0	0	0	0	0	0	0	0	0	0	0	0	0	0	0	0	0	0	0	0	0	0	0	0	0	0	0	0	0	0	0	0	0	0	0	0	0	0	0	0	0	0	0	0	0	0	0	0	0	0	0	0	0	0	0	0	0	0	0	0	0	0	0	0	0	0	0	0	0	0	0	0
0	0	286	0	0	0	0	0	0	0	0	0	0	0	0	0	0	38	2	0	2	116	0	0	4	0	0	0	14	0	0	0	0	0	0	0	0	0	0	0	12	0	43	0	0	0	0	0	60	0	0	0	258	149	2	0	790	0	336	4	0	0	2	0	0	10	200	1	0	0	0	0	0	2	2
0	286	0	0	8	0	0	0	0	0	0	0	0	0	0	0	0	14	12	0	32	1	0	0	41	0	0	0	45	0	0	0	0	10	19	0	0	0	3	0	0	0	70	117	0	0	0	0	0	0	15	0	0	10	34	0	142	0	0	1	0	0	0	0	32	123	162	0	0	0	9	4	0	8	10
0	0	0	0	7	0	280	0	38	0	123	0	0	0	303	69	1	1	64	0	0	45	0	0	36	0	0	0	12	1	75	4	5	15	0	0	5	0	2	36	21	0	255	43	0	97	0	0	185	0	0	0	119	0	1	0	0	0	27	58	0	0	1	1	1	7	34	2	0	0	41	0	0	30	221
0	0	8	7	0	0	0	0	19	907	0	7	0	16	1	10	2	35	36	3	18	1	0	0	6	1	1	0	0	10	4	50	18	39	4	0	62	0	52	36	17	93	23	1147	0	48	0	0	11	1	47	0	6	0	17	5	2	0	1	220	0	0	7	48	10	3	103	34	0	7	15	24	15	40	2
0	0	0	0	0	0	0	0	0	0	0	0	0	0	12	0	0	0	5	0	2	0	0	0	0	0	0	0	0	0	0	0	0	0	0	0	0	0	4	0	2	0	0	0	0	0	0	0	12	0	0	0	3	0	0	0	0	0	8	0	0	0	0	0	0	0	0	0	0	0	27	0	0	0	0
0	0	0	280	0	0	0	0	0	0	82	0	0	0	64	134	0	2	47	0	0	1	0	0	25	0	0	0	31	0	3	5	0	11	0	0	0	0	2	1	0	0	268	29	0	139	0	0	1	0	0	0	27	0	4	0	0	0	12	0	0	0	1	0	0	3	147	0	0	0	26	0	0	11	227
0	0	0	0	0	0	0	0	0	0	0	0	0	0	11	0	0	0	16	0	0	0	0	0	4	0	0	0	0	0	0	0	0	0	0	0	0	0	0	0	0	0	0	0	0	0	0	0	0	0	0	0	0	1	0	0	0	0	0	0	0	0	0	0	0	14	0	0	0	0	0	0	0	0	0
0	0	0	38	19	0	0	0	0	83	0	0	0	24	0	5	0	1	3	0	156	0	0	0	1	0	0	0	0	4	0	0	0	0	14	0	0	0	0	0	2	20	1	2	0	0	0	0	0	0	1	0	0	0	0	0	0	0	0	0	0	0	1	0	165	2	1	41	0	17	0	0	1	19	1
0	0	0	0	907	0	0	0	83	0	0	0	0	0	0	0	0	0	0	1	2	0	0	0	0	0	0	0	0	0	0	206	0	1	0	0	0	0	133	384	7	3	0	257	0	349	0	0	0	4	0	0	0	0	3	0	0	0	0	87	0	0	0	593	51	0	6	99	0	0	0	0	172	324	0
0	0	0	123	0	0	82	0	0	0	0	0	0	13	397	607	0	11	152	40	2	0	0	0	188	0	0	0	109	4	0	0	0	10	0	0	0	0	0	0	9	0	401	3	0	714	0	0	0	0	3	0	1	6	2	0	110	0	0	28	0	0	0	0	0	105	171	1	0	0	1	0	0	0	402
0	0	0	0	7	0	0	0	0	0	0	0	0	1	0	4	0	0	2	0	0	0	0	0	0	0	0	0	0	4	0	0	0	0	129	0	0	0	0	0	0	0	0	0	0	0	0	0	0	0	0	0	0	0	0	247	1	0	0	0	0	0	7	0	0	0	0	0	0	1	0	0	0	7	1
0	0	0	0	0	0	0	0	0	0	0	0	0	0	0	0	0	0	0	0	0	0	0	0	1	0	0	0	0	0	0	0	0	0	0	0	0	0	0	0	0	0	0	2	0	0	0	0	0	0	0	0	0	0	0	0	0	0	0	0	0	0	0	0	0	0	1	0	0	0	0	0	0	0	0
0	0	0	0	16	0	0	0	24	0	13	1	0	0	20	48	16	5	4	3	2	4	0	0	0	1	0	0	0	48	15	0	85	0	0	0	50	0	0	5	63	0	26	5	454	317	0	0	4	7	3	0	0	0	15	13	0	0	0	3	0	0	30	48	12	0	10	82	0	86	0	0	10	59	4
0	0	0	303	1	12	64	11	0	0	397	0	0	20	0	417	0	75	115	14	0	6	0	0	160	0	0	0	0	17	21	0	0	129	0	0	0	0	30	0	15	0	374	0	0	882	0	0	1	0	1	0	17	7	92	0	131	0	20	45	0	0	0	0	0	54	167	0	0	1	16	38	0	2	527
0	0	0	69	10	0	134	0	5	0	607	4	0	48	417	0	171	77	9	299	3	6	0	0	6	3	0	0	89	480	3	23	482	134	110	0	22	0	86	23	34	0	814	20	0	1804	0	0	0	0	0	0	21	0	82	604	0	0	32	24	0	0	447	18	23	10	294	35	0	0	257	70	0	18	2
0	0	0	1	2	0	0	0	0	0	0	0	0	16	0	171	0	2	0	131	86	1	0	0	0	0	14	0	0	3	4	0	0	2	2	0	0	0	0	0	46	1	9	6	0	27	0	0	0	0	0	0	0	0	2	6	0	0	0	2	0	0	5	1	111	1	0	191	0	11	0	0	2	2	0
0	38	14	1	35	0	2	0	1	0	11	0	0	5	75	77	2	0	96	0	156	2	0	0	133	9	0	0	469	0	4	0	2	46	0	0	3	0	16	0	80	0	22	143	0	0	0	0	0	2	41	0	10	58	107	0	14	0	7	42	0	0	0	2	1	258	88	16	0	1	4	3	0	37	97
0	2	12	64	36	5	47	16	3	0	152	2	0	4	115	9	0	96	0	1	2	9	0	0	498	0	0	0	348	0	81	237	9	395	1	0	5	0	537	20	94	0	10	173	5	7	0	0	20	0	0	0	114	9	312	1	0	0	137	115	0	0	0	1	0	924	37	4	0	0	10	24	0	72	73
0	0	0	0	3	0	0	0	0	1	40	0	0	3	14	299	131	0	1	0	8	0	0	0	0	0	0	0	0	93	0	0	42	0	0	0	0	0	0	0	25	0	90	0	0	132	0	0	0	0	0	0	0	0	0	22	0	0	0	0	0	0	125	0	4	0	0	2	0	2	30	0	0	4	1
0	2	32	0	18	2	0	0	156	2	2	0	0	2	0	3	86	156	2	8	0	0	0	0	4	0	0	0	0	0	500	144	4	184	1	0	0	0	18	0	349	0	32	18	0	0	0	0	0	0	289	0	2	0	3	0	0	0	50	59	0	0	0	0	2	10	43	1	0	35	22	97	0	30	1
0	116	1	45	1	0	1	0	0	0	0	0	0	4	6	6	1	2	9	0	0	0	0	0	106	0	0	0	228	0	4	0	0	16	0	0	0	0	0	0	17	0	0	5	0	0	0	0	0	1	8	0	0	83	3	0	80	0	12	5	0	0	2	0	0	20	19	0	0	0	0	0	0	1	135
0	0	0	0	0	0	0	0	0	0	0	0	0	0	0	0	0	0	0	0	0	0	0	0	0	0	0	0	0	0	0	0	0	0	0	0	0	0	0	0	0	0	0	0	0	0	0	0	0	0	0	0	0	0	0	0	0	0	0	0	0	0	0	0	0	0	0	0	0	0	0	0	0	0	0
0	0	0	0	0	0	0	0	0	0	0	0	0	0	0	0	0	0	0	0	0	0	0	0	0	0	0	0	0	0	0	0	0	0	0	0	0	0	0	0	0	0	0	0	0	0	0	0	0	0	0	0	0	0	0	0	0	0	0	0	0	0	0	0	0	0	0	0	0	0	0	0	0	0	0
0	4	41	36	6	0	25	4	1	0	188	0	1	0	160	6	0	133	498	0	4	106	0	0	0	1	0	0	415	0	193	48	9	389	1	0	1	0	675	25	105	0	20	71	0	4	0	0	54	0	9	0	161	6	609	2	1	0	122	190	0	0	0	1	0	1047	86	21	0	0	7	356	0	22	29
0	0	0	0	1	0	0	0	0	0	0	0	0	1	0	3	0	9	0	0	0	0	0	0	1	0	0	0	0	0	0	0	0	0	0	0	0	0	0	0	4	0	1	0	0	0	0	0	0	0	0	0	0	0	0	0	0	0	0	0	0	0	0	0	21	0	0	0	0	0	0	0	1	1	0
0	0	0	0	1	0	0	0	0	0	0	0	0	0	0	0	14	0	0	0	0	0	0	0	0	0	0	0	0	0	0	0	0	0	0	0	4	0	0	0	0	0	0	0	0	0	0	0	0	0	0	0	0	0	0	8	0	0	4	0	0	0	0	0	0	0	0	17	0	0	10	114	6	55	0
0	0	0	0	0	0	0	0	0	0	0	0	0	0	0	0	0	0	0	0	0	0	0	0	0	0	0	0	0	0	0	0	0	0	0	0	0	0	0	0	0	0	0	0	0	0	0	0	0	0	0	0	0	0	0	0	0	0	0	0	0	0	0	0	0	0	0	0	0	0	0	0	0	0	0
0	14	45	12	0	0	31	0	0	0	109	0	0	0	0	89	0	469	348	0	0	228	0	0	415	0	0	0	0	4	166	1	0	305	0	0	3	0	280	3	45	0	15	2	0	0	0	0	30	1	14	0	201	11	259	0	4	0	38	235	0	0	0	8	0	560	6	7	0	0	9	54	0	7	88
0	0	0	1	10	0	0	0	4	0	4	4	0	48	17	480	3	0	0	93	0	0	0	0	0	0	0	0	4	0	0	2	22	11	90	0	0	0	3	0	1	1	214	2	0	1293	0	0	0	0	1	0	0	1	1	232	0	0	0	3	0	0	37	15	46	0	116	119	0	10	0	0	0	14	0
0	0	0	75	4	0	3	0	0	0	0	0	0	15	21	3	4	4	81	0	500	4	0	0	193	0	0	0	166	0	0	0	0	12	0	0	1	0	0	0	83	0	0	15	0	3	0	0	0	5	0	0	1	53	7	0	0	0	0	70	0	0	4	2	0	5	7	2	0	0	2	1	1	4	158
0	0	0	4	50	0	5	0	0	206	0	0	0	0	0	23	0	0	237	0	144	0	0	0	48	0	0	0	1	2	0	0	0	18	0	0	0	0	0	0	0	70	6	757	0	0	0	0	0	0	13	0	0	0	96	0	0	0	0	5	0	0	0	0	0	443	222	0	0	0	2	2	0	50	0
0	0	0	5	18	0	0	0	0	0	0	0	0	85	0	482	0	2	9	42	4	0	0	0	9	0	0	0	0	22	0	0	0	2	90	0	0	0	0	0	0	30	314	4	0	846	0	0	0	0	0	0	0	0	2	82	0	0	0	0	0	0	0	0	271	3	2	111	0	13	0	0	4	18	2
0	0	10	15	39	0	11	0	0	1	10	0	0	0	129	134	2	46	395	0	184	16	0	0	389	0	0	0	305	11	12	18	2	0	12	0	0	0	46	0	102	0	185	315	0	4	0	0	0	0	39	0	2	16	195	0	5	0	28	47	0	0	0	0	0	470	126	1	0	0	10	24	0	23	185
0	0	19	0	4	0	0	0	14	0	0	129	0	0	0	110	2	0	1	0	1	0	0	0	1	0	0	0	0	90	0	0	90	12	0	0	13	0	0	0	0	1	1	0	0	2	0	0	0	0	0	0	24	0	0	435	0	0	0	25	0	0	234	13	12	0	0	7	0	0	0	0	7	27	0
0	0	0	0	0	0	0	0	0	0	0	0	0	0	0	0	0	0	0	0	0	0	0	0	0	0	0	0	0	0	0	0	0	0	0	0	0	0	0	0	0	0	0	0	0	0	0	0	0	0	0	0	0	0	0	0	0	0	0	0	0	0	0	0	0	0	0	0	0	0	0	0	0	0	0
0	0	0	5	62	0	0	0	0	0	0	0	0	50	0	22	0	3	5	0	0	0	0	0	1	0	4	0	3	0	1	0	0	0	13	0	0	0	0	0	0	0	4	1	0	1928	0	0	0	0	0	0	0	0	0	0	0	0	0	0	0	0	0	0	571	1	6	439	0	43	0	1	0	62	1
0	0	0	0	0	0	0	0	0	0	0	0	0	0	0	0	0	0	0	0	0	0	0	0	0	0	0	0	0	0	0	0	0	0	0	0	0	0	0	0	0	0	0	0	0	0	0	0	0	0	0	0	0	0	0	0	0	0	0	0	0	0	0	0	0	0	0	0	0	0	0	0	0	0	0
0	0	3	2	52	4	2	0	0	133	0	0	0	0	30	86	0	16	537	0	18	0	0	0	675	0	0	0	280	3	0	0	0	46	0	0	0	0	0	0	7	0	35	1120	0	14	0	0	0	0	49	0	2	0	196	0	1	0	0	102	0	0	0	0	2	1246	257	1	0	0	9	8	0	52	97
0	0	0	36	36	0	1	0	0	384	0	0	0	5	0	23	0	0	20	0	0	0	0	0	25	0	0	0	3	0	0	0	0	0	0	0	0	0	0	0	0	3	7	590	0	4	0	0	0	0	5	0	0	13	1	0	0	0	0	167	0	0	0	0	5	70	13	90	0	2	0	2	0	36	4
0	12	0	21	17	2	0	0	2	7	9	0	0	63	15	34	46	80	94	25	349	17	0	0	105	4	0	0	45	1	83	0	0	102	0	0	0	0	7	0	0	2	16	75	0	155	0	0	0	1	2	0	2	6	24	0	9	0	68	231	0	0	0	0	0	121	57	64	0	5	2	83	2	30	463
0	0	0	0	93	0	0	0	20	3	0	0	0	0	0	0	1	0	0	0	0	0	0	0	0	0	0	0	0	1	0	70	30	0	1	0	0	0	0	3	2	0	0	9	1	0	0	0	0	28	3	0	0	0	0	0	0	0	0	9	0	0	0	142	53	0	0	3	0	7	0	18	52	25	0
0	43	70	255	23	0	268	0	1	0	401	0	0	26	374	814	9	22	10	90	32	0	0	0	20	1	0	0	15	214	0	6	314	185	1	0	4	0	35	7	16	0	0	59	0	1507	0	0	100	0	4	0	7	0	20	112	58	0	10	13	0	0	15	0	25	19	658	41	0	2	190	7	0	19	448
0	0	117	43	1147	0	29	0	2	257	3	0	2	5	0	20	6	143	173	0	18	5	0	0	71	0	0	0	2	2	15	757	4	315	0	0	1	0	1120	590	75	9	59	0	0	0	0	0	5	48	183	0	47	0	507	0	1	0	36	729	0	0	5	266	0	217	135	4	0	0	68	606	5	266	3
0	0	0	0	0	0	0	0	0	0	0	0	0	454	0	0	0	0	5	0	0	0	0	0	0	0	0	0	0	0	0	0	0	0	0	0	0	0	0	0	0	1	0	0	0	0	0	0	0	0	0	0	0	0	0	0	0	0	0	0	0	0	0	0	0	0	0	0	0	1	0	0	0	0	0
0	0	0	97	48	0	139	0	0	349	714	0	0	317	882	1804	27	0	7	132	0	0	0	0	4	0	0	0	0	1293	3	0	846	4	2	0	1928	0	14	4	155	0	1507	0	0	0	4	0	0	0	0	0	0	0	6	922	0	0	66	8	0	0	2181	134	231	0	7	295	0	51	18	0	28	48	1030
0	0	0	0	0	0	0	0	0	0	0	0	0	0	0	0	0	0	0	0	0	0	0	0	0	0	0	0	0	0	0	0	0	0	0	0	0	0	0	0	0	0	0	0	0	4	0	0	0	0	0	0	0	0	0	0	0	0	0	0	0	0	0	1	0	0	0	1	0	0	0	0	0	0	0
0	0	0	0	0	0	0	0	0	0	0	0	0	0	0	0	0	0	0	0	0	0	0	0	0	0	0	0	0	0	0	0	0	0	0	0	0	0	0	0	0	0	0	0	0	0	0	0	0	0	0	0	0	0	0	0	0	0	0	0	0	0	0	0	0	0	0	0	0	0	0	0	0	0	0
0	60	0	185	11	12	1	0	0	0	0	0	0	4	1	0	0	0	20	0	0	0	0	0	54	0	0	0	30	0	0	0	0	0	0	0	0	0	0	0	0	0	100	5	0	0	0	0	0	0	0	0	0	3	3	0	3	0	0	18	0	0	0	0	5	57	33	7	0	1	0	0	0	11	89
0	0	0	0	1	0	0	0	0	4	0	0	0	7	0	0	0	2	0	0	0	1	0	0	0	0	0	0	1	0	5	0	0	0	0	0	0	0	0	0	1	28	0	48	0	0	0	0	0	0	0	0	0	0	0	0	0	0	0	4	0	0	4	0	13	0	1	44	0	7	0	0	0	1	1
0	0	15	0	47	0	0	0	1	0	3	0	0	3	1	0	0	41	0	0	289	8	0	0	9	0	0	0	14	1	0	13	0	39	0	0	0	0	49	5	2	3	4	183	0	0	0	0	0	0	0	0	2	0	2	0	0	0	0	51	0	0	0	5	0	17	1	0	0	0	5	24	1	16	2
0	0	0	0	0	0	0	0	0	0	0	0	0	0	0	0	0	0	0	0	0	0	0	0	0	0	0	0	0	0	0	0	0	0	0	0	0	0	0	0	0	0	0	0	0	0	0	0	0	0	0	0	0	0	0	0	0	0	0	0	0	0	0	0	0	0	0	0	0	0	0	0	0	0	0
0	258	0	119	6	3	27	0	0	0	1	0	0	0	17	21	0	10	114	0	2	0	0	0	161	0	0	0	201	0	1	0	0	2	24	0	0	0	2	0	2	0	7	47	0	0	0	0	0	0	2	0	0	149	6	0	185	0	0	50	0	0	0	0	1	72	199	2	0	4	0	1	0	6	6
0	149	10	0	0	0	0	1	0	0	6	0	0	0	7	0	0	58	9	0	0	83	0	0	6	0	0	0	11	1	53	0	0	16	0	0	0	0	0	13	6	0	0	0	0	0	0	0	3	0	0	0	149	0	3	0	40	0	146	3	0	0	0	0	0	2	2	0	0	4	0	2	0	0	1
0	2	34	1	17	0	4	0	0	3	2	0	0	15	92	82	2	107	312	0	3	3	0	0	609	0	0	0	259	1	7	96	2	195	0	0	0	0	196	1	24	0	20	507	0	6	0	0	3	0	2	0	6	3	0	0	2	0	10	32	0	0	6	1	3	942	136	21	0	3	10	60	2	19	137
0	0	0	0	5	0	0	0	0	0	0	247	0	13	0	604	6	0	1	22	0	0	0	0	2	0	8	0	0	232	0	0	82	0	435	0	0	0	0	0	0	0	112	0	0	922	0	0	0	0	0	0	0	0	0	0	0	0	0	0	0	0	300	1	15	1	2	2	0	0	0	0	0	5	0
0	790	142	0	2	0	0	0	0	0	110	1	0	0	131	0	0	14	0	0	0	80	0	0	1	0	0	0	4	0	0	0	0	5	0	0	0	0	1	0	9	0	58	1	0	0	0	0	3	0	0	0	185	40	2	0	0	0	193	1	0	0	0	1	0	4	63	0	0	0	0	0	0	1	4
0	0	0	0	0	0	0	0	0	0	0	0	0	0	0	0	0	0	0	0	0	0	0	0	0	0	0	0	0	0	0	0	0	0	0	0	0	0	0	0	0	0	0	0	0	0	0	0	0	0	0	0	0	0	0	0	0	0	0	0	0	0	0	0	0	0	0	0	0	0	0	0	0	0	0
0	336	0	27	1	8	12	0	0	0	0	0	0	0	20	32	0	7	137	0	50	12	0	0	122	0	4	0	38	0	0	0	0	28	0	0	0	0	0	0	68	0	10	36	0	66	0	0	0	0	0	0	0	146	10	0	193	0	0	38	0	0	0	0	4	105	34	0	0	1	0	0	0	1	511
0	4	1	58	220	0	0	0	0	87	28	0	0	3	45	24	2	42	115	0	59	5	0	0	190	0	0	0	235	3	70	5	0	47	25	0	0	0	102	167	231	9	13	729	0	8	0	0	18	4	51	0	50	3	32	0	1	0	38	0	0	0	1	90	0	441	44	7	0	2	3	23	0	134	15
0	0	0	0	0	0	0	0	0	0	0	0	0	0	0	0	0	0	0	0	0	0	0	0	0	0	0	0	0	0	0	0	0	0	0	0	0	0	0	0	0	0	0	0	0	0	0	0	0	0	0	0	0	0	0	0	0	0	0	0	0	0	0	0	0	0	0	0	0	0	0	0	0	0	0
0	0	0	0	0	0	0	0	0	0	0	0	0	0	0	0	0	0	0	0	0	0	0	0	0	0	0	0	0	0	0	0	0	0	0	0	0	0	0	0	0	0	0	0	0	0	0	0	0	0	0	0	0	0	0	0	0	0	0	0	0	0	0	0	0	0	0	0	0	0	0	0	0	0	0
0	2	0	1	7	0	1	0	1	0	0	7	0	30	0	447	5	0	0	125	0	2	0	0	0	0	0	0	0	37	4	0	0	0	234	0	0	0	0	0	0	0	15	5	0	2181	0	0	0	4	0	0	0	0	6	300	0	0	0	1	0	0	0	4	60	17	0	54	0	31	0	0	2	7	18
0	0	0	1	48	0	0	0	0	593	0	0	0	48	0	18	1	2	1	0	0	0	0	0	1	0	0	0	8	15	2	0	0	0	13	0	0	0	0	0	0	142	0	266	0	134	1	0	0	0	5	0	0	0	1	1	1	0	0	90	0	0	4	0	63	1	3	608	0	56	0	0	13	48	1
0	0	32	1	10	0	0	0	165	51	0	0	0	12	0	23	111	1	0	4	2	0	0	0	0	21	0	0	0	46	0	0	271	0	12	0	571	0	2	5	0	53	25	0	0	231	0	0	5	13	0	0	1	0	3	15	0	0	4	0	0	0	60	63	0	16	1	1208	0	51	19	0	86	64	1
0	10	123	7	3	0	3	14	2	0	105	0	0	0	54	10	1	258	924	0	10	20	0	0	1047	0	0	0	560	0	5	443	3	470	0	0	1	0	1246	70	121	0	19	217	0	0	0	0	57	0	17	0	72	2	942	1	4	0	105	441	0	0	17	1	16	0	233	24	0	2	8	502	0	11	156
0	200	162	34	103	0	147	0	1	6	171	0	1	10	167	294	0	88	37	0	43	19	0	0	86	0	0	0	6	116	7	222	2	126	0	0	6	0	257	13	57	0	658	135	0	7	0	0	33	1	1	0	199	2	136	2	63	0	34	44	0	0	0	3	1	233	0	6	0	1	135	260	1	37	41
0	1	0	2	34	0	0	0	41	99	1	0	0	82	0	35	191	16	4	2	1	0	0	0	21	0	17	0	7	119	2	0	111	1	7	0	439	0	1	90	64	3	41	4	0	295	1	0	7	44	0	0	2	0	21	2	0	0	0	7	0	0	54	608	1208	24	6	0	0	4	0	1	194	152	60
0	0	0	0	0	0	0	0	0	0	0	0	0	0	0	0	0	0	0	0	0	0	0	0	0	0	0	0	0	0	0	0	0	0	0	0	0	0	0	0	0	0	0	0	0	0	0	0	0	0	0	0	0	0	0	0	0	0	0	0	0	0	0	0	0	0	0	0	0	0	0	0	0	0	0
0	0	0	0	7	0	0	0	17	0	0	1	0	86	1	0	11	1	0	2	35	0	0	0	0	0	0	0	0	10	0	0	13	0	0	0	43	0	0	2	5	7	2	0	1	51	0	0	1	7	0	0	4	4	3	0	0	0	1	2	0	0	31	56	51	2	1	4	0	0	0	0	18	27	1
0	0	9	41	15	27	26	0	0	0	1	0	0	0	16	257	0	4	10	30	22	0	0	0	7	0	10	0	9	0	2	2	0	10	0	0	0	0	9	0	2	0	190	68	0	18	0	0	0	0	5	0	0	0	10	0	0	0	0	3	0	0	0	0	19	8	135	0	0	0	0	13	2	9	62
0	0	4	0	24	0	0	0	0	0	0	0	0	0	38	70	0	3	24	0	97	0	0	0	356	0	114	0	54	0	1	2	0	24	0	0	1	0	8	2	83	18	7	606	0	0	0	0	0	0	24	0	1	2	60	0	0	0	0	23	0	0	0	0	0	502	260	1	0	0	13	0	2	23	3
0	0	0	0	15	0	0	0	1	172	0	0	0	10	0	0	2	0	0	0	0	0	0	0	0	1	6	0	0	0	1	0	4	0	7	0	0	0	0	0	2	52	0	5	0	28	0	0	0	0	1	0	0	0	2	0	0	0	0	0	0	0	2	13	86	0	1	194	0	18	2	2	0	15	0
0	2	8	30	40	0	11	0	19	324	0	7	0	59	2	18	2	37	72	4	30	1	0	0	22	1	55	0	7	14	4	50	18	23	27	0	62	0	52	36	30	25	19	266	0	48	0	0	11	1	16	0	6	0	19	5	1	0	1	134	0	0	7	48	64	11	37	152	0	27	9	23	15	0	12
0	2	10	221	2	0	227	0	1	0	402	1	0	4	527	2	0	97	73	1	1	135	0	0	29	0	0	0	88	0	158	0	2	185	0	0	1	0	97	4	463	0	448	3	0	1030	0	0	89	1	2	0	6	1	137	0	4	0	511	15	0	0	18	1	1	156	41	60	0	1	62	3	0	12	0
