0	0	0	0	0	0	0	0	0	0	0	0	0	0	0	0	0	0	0	0	0	0	0	0	0	0	0	0	0	0	0	0	0	0	0	0	0	0	0	0	0	0	0	0	0	0	0	0	0	0	0	0	0	0	0	0	0	0	0	0	0	0	0	0	0	0	0	0	0	0	0	0	0	0	0
0	0	24	0	0	0	0	0	0	0	0	0	0	0	0	0	0	20	1	0	0	32	0	0	4	0	0	0	9	0	0	0	0	0	0	0	0	0	0	0	2	0	43	0	0	0	0	0	12	0	0	0	68	149	2	0	807	0	50	0	0	0	2	0	0	4	7	1	0	0	0	0	0	2	2
0	24	0	0	8	0	0	0	0	0	0	0	0	0	0	0	0	14	12	0	30	1	0	0	42	0	0	0	49	0	0	0	0	44	19	0	0	0	3	0	1	1	119	114	0	0	0	0	0	0	17	0	82	10	32	0	109	0	33	1	0	0	0	0	14	124	127	0	0	0	10	2	0	8	10
0	0	0	0	8	0	269	0	40	0	141	0	0	0	351	99	1	9	56	3	1	68	0	0	65	1	0	0	17	20	117	2	5	44	0	0	5	0	2	37	69	0	461	43	0	134	0	0	186	0	0	0	174	0	4	0	0	0	60	58	0	0	1	1	1	9	34	2	0	0	43	4	0	30	203
0	0	8	8	0	0	0	0	10	2	0	6	0	3	1	10	11	18	12	0	8	1	0	0	6	7	28	0	0	10	4	36	0	43	7	0	34	0	29	11	16	185	20	1064	0	6	0	0	0	2	158	0	7	0	15	4	2	0	2	101	0	0	9	28	12	3	60	16	0	7	20	23	15	19	2
0	0	0	0	0	0	0	0	0	0	2	0	0	0	12	0	7	6	5	0	13	0	0	0	1	0	29	0	0	0	6	2	0	5	0	0	0	0	7	0	8	0	3	2	0	0	0	0	12	0	6	0	3	0	3	0	0	0	8	0	0	0	0	0	0	1	0	0	0	0	27	6	100	0	0
0	0	0	269	0	0	0	0	0	0	82	0	0	0	64	134	0	2	46	0	0	1	0	0	25	0	0	0	31	0	3	5	0	11	0	0	0	0	2	1	6	0	266	29	0	139	0	0	1	0	0	0	27	0	4	0	0	0	12	0	0	0	1	0	0	3	147	0	0	0	26	0	0	11	220
0	0	0	0	0	0	0	0	0	0	0	0	0	0	0	0	0	0	0	0	0	0	0	0	1	0	0	0	0	0	0	0	0	0	0	0	0	0	0	0	0	0	0	0	0	0	0	0	0	0	0	0	0	0	0	0	0	0	0	0	0	0	0	0	0	0	0	0	0	0	0	0	0	0	0
0	0	0	40	10	0	0	0	0	0	0	0	0	12	0	5	0	1	0	3	56	0	0	0	0	0	0	0	0	4	0	0	0	0	14	0	0	0	0	0	3	20	1	2	0	0	0	0	0	0	1	0	1	0	0	0	0	0	0	0	0	0	1	0	171	1	1	39	0	17	0	0	6	10	0
0	0	0	0	2	0	0	0	0	0	0	0	0	0	0	0	0	0	0	0	0	0	0	0	0	0	0	0	0	0	0	0	0	0	0	0	0	0	0	0	0	0	0	0	0	0	0	0	0	0	0	0	0	0	0	0	0	0	0	0	0	0	0	4	5	0	0	0	0	0	0	0	0	0	0
0	0	0	141	0	2	82	0	0	0	0	0	0	13	177	606	0	16	21	41	0	0	0	0	218	0	0	0	258	11	0	0	0	4	0	0	0	0	0	0	9	0	403	1	0	714	0	0	0	0	15	0	2	1	2	0	110	0	0	14	0	0	0	0	0	103	164	1	0	0	1	0	0	0	396
0	0	0	0	6	0	0	0	0	0	0	0	0	1	0	20	0	0	0	0	0	0	0	0	0	3	0	0	0	88	0	0	0	0	240	0	0	0	0	0	0	0	0	0	0	0	0	0	0	0	0	0	0	0	0	380	1	0	0	0	0	0	119	0	0	0	0	0	0	1	0	0	0	6	1
0	0	0	0	0	0	0	0	0	0	0	0	0	0	0	0	0	0	0	0	0	0	0	0	1	0	0	0	0	0	0	0	0	0	0	0	0	0	0	0	0	0	0	2	0	0	0	0	0	0	0	0	0	0	0	0	0	0	0	0	0	0	0	0	0	0	1	0	0	0	0	0	0	0	0
0	0	0	0	3	0	0	0	12	0	13	1	0	0	20	44	16	4	0	3	2	4	0	0	0	1	0	0	0	48	15	0	52	0	0	0	18	0	0	1	32	0	9	5	585	270	0	0	4	7	3	0	0	0	12	13	0	0	0	3	0	0	28	48	12	0	3	64	0	86	0	0	10	14	4
0	0	0	351	1	12	64	0	0	0	177	0	0	20	0	507	0	0	0	14	0	5	0	0	4	0	0	0	1	95	11	0	0	0	0	0	0	0	0	0	5	0	454	0	0	882	0	0	0	0	1	0	5	0	0	0	128	0	0	11	0	0	0	0	0	5	160	0	0	1	16	37	0	1	476
0	0	0	99	10	0	134	0	5	0	606	20	0	44	507	0	214	63	6	265	3	6	0	0	3	2	0	0	71	757	3	17	468	187	122	0	19	0	65	7	33	0	893	23	0	1929	0	0	0	0	0	0	9	0	66	605	0	0	32	1	0	0	502	19	23	5	195	26	0	0	257	59	0	16	1
0	0	0	1	11	7	0	0	0	0	0	0	0	16	0	214	0	5	0	177	92	1	0	0	1	0	40	0	0	145	5	0	0	2	2	0	0	0	0	0	46	1	10	9	0	31	0	0	0	0	10	0	0	0	2	6	0	0	0	2	0	0	45	1	135	1	0	305	0	11	3	0	19	11	0
0	20	14	9	18	6	2	0	1	0	16	0	0	4	0	63	5	0	77	1	146	10	0	0	135	14	0	0	568	0	28	26	2	74	3	0	3	0	65	1	131	0	46	181	0	0	0	0	1	2	138	0	11	55	113	0	14	0	42	32	0	0	0	3	1	285	71	3	0	1	30	17	0	18	97
0	1	12	56	12	5	46	0	0	0	21	0	0	0	0	6	0	77	0	0	2	8	0	0	375	0	0	0	294	0	40	200	3	317	1	0	0	0	423	15	80	0	9	163	5	0	0	0	0	0	0	0	73	2	229	1	0	0	123	88	0	0	0	1	0	711	4	0	0	0	10	24	0	26	73
0	0	0	3	0	0	0	0	3	0	41	0	0	3	14	265	177	1	0	0	11	0	0	0	0	0	0	0	1	170	2	0	50	1	0	0	0	0	1	0	27	2	49	4	0	190	0	0	0	0	1	0	0	0	0	26	0	0	0	1	0	0	166	0	4	0	0	5	0	2	30	2	0	1	3
0	0	30	1	8	13	0	0	56	0	0	0	0	2	0	3	92	146	2	11	0	4	0	0	5	6	4	0	0	0	286	2	4	206	4	0	0	0	14	0	135	0	26	24	0	0	0	0	0	0	519	0	0	0	3	0	0	0	10	34	0	0	0	0	5	10	23	1	0	34	28	132	0	18	0
0	32	1	68	1	0	1	0	0	0	0	0	0	4	5	6	1	10	8	0	4	0	0	0	105	2	0	0	243	0	8	0	0	20	0	0	0	0	1	0	17	0	0	5	0	0	0	0	0	1	17	0	85	80	5	0	80	0	16	12	0	0	2	0	0	20	19	0	0	0	0	1	0	1	135
0	0	0	0	0	0	0	0	0	0	0	0	0	0	0	0	0	0	0	0	0	0	0	0	0	0	0	0	0	0	0	0	0	0	0	0	0	0	0	0	0	0	0	0	0	0	0	0	0	0	0	0	0	0	0	0	0	0	0	0	0	0	0	0	0	0	0	0	0	0	0	0	0	0	0
0	0	0	0	0	0	0	0	0	0	0	0	0	0	0	0	0	0	0	0	0	0	0	0	0	0	0	0	0	0	0	0	0	0	0	0	0	0	0	0	0	0	0	0	0	0	0	0	0	0	0	0	0	0	0	0	0	0	0	0	0	0	0	0	0	0	0	0	0	0	0	0	0	0	0
0	4	42	65	6	1	25	1	0	0	218	0	1	0	4	3	1	135	375	0	5	105	0	0	0	3	0	0	579	0	189	43	9	317	1	0	1	0	705	27	106	0	20	69	0	4	0	0	45	0	20	0	139	4	545	3	1	0	143	158	0	0	0	1	0	1063	78	22	0	0	21	349	0	21	23
0	0	0	1	7	0	0	0	0	0	0	3	0	1	0	2	0	14	0	0	6	2	0	0	3	0	0	0	2	0	1	7	0	6	0	0	3	0	8	3	6	0	2	15	1	1	0	0	3	7	20	0	2	0	6	0	0	0	0	4	0	0	0	1	32	4	0	0	0	0	6	10	1	1	0
0	0	0	0	28	29	0	0	0	0	0	0	0	0	0	0	40	0	0	0	4	0	0	0	0	0	0	0	0	0	0	0	8	0	7	0	88	0	2	0	2	32	21	3	0	26	0	0	0	40	3	0	0	0	0	10	0	0	4	29	0	0	33	104	156	0	0	186	0	0	16	116	38	62	0
0	0	0	0	0	0	0	0	0	0	0	0	0	0	0	0	0	0	0	0	0	0	0	0	0	0	0	0	0	0	0	0	0	0	0	0	0	0	0	0	0	0	0	0	0	0	0	0	0	0	0	0	0	0	0	0	0	0	0	0	0	0	0	0	0	0	0	0	0	0	0	0	0	0	0
0	9	49	17	0	0	31	0	0	0	258	0	0	0	1	71	0	568	294	1	0	243	0	0	579	2	0	0	0	4	165	1	0	304	0	0	3	0	331	2	57	0	17	3	0	0	0	0	8	1	14	0	183	11	303	0	4	0	44	176	0	0	1	8	1	593	6	7	0	0	14	128	0	6	87
0	0	0	20	10	0	0	0	4	0	11	88	0	48	95	757	145	0	0	170	0	0	0	0	0	0	0	0	4	0	0	2	89	105	141	0	0	0	3	0	1	1	449	3	0	1520	0	0	0	0	1	0	0	1	1	378	0	0	0	3	0	0	203	16	46	0	115	121	0	10	1	0	0	15	0
0	0	0	117	4	6	3	0	0	0	0	0	0	15	11	3	5	28	40	2	286	8	0	0	189	1	0	0	165	0	0	0	0	16	0	0	1	0	0	0	87	0	2	12	0	3	0	0	0	5	3	0	4	50	7	0	0	0	0	27	0	0	4	2	1	7	5	2	0	0	2	3	1	4	153
0	0	0	2	36	2	5	0	0	0	0	0	0	0	0	17	0	26	200	0	2	0	0	0	43	7	0	0	1	2	0	0	0	14	6	0	0	0	48	0	34	74	16	790	0	0	0	0	0	0	142	0	0	0	95	0	0	0	0	2	0	0	0	0	0	463	218	0	0	0	8	10	0	31	0
0	0	0	5	0	0	0	0	0	0	0	0	0	52	0	468	0	2	3	50	4	0	0	0	9	0	8	0	0	89	0	0	0	2	151	0	0	0	0	0	0	35	302	4	0	846	0	0	0	0	3	0	0	0	2	144	0	0	0	1	0	0	9	0	270	3	2	105	0	13	0	0	8	0	2
0	0	44	44	43	5	11	0	0	0	4	0	0	0	0	187	2	74	317	1	206	20	0	0	317	6	0	0	304	105	16	14	2	0	13	0	0	0	40	0	113	0	270	325	0	4	0	0	0	0	222	0	2	11	162	0	5	0	28	42	0	0	0	0	1	369	98	0	0	0	14	17	0	23	185
0	0	19	0	7	0	0	0	14	0	0	240	0	0	0	122	2	3	1	0	4	0	0	0	1	0	7	0	0	141	0	6	151	13	0	0	16	0	3	0	0	1	1	1	0	3	0	0	0	0	0	0	26	0	0	639	0	0	2	26	0	0	431	13	17	0	0	12	0	0	2	2	7	32	0
0	0	0	0	0	0	0	0	0	0	0	0	0	0	0	0	0	0	0	0	0	0	0	0	0	0	0	0	0	0	0	0	0	0	0	0	0	0	0	0	0	0	0	0	0	0	0	0	0	0	0	0	0	0	0	0	0	0	0	0	0	0	0	0	0	0	0	0	0	0	0	0	0	0	0
0	0	0	5	34	0	0	0	0	0	0	0	0	18	0	19	0	3	0	0	0	0	0	0	1	3	88	0	3	0	1	0	0	0	16	0	0	0	0	0	0	2	4	2	0	1928	0	0	0	0	0	0	0	0	0	0	0	0	0	0	0	0	8	0	590	1	3	443	0	43	0	0	0	34	1
0	0	0	0	0	0	0	0	0	0	0	0	0	0	0	0	0	0	0	0	0	0	0	0	0	0	0	0	0	0	0	0	0	0	0	0	0	0	0	0	0	0	0	0	0	0	0	0	0	0	0	0	0	0	0	0	0	0	0	0	0	0	0	0	0	0	0	0	0	0	0	0	0	0	0
0	0	3	2	29	7	2	0	0	0	0	0	0	0	0	65	0	65	423	1	14	1	0	0	705	8	2	0	331	3	0	48	0	40	3	0	0	0	0	0	32	0	38	1056	0	14	0	0	0	0	268	0	2	0	168	0	1	0	0	53	0	0	0	0	2	1184	213	1	0	0	13	6	0	29	97
0	0	0	37	11	0	1	0	0	0	0	0	0	1	0	7	0	1	15	0	0	0	0	0	27	3	0	0	2	0	0	0	0	0	0	0	0	0	0	0	1	4	7	505	0	4	0	0	0	0	19	0	0	13	1	0	0	0	0	15	0	0	0	0	5	92	3	91	0	2	0	2	0	11	3
0	2	1	69	16	8	6	0	3	0	9	0	0	32	5	33	46	131	80	27	135	17	0	0	106	6	2	0	57	1	87	34	0	113	0	0	0	0	32	1	0	2	71	98	0	155	0	0	0	1	143	0	10	5	34	0	9	0	75	113	0	0	0	1	1	115	33	62	0	5	27	110	4	23	369
0	0	1	0	185	0	0	0	20	0	0	0	0	0	0	0	1	0	0	2	0	0	0	0	0	0	32	0	0	1	0	74	35	0	1	0	2	0	0	4	2	0	0	22	1	0	0	0	0	48	47	0	0	0	0	0	0	0	0	25	0	0	0	295	106	0	0	15	0	7	2	18	54	30	0
0	43	119	461	20	3	266	0	1	0	403	0	0	9	454	893	10	46	9	49	26	0	0	0	20	2	21	0	17	449	2	16	302	270	1	0	4	0	38	7	71	0	0	71	0	1570	0	0	74	0	29	0	10	0	22	134	56	0	10	17	0	0	15	0	25	28	506	40	0	2	197	14	1	16	423
0	0	114	43	1064	2	29	0	2	0	1	0	2	5	0	23	9	181	163	4	24	5	0	0	69	15	3	0	3	3	12	790	4	325	1	0	2	0	1056	505	98	22	71	0	0	0	0	0	4	88	315	0	51	0	546	0	1	0	39	747	0	0	5	271	1	234	93	7	0	0	95	739	5	176	12
0	0	0	0	0	0	0	0	0	0	0	0	0	585	0	0	0	0	5	0	0	0	0	0	0	1	0	0	0	0	0	0	0	0	0	0	0	0	0	0	0	1	0	0	0	0	0	0	0	0	0	0	0	0	0	0	0	0	0	0	0	0	0	0	0	0	0	0	0	1	0	0	0	0	0
0	0	0	134	6	0	139	0	0	0	714	0	0	270	882	1929	31	0	0	190	0	0	0	0	4	1	26	0	0	1520	3	0	846	4	3	0	1928	0	14	4	155	0	1570	0	0	0	4	0	0	0	0	0	0	0	6	936	0	0	66	8	0	0	2306	134	130	0	2	95	0	51	18	0	28	6	978
0	0	0	0	0	0	0	0	0	0	0	0	0	0	0	0	0	0	0	0	0	0	0	0	0	0	0	0	0	0	0	0	0	0	0	0	0	0	0	0	0	0	0	0	0	4	0	0	0	0	0	0	0	0	0	0	0	0	0	0	0	0	0	1	0	0	0	1	0	0	0	0	0	0	0
0	0	0	0	0	0	0	0	0	0	0	0	0	0	0	0	0	0	0	0	0	0	0	0	0	0	0	0	0	0	0	0	0	0	0	0	0	0	0	0	0	0	0	0	0	0	0	0	0	0	0	0	0	0	0	0	0	0	0	0	0	0	0	0	0	0	0	0	0	0	0	0	0	0	0
0	12	0	186	0	12	1	0	0	0	0	0	0	4	0	0	0	1	0	0	0	0	0	0	45	3	0	0	8	0	0	0	0	0	0	0	0	0	0	0	0	0	74	4	0	0	0	0	0	0	0	0	1	3	2	0	0	0	0	7	0	0	0	0	5	47	8	6	0	1	0	0	0	0	89
0	0	0	0	2	0	0	0	0	0	0	0	0	7	0	0	0	2	0	0	0	1	0	0	0	7	40	0	1	0	5	0	0	0	0	0	0	0	0	0	1	48	0	88	0	0	0	0	0	0	0	0	0	0	1	0	0	0	0	9	0	0	7	0	17	0	1	60	0	7	0	0	1	2	1
0	0	17	0	158	6	0	0	1	0	15	0	0	3	1	0	10	138	0	1	519	17	0	0	20	20	3	0	14	1	3	142	3	222	0	0	0	0	268	19	143	47	29	315	0	0	0	0	0	0	0	0	15	0	29	0	0	0	44	127	0	0	0	5	0	26	1	0	0	0	54	256	1	20	20
0	0	0	0	0	0	0	0	0	0	0	0	0	0	0	0	0	0	0	0	0	0	0	0	0	0	0	0	0	0	0	0	0	0	0	0	0	0	0	0	0	0	0	0	0	0	0	0	0	0	0	0	0	0	0	0	0	0	0	0	0	0	0	0	0	0	0	0	0	0	0	0	0	0	0
0	68	82	174	7	3	27	0	1	0	2	0	0	0	5	9	0	11	73	0	0	85	0	0	139	2	0	0	183	0	4	0	0	2	26	0	0	0	2	0	10	0	10	51	0	0	0	0	1	0	15	0	0	148	6	0	163	0	90	18	0	0	0	0	1	71	140	2	0	0	3	4	1	6	6
0	149	10	0	0	0	0	0	0	0	1	0	0	0	0	0	0	55	2	0	0	80	0	0	4	0	0	0	11	1	50	0	0	11	0	0	0	0	0	13	5	0	0	0	0	0	0	0	3	0	0	0	148	0	0	0	40	0	141	0	0	0	0	0	0	0	2	0	0	4	0	2	0	0	1
0	2	32	4	15	3	4	0	0	0	2	0	0	12	0	66	2	113	229	0	3	5	0	0	545	6	0	0	303	1	7	95	2	162	0	0	0	0	168	1	34	0	22	546	0	6	0	0	2	1	29	0	6	0	0	0	2	0	10	10	0	0	7	2	3	873	125	26	0	3	10	31	0	17	137
0	0	0	0	4	0	0	0	0	0	0	380	0	13	0	605	6	0	1	26	0	0	0	0	3	0	10	0	0	378	0	0	144	0	639	0	0	0	0	0	0	0	134	0	0	936	0	0	0	0	0	0	0	0	0	0	0	0	0	0	0	0	511	1	13	1	2	3	0	0	0	0	0	4	0
0	807	109	0	2	0	0	0	0	0	110	1	0	0	128	0	0	14	0	0	0	80	0	0	1	0	0	0	4	0	0	0	0	5	0	0	0	0	1	0	9	0	56	1	0	0	0	0	0	0	0	0	163	40	2	0	0	0	170	1	0	0	0	1	0	3	0	0	0	0	0	0	0	1	4
0	0	0	0	0	0	0	0	0	0	0	0	0	0	0	0	0	0	0	0	0	0	0	0	0	0	0	0	0	0	0	0	0	0	0	0	0	0	0	0	0	0	0	0	0	0	0	0	0	0	0	0	0	0	0	0	0	0	0	0	0	0	0	0	0	0	0	0	0	0	0	0	0	0	0
0	50	33	60	2	8	12	0	0	0	0	0	0	0	0	32	0	42	123	0	10	16	0	0	143	0	4	0	44	0	0	0	0	28	2	0	0	0	0	0	75	0	10	39	0	66	0	0	0	0	44	0	90	141	10	0	170	0	0	12	0	0	0	0	4	89	31	0	0	0	0	0	0	2	438
0	0	1	58	101	0	0	0	0	0	14	0	0	3	11	1	2	32	88	1	34	12	0	0	158	4	29	0	176	3	27	2	1	42	26	0	0	0	53	15	113	25	17	747	0	8	0	0	7	9	127	0	18	0	10	0	1	0	12	0	0	0	2	35	0	412	27	14	0	2	7	38	0	19	15
0	0	0	0	0	0	0	0	0	0	0	0	0	0	0	0	0	0	0	0	0	0	0	0	0	0	0	0	0	0	0	0	0	0	0	0	0	0	0	0	0	0	0	0	0	0	0	0	0	0	0	0	0	0	0	0	0	0	0	0	0	0	0	0	0	0	0	0	0	0	0	0	0	0	0
0	0	0	0	0	0	0	0	0	0	0	0	0	0	0	0	0	0	0	0	0	0	0	0	0	0	0	0	0	0	0	0	0	0	0	0	0	0	0	0	0	0	0	0	0	0	0	0	0	0	0	0	0	0	0	0	0	0	0	0	0	0	0	0	0	0	0	0	0	0	0	0	0	0	0
0	2	0	1	9	0	1	0	1	0	0	119	0	28	0	502	45	0	0	166	0	2	0	0	0	0	33	0	1	203	4	0	9	0	431	0	8	0	0	0	0	0	15	5	0	2306	0	0	0	7	0	0	0	0	7	511	0	0	0	2	0	0	0	11	77	17	0	68	0	31	0	0	3	12	2
0	0	0	1	28	0	0	0	0	4	0	0	0	48	0	19	1	3	1	0	0	0	0	0	1	1	104	0	8	16	2	0	0	0	13	0	0	0	0	0	1	295	0	271	0	134	1	0	0	0	5	0	0	0	2	1	1	0	0	35	0	0	11	0	69	2	3	621	0	56	0	0	25	28	1
0	0	14	1	12	0	0	0	171	5	0	0	0	12	0	23	135	1	0	4	5	0	0	0	0	32	156	0	1	46	1	0	270	1	17	0	590	0	2	5	1	106	25	1	0	130	0	0	5	17	0	0	1	0	3	13	0	0	4	0	0	0	77	69	0	14	1	1195	0	51	22	1	95	71	1
0	4	124	9	3	1	3	0	1	0	103	0	0	0	5	5	1	285	711	0	10	20	0	0	1063	4	0	0	593	0	7	463	3	369	0	0	1	0	1184	92	115	0	28	234	0	0	0	0	47	0	26	0	71	0	873	1	3	0	89	412	0	0	17	2	14	0	230	24	0	2	16	417	0	11	156
0	7	127	34	60	0	147	0	1	0	164	0	1	3	160	195	0	71	4	0	23	19	0	0	78	0	0	0	6	115	5	218	2	98	0	0	3	0	213	3	33	0	506	93	0	2	0	0	8	1	1	0	140	2	125	2	0	0	31	27	0	0	0	3	1	230	0	0	0	1	135	251	1	13	40
0	1	0	2	16	0	0	0	39	0	1	0	0	64	0	26	305	3	0	5	1	0	0	0	22	0	186	0	7	121	2	0	105	0	12	0	443	0	1	91	62	15	40	7	0	95	1	0	6	60	0	0	2	0	26	3	0	0	0	14	0	0	68	621	1195	24	0	0	0	4	4	0	167	111	44
0	0	0	0	0	0	0	0	0	0	0	0	0	0	0	0	0	0	0	0	0	0	0	0	0	0	0	0	0	0	0	0	0	0	0	0	0	0	0	0	0	0	0	0	0	0	0	0	0	0	0	0	0	0	0	0	0	0	0	0	0	0	0	0	0	0	0	0	0	0	0	0	0	0	0
0	0	0	0	7	0	0	0	17	0	0	1	0	86	1	0	11	1	0	2	34	0	0	0	0	0	0	0	0	10	0	0	13	0	0	0	43	0	0	2	5	7	2	0	1	51	0	0	1	7	0	0	0	4	3	0	0	0	0	2	0	0	31	56	51	2	1	4	0	0	0	0	18	27	1
0	0	10	43	20	27	26	0	0	0	1	0	0	0	16	257	3	30	10	30	28	0	0	0	21	6	16	0	14	1	2	8	0	14	2	0	0	0	13	0	27	2	197	95	0	18	0	0	0	0	54	0	3	0	10	0	0	0	0	7	0	0	0	0	22	16	135	4	0	0	0	21	2	10	62
0	0	2	4	23	6	0	0	0	0	0	0	0	0	37	59	0	17	24	2	132	1	0	0	349	10	116	0	128	0	3	10	0	17	2	0	0	0	6	2	110	18	14	739	0	0	0	0	0	0	256	0	4	2	31	0	0	0	0	38	0	0	0	0	1	417	251	0	0	0	21	0	2	21	3
0	0	0	0	15	100	0	0	6	0	0	0	0	10	0	0	19	0	0	0	0	0	0	0	0	1	38	0	0	0	1	0	8	0	7	0	0	0	0	0	4	54	1	5	0	28	0	0	0	1	1	0	1	0	0	0	0	0	0	0	0	0	3	25	95	0	1	167	0	18	2	2	0	15	0
0	2	8	30	19	0	11	0	10	0	0	6	0	14	1	16	11	18	26	1	18	1	0	0	21	1	62	0	6	15	4	31	0	23	32	0	34	0	29	11	23	30	16	176	0	6	0	0	0	2	20	0	6	0	17	4	1	0	2	19	0	0	12	28	71	11	13	111	0	27	10	21	15	0	11
0	2	10	203	2	0	220	0	0	0	396	1	0	4	476	1	0	97	73	3	0	135	0	0	23	0	0	0	87	0	153	0	2	185	0	0	1	0	97	3	369	0	423	12	0	978	0	0	89	1	20	0	6	1	137	0	4	0	438	15	0	0	2	1	1	156	40	44	0	1	62	3	0	11	0
