0	0	0	0	0	0	0	0	0	0	0	0	0	0	0	0	0	0	0	0	0	0	0	0	0	0	0	0	0	0	0	0	0	0	0	0	0	0	0	0	0	0	0	0	0	0	0	0	0	0	0	0	0	0	0	0	0	0	0	0	0	0	0	0	0	0	0	0	0	0	0	0	0	0	0
0	0	8	0	0	0	0	0	0	0	0	0	0	0	0	0	0	0	1	0	0	10	0	0	4	0	0	0	9	0	0	0	0	0	0	0	0	0	0	0	0	0	43	0	0	0	0	0	6	0	0	0	12	146	0	0	1010	0	2	0	0	0	0	0	0	4	1	1	0	0	0	0	0	0	2
0	8	0	0	6	0	0	0	0	0	0	0	0	0	0	0	0	14	12	0	37	1	0	0	40	0	0	0	47	0	0	10	0	162	19	0	0	0	3	0	1	1	217	112	0	0	0	0	0	0	17	0	130	10	34	0	109	0	33	1	0	0	0	0	14	121	17	0	0	0	87	4	0	6	0
0	0	0	0	8	0	294	0	59	0	151	0	0	0	237	95	19	8	44	3	7	65	0	0	54	1	0	0	6	26	156	2	9	70	0	0	5	0	0	35	225	13	422	36	0	164	0	0	194	0	0	0	164	0	3	0	0	0	60	34	0	0	1	1	1	5	23	2	0	0	49	4	0	30	176
0	0	6	8	0	0	0	0	10	2	0	6	0	1	1	6	28	14	12	0	10	0	0	0	6	7	38	0	0	7	4	28	0	36	7	0	31	0	21	11	25	250	27	914	0	1	0	0	0	2	214	0	8	0	14	3	2	0	2	81	0	0	7	26	11	3	39	16	0	3	20	15	15	19	1
0	0	0	0	0	0	0	0	0	0	2	0	0	0	12	0	7	6	5	0	13	0	0	0	1	0	29	0	0	0	6	2	0	5	0	0	0	0	7	0	8	0	3	2	0	0	0	0	12	0	6	0	3	0	3	0	0	0	8	0	0	0	0	0	0	1	0	0	0	0	27	6	100	0	0
0	0	0	294	0	0	0	0	0	0	81	0	0	0	0	123	0	0	19	0	0	0	0	0	19	0	0	0	0	2	3	5	0	6	0	0	0	0	0	1	11	0	261	29	0	139	0	0	1	0	0	0	22	0	2	0	0	0	12	0	0	0	1	0	0	3	144	0	0	0	26	0	0	11	205
0	0	0	0	0	0	0	0	0	0	0	0	0	0	0	0	0	0	0	0	0	0	0	0	1	0	0	0	0	0	0	0	0	0	0	0	0	0	0	0	0	0	0	0	0	0	0	0	0	0	0	0	0	0	0	0	0	0	0	0	0	0	0	0	0	0	0	0	0	0	0	0	0	0	0
0	0	0	59	10	0	0	0	0	0	0	0	0	12	0	4	23	1	0	3	104	0	0	0	0	0	0	0	0	4	0	0	0	0	15	0	0	0	0	0	6	28	3	2	0	0	0	0	0	0	1	0	1	0	0	0	0	0	0	0	0	0	1	0	181	1	0	40	0	2	0	0	6	10	0
0	0	0	0	2	0	0	0	0	0	0	0	0	0	0	0	0	0	0	0	0	0	0	0	0	0	0	0	0	0	0	0	0	0	0	0	0	0	0	0	0	0	0	0	0	0	0	0	0	0	0	0	0	0	0	0	0	0	0	0	0	0	0	4	5	0	0	0	0	0	0	0	0	0	0
0	0	0	151	0	2	81	0	0	0	0	0	0	13	0	603	0	16	4	41	0	1	0	0	237	0	0	0	259	37	0	0	0	4	0	0	0	0	0	0	62	0	333	1	0	716	0	0	0	0	23	0	17	1	4	0	110	0	0	15	0	0	0	0	0	118	111	1	0	0	0	0	0	0	361
0	0	0	0	6	0	0	0	0	0	0	0	0	1	0	20	0	0	0	0	0	0	0	0	1	3	0	0	0	88	0	0	0	0	289	0	0	0	0	0	0	0	0	0	0	0	0	0	0	0	1	0	0	0	0	378	1	0	0	0	0	0	143	0	0	0	0	0	0	1	0	0	0	6	0
0	0	0	0	0	0	0	0	0	0	0	0	0	0	0	0	0	0	0	0	0	0	0	0	1	0	0	0	0	0	0	0	0	0	0	0	0	0	0	0	0	0	0	2	0	0	0	0	0	0	0	0	0	0	0	0	0	0	0	0	0	0	0	0	0	0	1	0	0	0	0	0	0	0	0
0	0	0	0	1	0	0	0	12	0	13	1	0	0	20	44	16	4	0	3	2	4	0	0	0	1	0	0	0	48	15	0	30	0	0	0	10	0	0	0	21	0	0	5	681	247	0	0	2	7	3	0	0	0	12	13	0	0	0	3	0	0	22	48	6	0	3	64	0	54	0	0	9	9	1
0	0	0	237	1	12	0	0	0	0	0	0	0	20	0	507	0	0	0	14	0	0	0	0	6	0	0	0	1	92	0	0	0	0	0	0	0	0	0	0	4	0	260	0	0	882	0	0	0	0	2	0	18	0	3	0	128	0	0	0	0	0	0	0	0	42	3	0	0	0	0	0	0	1	316
0	0	0	95	6	0	123	0	4	0	603	20	0	44	507	0	214	7	0	265	2	0	0	0	0	2	0	0	0	757	3	0	468	125	122	0	18	0	0	7	33	0	893	5	0	1929	0	0	0	0	0	0	0	0	5	605	0	0	32	1	0	0	502	19	22	1	179	26	0	0	257	14	0	12	1
0	0	0	19	28	7	0	0	23	0	0	0	0	16	0	214	0	5	0	177	213	1	0	0	1	0	68	0	0	178	6	0	5	11	5	0	0	0	0	0	87	11	13	9	0	91	0	0	0	0	10	0	1	0	3	6	0	0	0	2	0	0	49	1	191	1	0	305	0	11	3	11	21	28	0
0	0	14	8	14	6	0	0	1	0	16	0	0	4	0	7	5	0	28	1	181	19	0	0	129	14	0	0	493	0	35	39	2	78	13	0	3	0	75	5	133	0	42	147	0	0	0	0	1	2	141	0	11	53	120	0	14	0	67	30	0	0	0	3	1	246	43	3	0	0	36	28	0	14	50
0	1	12	44	12	5	19	0	0	0	4	0	0	0	0	0	0	28	0	0	2	0	0	0	201	0	0	0	1	0	22	110	2	124	1	0	0	0	177	6	39	0	0	75	5	0	0	0	0	0	0	0	49	1	93	1	0	0	91	76	0	0	0	0	0	355	3	0	0	0	10	23	0	25	14
0	0	0	3	0	0	0	0	3	0	41	0	0	3	14	265	177	1	0	0	11	0	0	0	0	0	0	0	1	170	2	0	50	1	0	0	0	0	1	0	27	2	49	4	0	190	0	0	0	0	1	0	0	0	0	26	0	0	0	1	0	0	166	0	4	0	0	5	0	2	30	2	0	1	3
0	0	37	7	10	13	0	0	104	0	0	0	0	2	0	2	213	181	2	11	0	4	0	0	6	6	4	0	0	0	552	99	84	336	7	0	0	0	48	68	351	18	126	32	0	0	0	0	0	0	789	0	3	0	6	0	0	0	10	72	0	0	3	0	6	10	35	1	0	37	239	382	0	18	0
0	10	1	65	0	0	0	0	0	0	1	0	0	4	0	0	1	19	0	0	4	0	0	0	89	2	0	0	228	0	8	0	0	20	2	0	0	0	1	0	19	0	0	5	0	0	0	0	0	1	18	0	177	75	7	0	80	0	56	12	0	0	2	0	0	17	0	0	0	0	0	1	0	0	118
0	0	0	0	0	0	0	0	0	0	0	0	0	0	0	0	0	0	0	0	0	0	0	0	0	0	0	0	0	0	0	0	0	0	0	0	0	0	0	0	0	0	0	0	0	0	0	0	0	0	0	0	0	0	0	0	0	0	0	0	0	0	0	0	0	0	0	0	0	0	0	0	0	0	0
0	0	0	0	0	0	0	0	0	0	0	0	0	0	0	0	0	0	0	0	0	0	0	0	0	0	0	0	0	0	0	0	0	0	0	0	0	0	0	0	0	0	0	0	0	0	0	0	0	0	0	0	0	0	0	0	0	0	0	0	0	0	0	0	0	0	0	0	0	0	0	0	0	0	0
0	4	40	54	6	1	19	1	0	0	237	1	1	0	6	0	1	129	201	0	6	89	0	0	0	3	2	0	577	1	149	42	9	226	19	0	1	0	613	21	85	0	13	69	0	5	0	0	45	0	34	14	159	4	625	3	1	0	166	154	0	0	2	0	0	1169	79	22	0	0	26	302	0	21	21
0	0	0	1	7	0	0	0	0	0	0	3	0	1	0	2	0	14	0	0	6	2	0	0	3	0	0	0	2	0	1	7	0	6	0	0	3	0	8	3	6	0	2	15	1	1	0	0	3	7	20	0	2	0	6	0	0	0	0	4	0	0	0	1	32	4	0	0	0	0	6	10	1	1	0
0	0	0	0	38	29	0	0	0	0	0	0	0	0	0	0	68	0	0	0	4	0	0	0	2	0	0	0	0	0	0	0	8	0	7	0	266	0	2	0	2	33	21	3	0	26	0	0	0	118	3	0	0	0	5	10	0	0	4	29	0	0	47	282	213	2	0	192	0	0	16	116	39	72	0
0	0	0	0	0	0	0	0	0	0	0	0	0	0	0	0	0	0	0	0	0	0	0	0	0	0	0	0	0	0	0	0	0	0	0	0	0	0	0	0	0	0	0	0	0	0	0	0	0	0	0	0	0	0	0	0	0	0	0	0	0	0	0	0	0	0	0	0	0	0	0	0	0	0	0
0	9	47	6	0	0	0	0	0	0	259	0	0	0	1	0	0	493	1	1	0	228	0	0	577	2	0	0	0	4	188	2	0	131	20	0	3	0	316	2	81	0	18	3	0	0	0	0	8	1	14	0	136	8	294	0	4	0	75	174	0	0	1	7	1	650	6	7	0	0	25	141	0	6	85
0	0	0	26	7	0	2	0	4	0	37	88	0	48	92	757	178	0	0	170	0	0	0	0	1	0	0	0	4	0	0	0	167	154	141	0	0	0	0	0	7	1	574	1	0	1669	0	0	0	0	1	0	0	1	0	366	0	0	0	1	0	0	187	22	46	0	114	121	0	10	110	0	0	15	0
0	0	0	156	4	6	3	0	0	0	0	0	0	15	0	3	6	35	22	2	552	8	0	0	149	1	0	0	188	0	0	0	0	14	2	0	1	0	0	0	195	0	12	12	0	3	0	0	0	5	11	0	21	49	7	0	0	0	0	22	0	0	4	2	1	7	6	2	0	1	2	3	1	4	153
0	0	10	2	28	2	5	0	0	0	0	0	0	0	0	0	0	39	110	0	99	0	0	0	42	7	0	0	2	0	0	0	0	0	22	0	0	0	69	0	35	74	19	782	0	0	0	0	0	0	190	0	0	0	204	0	0	0	0	0	0	0	0	0	0	550	217	0	0	0	24	83	0	25	0
0	0	0	9	0	0	0	0	0	0	0	0	0	30	0	468	5	2	2	50	84	0	0	0	9	0	8	0	0	167	0	0	0	0	161	0	0	0	0	0	0	42	329	3	0	854	0	0	0	0	5	0	0	0	2	143	0	0	0	1	0	0	21	0	276	0	1	111	0	3	0	0	8	0	0
0	0	162	70	36	5	6	0	0	0	4	0	0	0	0	125	11	78	124	1	336	20	0	0	226	6	0	0	131	154	14	0	0	0	13	0	0	0	20	0	187	0	382	270	0	4	0	0	0	0	262	0	26	10	114	0	5	0	12	39	0	0	0	0	1	226	81	0	0	2	23	17	0	16	115
0	0	19	0	7	0	0	0	15	0	0	289	0	0	0	122	5	13	1	0	7	2	0	0	19	0	7	0	20	141	2	22	161	13	0	0	17	0	4	1	0	1	1	7	0	4	0	0	0	0	0	0	35	0	1	635	0	0	15	27	0	0	460	14	22	24	0	13	0	0	7	7	7	32	0
0	0	0	0	0	0	0	0	0	0	0	0	0	0	0	0	0	0	0	0	0	0	0	0	0	0	0	0	0	0	0	0	0	0	0	0	0	0	0	0	0	0	0	0	0	0	0	0	0	0	0	0	0	0	0	0	0	0	0	0	0	0	0	0	0	0	0	0	0	0	0	0	0	0	0
0	0	0	5	31	0	0	0	0	0	0	0	0	10	0	18	0	3	0	0	0	0	0	0	1	3	266	0	3	0	1	0	0	0	17	0	0	0	0	0	0	3	3	2	0	1928	0	0	0	0	0	0	0	0	2	0	0	0	0	0	0	0	8	0	601	2	2	445	0	23	0	0	0	31	0
0	0	0	0	0	0	0	0	0	0	0	0	0	0	0	0	0	0	0	0	0	0	0	0	0	0	0	0	0	0	0	0	0	0	0	0	0	0	0	0	0	0	0	0	0	0	0	0	0	0	0	0	0	0	0	0	0	0	0	0	0	0	0	0	0	0	0	0	0	0	0	0	0	0	0
0	0	3	0	21	7	0	0	0	0	0	0	0	0	0	0	0	75	177	1	48	1	0	0	613	8	2	0	316	0	0	69	0	20	4	0	0	0	0	0	44	0	35	864	0	14	0	0	0	0	291	0	6	0	170	0	1	0	0	48	0	0	0	0	2	1016	188	1	0	0	13	6	0	21	54
0	0	0	35	11	0	1	0	0	0	0	0	0	0	0	7	0	5	6	0	68	0	0	0	21	3	0	0	2	0	0	0	0	0	1	0	0	0	0	0	15	4	6	380	0	4	0	0	0	0	47	0	4	13	3	0	0	0	0	12	0	0	0	0	5	87	13	91	0	0	0	0	0	11	1
0	0	1	225	25	8	11	0	6	0	62	0	0	21	4	33	87	133	39	27	351	19	0	0	85	6	2	0	81	7	195	35	0	187	0	0	0	0	44	15	0	2	156	87	0	157	0	0	0	1	197	0	35	3	49	0	9	0	90	146	0	0	0	1	1	91	41	62	0	0	57	237	4	19	281
0	0	1	13	250	0	0	0	28	0	0	0	0	0	0	0	11	0	0	2	18	0	0	0	0	0	33	0	0	1	0	74	42	0	1	0	3	0	0	4	2	0	3	22	1	0	0	0	0	64	49	0	0	0	0	0	0	0	0	26	0	0	1	338	149	0	0	15	0	0	2	18	54	48	0
0	43	217	422	27	3	261	0	3	0	333	0	0	0	260	893	13	42	0	49	126	0	0	0	13	2	21	0	18	574	12	19	329	382	1	0	3	0	35	6	156	3	0	58	0	1593	0	0	81	2	70	0	20	0	20	134	56	0	12	17	0	0	14	0	10	22	339	40	0	1	294	42	1	13	364
0	0	112	36	914	2	29	0	2	0	1	0	2	5	0	5	9	147	75	4	32	5	0	0	69	15	3	0	3	1	12	782	3	270	7	0	2	0	864	380	87	22	58	0	0	0	0	0	1	92	323	0	51	0	436	0	1	0	39	661	0	0	5	218	1	224	51	7	0	0	115	749	5	172	12
0	0	0	0	0	0	0	0	0	0	0	0	0	681	0	0	0	0	5	0	0	0	0	0	0	1	0	0	0	0	0	0	0	0	0	0	0	0	0	0	0	1	0	0	0	0	0	0	0	0	0	0	0	0	0	0	0	0	0	0	0	0	0	0	0	0	0	0	0	1	0	0	0	0	0
0	0	0	164	1	0	139	0	0	0	716	0	0	247	882	1929	91	0	0	190	0	0	0	0	5	1	26	0	0	1669	3	0	854	4	4	0	1928	0	14	4	157	0	1593	0	0	0	4	0	0	0	0	6	3	0	6	936	0	0	66	8	0	0	2346	134	23	0	2	95	0	54	18	0	28	1	949
0	0	0	0	0	0	0	0	0	0	0	0	0	0	0	0	0	0	0	0	0	0	0	0	0	0	0	0	0	0	0	0	0	0	0	0	0	0	0	0	0	0	0	0	0	4	0	0	0	0	0	0	0	0	0	0	0	0	0	0	0	0	0	1	0	0	0	1	0	0	0	0	0	0	0
0	0	0	0	0	0	0	0	0	0	0	0	0	0	0	0	0	0	0	0	0	0	0	0	0	0	0	0	0	0	0	0	0	0	0	0	0	0	0	0	0	0	0	0	0	0	0	0	0	0	0	0	0	0	0	0	0	0	0	0	0	0	0	0	0	0	0	0	0	0	0	0	0	0	0
0	6	0	194	0	12	1	0	0	0	0	0	0	2	0	0	0	1	0	0	0	0	0	0	45	3	0	0	8	0	0	0	0	0	0	0	0	0	0	0	0	0	81	1	0	0	0	0	0	0	0	0	30	3	11	0	0	0	0	7	0	0	0	0	5	47	5	6	0	1	0	0	0	0	88
0	0	0	0	2	0	0	0	0	0	0	0	0	7	0	0	0	2	0	0	0	1	0	0	0	7	118	0	1	0	5	0	0	0	0	0	0	0	0	0	1	64	2	92	0	0	0	0	0	0	0	0	0	0	1	0	0	0	0	10	0	0	11	0	17	0	1	63	0	10	0	0	1	2	1
0	0	17	0	214	6	0	0	1	0	23	1	0	3	2	0	10	141	0	1	789	18	0	0	34	20	3	0	14	1	11	190	5	262	0	0	0	0	291	47	197	49	70	323	0	0	0	0	0	0	0	0	18	0	73	0	0	0	60	145	0	0	0	5	0	29	32	0	0	0	115	357	1	20	20
0	0	0	0	0	0	0	0	0	0	0	0	0	0	0	0	0	0	0	0	0	0	0	0	14	0	0	0	0	0	0	0	0	0	0	0	0	0	0	0	0	0	0	0	0	6	0	0	0	0	0	0	1	0	0	0	0	0	0	0	0	0	16	0	0	0	0	0	0	1	0	2	0	0	0
0	12	130	164	8	3	22	0	1	0	17	0	0	0	18	0	1	11	49	0	3	177	0	0	159	2	0	0	136	0	21	0	0	26	35	0	0	0	6	4	35	0	20	51	0	3	0	0	30	0	18	1	0	140	27	0	163	0	155	39	0	0	0	0	1	161	110	2	0	1	12	13	1	6	6
0	146	10	0	0	0	0	0	0	0	1	0	0	0	0	0	0	53	1	0	0	75	0	0	4	0	0	0	8	1	49	0	0	10	0	0	0	0	0	13	3	0	0	0	0	0	0	0	3	0	0	0	140	0	0	0	40	0	131	0	0	0	0	0	0	0	2	0	0	4	0	2	0	0	0
0	0	34	3	14	3	2	0	0	0	4	0	0	12	3	5	3	120	93	0	6	7	0	0	625	6	5	0	294	0	7	204	2	114	1	0	2	0	170	3	49	0	20	436	0	6	0	0	11	1	73	0	27	0	0	0	2	0	10	15	0	0	7	2	4	876	105	34	0	8	16	38	0	14	61
0	0	0	0	3	0	0	0	0	0	0	378	0	13	0	605	6	0	1	26	0	0	0	0	3	0	10	0	0	366	0	0	143	0	635	0	0	0	0	0	0	0	134	0	0	936	0	0	0	0	0	0	0	0	0	0	0	0	0	0	0	0	508	1	13	1	2	3	0	0	0	0	0	3	0
0	1010	109	0	2	0	0	0	0	0	110	1	0	0	128	0	0	14	0	0	0	80	0	0	1	0	0	0	4	0	0	0	0	5	0	0	0	0	1	0	9	0	56	1	0	0	0	0	0	0	0	0	163	40	2	0	0	0	170	1	0	0	0	1	0	3	0	0	0	0	0	0	0	1	4
0	0	0	0	0	0	0	0	0	0	0	0	0	0	0	0	0	0	0	0	0	0	0	0	0	0	0	0	0	0	0	0	0	0	0	0	0	0	0	0	0	0	0	0	0	0	0	0	0	0	0	0	0	0	0	0	0	0	0	0	0	0	0	0	0	0	0	0	0	0	0	0	0	0	0
0	2	33	60	2	8	12	0	0	0	0	0	0	0	0	32	0	67	91	0	10	56	0	0	166	0	4	0	75	0	0	0	0	12	15	0	0	0	0	0	90	0	12	39	0	66	0	0	0	0	60	0	155	131	10	0	170	0	0	11	0	0	0	0	4	132	27	0	0	0	0	0	0	2	419
0	0	1	34	81	0	0	0	0	0	15	0	0	3	0	1	2	30	76	1	72	12	0	0	154	4	29	0	174	1	22	0	1	39	27	0	0	0	48	12	146	26	17	661	0	8	0	0	7	10	145	0	39	0	15	0	1	0	11	0	0	0	2	23	0	364	22	14	0	2	7	39	0	19	9
0	0	0	0	0	0	0	0	0	0	0	0	0	0	0	0	0	0	0	0	0	0	0	0	0	0	0	0	0	0	0	0	0	0	0	0	0	0	0	0	0	0	0	0	0	0	0	0	0	0	0	0	0	0	0	0	0	0	0	0	0	0	0	0	0	0	0	0	0	0	0	0	0	0	0
0	0	0	0	0	0	0	0	0	0	0	0	0	0	0	0	0	0	0	0	0	0	0	0	0	0	0	0	0	0	0	0	0	0	0	0	0	0	0	0	0	0	0	0	0	0	0	0	0	0	0	0	0	0	0	0	0	0	0	0	0	0	0	0	0	0	0	0	0	0	0	0	0	0	0
0	0	0	1	7	0	1	0	1	0	0	143	0	22	0	502	49	0	0	166	3	2	0	0	2	0	47	0	1	187	4	0	21	0	460	0	8	0	0	0	0	1	14	5	0	2346	0	0	0	11	0	16	0	0	7	508	0	0	0	2	0	0	0	18	99	17	0	72	0	27	2	0	3	10	2
0	0	0	1	26	0	0	0	0	4	0	0	0	48	0	19	1	3	0	0	0	0	0	0	0	1	282	0	7	22	2	0	0	0	14	0	0	0	0	0	1	338	0	218	0	134	1	0	0	0	5	0	0	0	2	1	1	0	0	23	0	0	18	0	73	1	2	622	0	12	0	0	26	26	1
0	0	14	1	11	0	0	0	181	5	0	0	0	6	0	22	191	1	0	4	6	0	0	0	0	32	213	0	1	46	1	0	276	1	22	0	601	0	2	5	1	149	10	1	0	23	0	0	5	17	0	0	1	0	4	13	0	0	4	0	0	0	99	73	0	14	1	1220	0	48	23	1	94	70	0
0	4	121	5	3	1	3	0	1	0	118	0	0	0	42	1	1	246	355	0	10	17	0	0	1169	4	2	0	650	0	7	550	0	226	24	0	2	0	1016	87	91	0	22	224	0	0	0	0	47	0	29	0	161	0	876	1	3	0	132	364	0	0	17	1	14	0	224	24	0	2	24	301	0	9	79
0	1	17	23	39	0	144	0	0	0	111	0	1	3	3	179	0	43	3	0	35	0	0	0	79	0	0	0	6	114	6	217	1	81	0	0	2	0	188	13	41	0	339	51	0	2	0	0	5	1	32	0	110	2	105	2	0	0	27	22	0	0	0	2	1	224	0	0	0	3	147	262	1	13	26
0	1	0	2	16	0	0	0	40	0	1	0	0	64	0	26	305	3	0	5	1	0	0	0	22	0	192	0	7	121	2	0	111	0	13	0	445	0	1	91	62	15	40	7	0	95	1	0	6	63	0	0	2	0	34	3	0	0	0	14	0	0	72	622	1220	24	0	0	0	11	11	1	167	111	44
0	0	0	0	0	0	0	0	0	0	0	0	0	0	0	0	0	0	0	0	0	0	0	0	0	0	0	0	0	0	0	0	0	0	0	0	0	0	0	0	0	0	0	0	0	0	0	0	0	0	0	0	0	0	0	0	0	0	0	0	0	0	0	0	0	0	0	0	0	0	0	0	0	0	0
0	0	0	0	3	0	0	0	2	0	0	1	0	54	0	0	11	0	0	2	37	0	0	0	0	0	0	0	0	10	1	0	3	2	0	0	23	0	0	0	0	0	1	0	1	54	0	0	1	10	0	1	1	4	8	0	0	0	0	2	0	0	27	12	48	2	3	11	0	0	8	2	12	1	0
0	0	87	49	20	27	26	0	0	0	0	0	0	0	0	257	3	36	10	30	239	0	0	0	26	6	16	0	25	110	2	24	0	23	7	0	0	0	13	0	57	2	294	115	0	18	0	0	0	0	115	0	12	0	16	0	0	0	0	7	0	0	2	0	23	24	147	11	0	8	0	20	2	10	62
0	0	4	4	15	6	0	0	0	0	0	0	0	0	0	14	11	28	23	2	382	1	0	0	302	10	116	0	141	0	3	83	0	17	7	0	0	0	6	0	237	18	42	749	0	0	0	0	0	0	357	2	13	2	38	0	0	0	0	39	0	0	0	0	1	301	262	1	0	2	20	0	2	13	3
0	0	0	0	15	100	0	0	6	0	0	0	0	9	0	0	21	0	0	0	0	0	0	0	0	1	39	0	0	0	1	0	8	0	7	0	0	0	0	0	4	54	1	5	0	28	0	0	0	1	1	0	1	0	0	0	0	0	0	0	0	0	3	26	94	0	1	167	0	12	2	2	0	15	0
0	0	6	30	19	0	11	0	10	0	0	6	0	9	1	12	28	14	25	1	18	0	0	0	21	1	72	0	6	15	4	25	0	16	32	0	31	0	21	11	19	48	13	172	0	1	0	0	0	2	20	0	6	0	14	3	1	0	2	19	0	0	10	26	70	9	13	111	0	1	10	13	15	0	0
0	2	0	176	1	0	205	0	0	0	361	0	0	1	316	1	0	50	14	3	0	118	0	0	21	0	0	0	85	0	153	0	0	115	0	0	0	0	54	1	281	0	364	12	0	949	0	0	88	1	20	0	6	0	61	0	4	0	419	9	0	0	2	1	0	79	26	44	0	0	62	3	0	0	0
