0	0	0	0	0	0	0	0	0	0	0	0	0	0	0	0	0	0	0	0	0	0	0	0	0	0	0	0	0	0	0	0	0	0	0	0	0	0	0	0	0	0	0	0	0	0	0	0	0	0	0	0	0	0	0	0	0	0	0	0	0	0	0	0	0	0	0	0	0	0	0	0	0	0	0
0	0	1250	167	0	0	36	2	0	0	378	0	114	0	8	0	0	303	63	0	0	1418	0	0	6	0	0	62	31	0	8	0	0	70	0	0	0	0	11	0	32	2	96	4	0	0	0	0	354	0	2	0	1126	450	27	0	2071	0	1859	44	0	0	0	0	0	12	415	0	0	4	48	349	0	0	168
0	1250	0	28	1	0	2	1	0	0	0	0	0	0	0	7	0	76	22	0	254	131	0	0	29	13	0	59	89	0	0	158	0	14	0	0	0	0	5	0	50	0	336	29	0	0	0	0	31	0	233	0	226	79	35	0	317	26	48	0	0	0	0	0	45	62	496	0	0	2	13	35	0	0	1
0	167	28	0	10	0	927	1	228	0	956	0	0	105	7	551	11	9	14	30	1	354	0	0	5	11	6	1	25	92	329	8	73	122	8	0	0	0	3	0	102	8	755	3	0	406	0	0	180	12	3	6	417	10	9	0	31	17	122	44	0	0	1	69	196	3	222	170	0	87	240	23	74	57	253
0	0	1	10	0	0	0	5	13	0	1	0	1	31	0	10	7	9	1	4	16	2	0	0	3	9	14	0	1	4	5	91	6	6	0	0	0	0	340	230	13	18	62	523	1	8	0	0	6	66	142	10	12	0	26	2	1	9	5	210	0	0	25	158	28	2	10	59	0	287	39	148	22	13	4
0	0	0	0	0	0	0	0	0	0	0	0	0	0	0	0	0	0	0	0	0	0	0	0	0	0	0	0	0	0	0	0	0	0	0	0	0	0	0	0	0	0	0	0	0	0	0	0	0	0	0	0	0	0	0	0	0	0	0	0	0	0	0	0	0	0	0	0	0	0	0	0	0	0	0
0	36	2	927	0	0	0	0	0	0	336	0	0	38	0	417	0	0	16	1	0	303	0	0	1	1	0	0	1	64	166	0	0	177	0	0	0	0	0	0	42	0	383	0	0	148	0	0	86	0	0	0	161	7	0	0	55	0	106	0	0	0	0	0	0	0	91	0	0	1	0	31	0	3	134
0	2	1	1	5	0	0	0	0	0	0	0	0	1	0	0	0	34	243	0	4	0	0	0	166	0	0	0	191	0	0	151	0	2	1	0	0	0	0	0	3	0	0	170	0	0	0	0	30	0	15	0	1	1	13	0	0	0	0	0	0	0	0	0	16	224	82	0	0	0	0	0	0	0	0
0	0	0	228	13	0	0	0	0	0	0	0	0	24	0	13	159	3	1	58	316	0	0	0	0	11	98	1	0	2	0	1	0	0	9	0	0	0	0	0	47	12	4	1	0	0	0	0	13	0	2	0	4	0	2	0	0	21	0	0	0	0	0	5	118	3	4	86	0	45	5	0	16	11	0
0	0	0	0	0	0	0	0	0	0	0	0	0	0	0	0	0	0	0	0	0	0	0	0	0	0	0	0	0	0	0	0	0	0	0	0	0	0	0	0	0	0	0	0	0	0	0	0	0	0	0	0	0	0	0	0	0	0	0	0	0	0	0	0	0	0	0	0	0	0	0	0	0	0	0
0	378	0	956	1	0	336	0	0	0	0	0	0	52	0	708	0	63	127	21	0	60	0	0	154	1	0	1	219	340	0	1	0	44	0	0	0	0	19	0	57	0	468	2	0	26	0	0	180	0	4	0	91	81	1	0	49	3	0	0	0	0	0	0	0	98	367	0	0	2	1	0	0	1	0
0	0	0	0	0	0	0	0	0	0	0	0	0	1	0	3	0	0	0	1	0	0	0	0	0	0	0	0	0	0	0	0	0	0	0	0	0	0	0	0	0	0	0	0	0	0	0	0	0	0	0	0	0	1	0	1	0	0	0	0	0	0	1	0	0	0	0	1	0	1	0	23	0	0	1
0	114	0	0	1	0	0	0	0	0	0	0	0	1	0	0	0	0	1	0	2	0	0	0	1	0	2	7	5	0	0	0	0	0	0	0	0	0	10	0	0	0	2	5	0	0	0	0	0	0	120	0	1	0	0	0	0	0	0	0	0	0	0	0	12	1	2	3	0	6	0	0	0	0	0
0	0	0	105	31	0	38	1	24	0	52	1	1	0	0	121	51	4	1	111	0	0	0	0	0	13	40	0	1	132	2	43	24	2	3	0	0	0	0	5	16	7	74	3	902	161	0	0	77	2	0	13	0	0	22	1	0	59	1	9	0	0	82	18	74	3	1	126	0	46	46	0	89	105	15
0	8	0	7	0	0	0	0	0	0	0	0	0	0	0	1	0	5	309	3	0	41	0	0	244	0	0	58	408	0	0	0	0	0	0	0	0	0	7	0	0	0	1	1	0	0	0	0	44	0	0	0	3	20	1	0	0	0	0	0	0	0	0	0	0	213	9	0	0	1	0	0	0	0	0
0	0	7	551	10	0	417	0	13	0	708	3	0	121	1	0	311	2	0	1231	5	0	0	0	17	1	45	0	3	1307	4	15	452	284	134	0	0	0	0	0	19	1	1014	9	7	693	0	0	8	46	1	6	13	8	32	158	0	378	24	4	0	0	412	22	24	1	74	160	0	68	348	120	35	39	0
0	0	0	11	7	0	0	0	159	0	0	0	0	51	0	311	0	6	26	810	691	0	0	0	13	21	509	2	6	187	33	23	2	10	2	0	0	0	0	0	367	24	75	13	2	159	0	0	51	0	36	0	0	1	5	0	0	2	0	0	0	0	33	69	178	1	11	552	0	124	1	1	12	2	0
0	303	76	9	9	0	0	34	3	0	63	0	0	4	5	2	6	0	197	6	593	374	0	0	110	44	0	340	783	0	171	52	1	278	2	0	0	0	347	0	467	3	35	108	0	9	0	0	111	11	797	1	44	337	93	0	17	9	220	21	0	0	0	4	2	149	108	55	0	8	16	141	0	11	1
0	63	22	14	1	0	16	243	1	0	127	0	1	1	309	0	26	197	0	3	26	204	0	0	914	3	0	23	1750	1	169	462	1	313	0	0	0	0	532	32	124	1	20	446	0	7	0	0	100	4	77	23	486	78	550	1	34	7	133	202	0	0	1	3	1	1298	58	4	0	4	40	214	0	17	44
0	0	0	30	4	0	1	0	58	0	21	1	0	111	3	1231	810	6	3	0	39	3	0	0	39	0	13	14	5	978	3	1	284	122	90	0	0	0	6	0	19	9	574	12	14	970	0	0	33	30	3	78	19	1	7	134	0	289	41	3	0	0	658	8	157	2	7	58	0	10	259	57	96	16	16
0	0	254	1	16	0	0	4	316	0	0	0	2	0	0	5	691	593	26	39	0	32	0	0	7	39	6	131	1	0	934	172	138	126	13	0	0	0	3	18	629	0	200	128	0	4	0	0	8	2	2165	0	30	2	29	0	2	4	8	60	0	0	0	6	72	18	169	53	0	83	555	672	8	10	2
0	1418	131	354	2	0	303	0	0	0	60	0	0	0	41	0	0	374	204	3	32	0	0	0	129	0	0	131	454	1	443	6	0	89	0	0	0	0	53	3	371	0	14	0	0	1	0	0	220	0	351	9	676	673	23	0	464	0	529	67	0	0	0	0	1	111	31	0	0	2	17	85	0	2	176
0	0	0	0	0	0	0	0	0	0	0	0	0	0	0	0	0	0	0	0	0	0	0	0	0	0	0	0	0	0	0	0	0	0	0	0	0	0	0	0	0	0	0	0	0	0	0	0	0	0	0	0	0	0	0	0	0	0	0	0	0	0	0	0	0	0	0	0	0	0	0	0	0	0	0
0	0	0	0	0	0	0	0	0	0	0	0	0	0	0	0	0	0	0	0	0	0	0	0	0	0	0	0	0	0	0	0	0	0	0	0	0	0	0	0	0	0	0	0	0	0	0	0	0	0	0	0	0	0	0	0	0	0	0	0	0	0	0	0	0	0	0	0	0	0	0	0	0	0	0
0	6	29	5	3	0	1	166	0	0	154	0	1	0	244	17	13	110	914	39	7	129	0	0	0	1	1	23	859	0	160	76	0	307	0	0	0	0	623	20	79	0	24	14	0	1	0	0	33	12	51	19	342	11	549	1	26	4	130	39	0	0	1	8	2	1027	157	22	0	2	55	190	0	11	23
0	0	13	11	9	0	1	0	11	0	1	0	0	13	0	1	21	44	3	0	39	0	0	0	1	0	0	0	0	1	5	33	13	5	0	0	0	0	0	0	0	14	25	10	3	16	0	0	109	4	42	11	2	0	68	0	0	24	6	19	0	0	3	9	6	4	58	8	0	17	39	35	0	32	14
0	0	0	6	14	0	0	0	98	0	0	0	2	40	0	45	509	0	0	13	6	0	0	0	1	0	0	0	0	0	0	0	29	0	0	0	0	0	2	16	4	19	10	6	0	28	0	0	0	153	0	1	0	0	58	0	0	41	0	80	0	0	60	574	459	1	29	1102	0	777	3	30	5	159	0
0	62	59	1	0	0	0	0	1	0	1	0	7	0	58	0	2	340	23	14	131	131	0	0	23	0	0	0	295	0	160	14	2	150	3	0	0	0	354	4	173	0	16	52	0	0	0	0	9	0	231	0	17	25	113	0	4	6	197	15	0	0	1	17	0	36	10	3	0	6	0	10	1	3	0
0	31	89	25	1	0	1	191	0	0	219	0	5	1	408	3	6	783	1750	5	1	454	0	0	859	0	0	295	0	0	389	9	10	738	0	0	0	0	583	52	246	0	40	25	0	0	0	0	264	17	48	62	523	127	393	0	35	3	66	105	0	0	1	0	3	1101	66	3	0	2	73	142	0	15	54
0	0	0	92	4	0	64	0	2	0	340	0	0	132	0	1307	187	0	1	978	0	1	0	0	0	1	0	0	0	0	0	0	286	99	204	0	0	0	0	7	0	0	771	0	2	877	0	0	0	12	0	1	11	0	1	159	0	773	0	0	0	0	548	29	2	0	75	14	0	23	300	10	16	0	0
0	8	0	329	5	0	166	0	0	0	0	0	0	2	0	4	33	171	169	3	934	443	0	0	160	5	0	160	389	0	0	1	0	0	0	0	0	0	0	0	399	0	18	3	0	0	0	0	114	0	169	0	45	196	2	0	0	1	0	0	0	0	0	0	0	26	23	1	0	3	4	2	0	2	0
0	0	158	8	91	0	0	151	1	0	1	0	0	43	0	15	23	52	462	1	172	6	0	0	76	33	0	14	9	0	1	0	16	346	0	0	0	0	380	2	33	1	46	1288	0	8	0	0	20	0	1317	38	16	0	479	0	1	1	2	4	0	0	3	29	12	703	244	9	0	1	68	401	31	40	0
0	0	0	73	6	0	0	0	0	0	0	0	0	24	0	452	2	1	1	284	138	0	0	0	0	13	29	2	10	286	0	16	0	0	161	0	0	0	1	0	3	2	356	20	0	2	0	0	13	0	31	0	1	0	1	0	0	138	0	0	0	0	0	1	190	8	4	185	0	40	7	0	27	5	0
0	70	14	122	6	0	177	2	0	0	44	0	0	2	0	284	10	278	313	122	126	89	0	0	307	5	0	150	738	99	0	346	0	0	2	0	0	0	276	0	114	0	232	322	0	28	0	0	66	2	794	0	29	53	28	0	3	4	28	0	0	0	0	5	1	353	260	3	0	1	9	10	0	0	24
0	0	0	8	0	0	0	1	9	0	0	0	0	3	0	134	2	2	0	90	13	0	0	0	0	0	0	3	0	204	0	0	161	2	0	0	0	0	2	0	1	0	0	1	0	4	0	0	2	0	0	0	0	0	1	201	0	513	0	0	0	0	223	10	17	0	0	9	0	3	0	0	0	2	0
0	0	0	0	0	0	0	0	0	0	0	0	0	0	0	0	0	0	0	0	0	0	0	0	0	0	0	0	0	0	0	0	0	0	0	0	0	0	0	0	0	0	0	0	0	0	0	0	0	0	0	0	0	0	0	0	0	0	0	0	0	0	0	0	0	0	0	0	0	0	0	0	0	0	0
0	0	0	0	0	0	0	0	0	0	0	0	0	0	0	0	0	0	0	0	0	0	0	0	0	0	0	0	0	0	0	0	0	0	0	0	0	0	0	0	0	0	0	0	0	0	0	0	0	0	0	0	0	0	0	0	0	0	0	0	0	0	0	0	0	0	0	0	0	0	0	0	0	0	0
0	0	0	0	0	0	0	0	0	0	0	0	0	0	0	0	0	0	0	0	0	0	0	0	0	0	0	0	0	0	0	0	0	0	0	0	0	0	0	0	0	0	0	0	0	0	0	0	0	0	0	0	0	0	0	0	0	0	0	0	0	0	0	0	0	0	0	0	0	0	0	0	0	0	0
0	11	5	3	340	0	0	0	0	0	19	0	10	0	7	0	0	347	532	6	3	53	0	0	623	0	2	354	583	0	0	380	1	276	2	0	0	0	0	11	27	1	31	954	0	0	0	0	68	1	884	2	58	31	113	0	3	1	0	142	0	0	0	45	3	885	415	4	0	3	5	4	0	17	4
0	0	0	0	230	0	0	0	0	0	0	0	0	5	0	0	0	0	32	0	18	3	0	0	20	0	16	4	52	7	0	2	0	0	0	0	0	0	11	0	240	0	0	385	0	0	0	0	13	0	147	0	0	0	1	0	0	0	0	0	0	0	0	0	1	96	2	4	0	284	0	0	2	1	0
0	32	50	102	13	0	42	3	47	0	57	0	0	16	0	19	367	467	124	19	629	371	0	0	79	0	4	173	246	0	399	33	3	114	1	0	0	0	27	240	0	1	122	82	11	214	0	0	46	1	712	0	68	74	27	0	9	4	77	395	0	0	6	1	47	60	18	114	0	7	19	301	15	27	145
0	2	0	8	18	0	0	0	12	0	0	0	0	7	0	1	24	3	1	9	0	0	0	0	0	14	19	0	0	0	0	1	2	0	0	0	0	0	1	0	1	0	1	26	2	0	0	0	28	24	32	0	0	0	2	0	0	0	1	0	0	0	1	99	42	0	8	3	0	240	0	3	6	13	1
0	96	336	755	62	0	383	0	4	0	468	0	2	74	1	1014	75	35	20	574	200	14	0	0	24	25	10	16	40	771	18	46	356	232	0	0	0	0	31	0	122	1	0	113	1	209	0	0	159	0	214	6	9	2	30	74	108	7	9	7	0	0	91	9	31	7	708	100	0	27	321	132	8	32	132
0	4	29	3	523	0	0	170	1	0	2	0	5	3	1	9	13	108	446	12	128	0	0	0	14	10	6	52	25	0	3	1288	20	322	1	0	0	0	954	385	82	26	113	0	0	10	0	0	6	82	1101	0	64	26	469	1	8	48	18	734	0	0	2	220	10	442	65	28	0	30	66	600	0	109	21
0	0	0	0	1	0	0	0	0	0	0	0	0	902	0	7	2	0	0	14	0	0	0	0	0	3	0	0	0	2	0	0	0	0	0	0	0	0	0	0	11	2	1	0	0	0	0	0	5	0	0	0	0	5	0	0	0	1	0	0	0	0	0	0	2	0	0	6	0	0	0	0	0	0	0
0	0	0	406	8	0	148	0	0	0	26	0	0	161	0	693	159	9	7	970	4	1	0	0	1	16	28	0	0	877	0	8	2	28	4	0	0	0	0	0	214	0	209	10	0	0	0	0	115	0	4	120	3	0	4	5	1	462	0	0	0	0	208	0	5	4	17	93	0	75	1	6	11	17	0
0	0	0	0	0	0	0	0	0	0	0	0	0	0	0	0	0	0	0	0	0	0	0	0	0	0	0	0	0	0	0	0	0	0	0	0	0	0	0	0	0	0	0	0	0	0	0	0	0	0	0	0	0	0	0	0	0	0	0	0	0	0	0	0	0	0	0	0	0	0	0	0	0	0	0
0	0	0	0	0	0	0	0	0	0	0	0	0	0	0	0	0	0	0	0	0	0	0	0	0	0	0	0	0	0	0	0	0	0	0	0	0	0	0	0	0	0	0	0	0	0	0	0	0	0	0	0	0	0	0	0	0	0	0	0	0	0	0	0	0	0	0	0	0	0	0	0	0	0	0
0	354	31	180	6	0	86	30	13	0	180	0	0	77	44	8	51	111	100	33	8	220	0	0	33	109	0	9	264	0	114	20	13	66	2	0	0	0	68	13	46	28	159	6	5	115	0	0	0	3	26	105	255	11	135	0	151	91	52	36	0	0	11	20	22	123	57	84	0	8	12	33	1	52	32
0	0	0	12	66	0	0	0	0	0	0	0	0	2	0	46	0	11	4	30	2	0	0	0	12	4	153	0	17	12	0	0	0	2	0	0	0	0	1	0	1	24	0	82	0	0	0	0	3	0	16	0	8	10	1	0	0	1	0	0	0	0	0	20	7	2	1	216	0	231	2	0	11	4	0
0	2	233	3	142	0	0	15	2	0	4	0	120	0	0	1	36	797	77	3	2165	351	0	0	51	42	0	231	48	0	169	1317	31	794	0	0	0	0	884	147	712	32	214	1101	0	4	0	0	26	16	0	3	147	0	140	0	1	3	263	410	0	0	3	33	16	67	284	0	0	0	235	701	0	135	14
0	0	0	6	10	0	0	0	0	0	0	0	0	13	0	6	0	1	23	78	0	9	0	0	19	11	1	0	62	1	0	38	0	0	0	0	0	0	2	0	0	0	6	0	0	120	0	0	105	0	3	0	13	18	2	0	0	262	0	0	0	0	0	0	2	0	0	1	0	3	0	0	4	5	0
0	1126	226	417	12	0	161	1	4	0	91	0	1	0	3	13	0	44	486	19	30	676	0	0	342	2	0	17	523	11	45	16	1	29	0	0	0	0	58	0	68	0	9	64	0	3	0	0	255	8	147	13	0	488	5	0	322	1	264	31	0	0	0	12	0	179	358	0	0	6	30	111	2	0	1
0	450	79	10	0	0	7	1	0	0	81	1	0	0	20	8	1	337	78	1	2	673	0	0	11	0	0	25	127	0	196	0	0	53	0	0	0	0	31	0	74	0	2	26	5	0	0	0	11	10	0	18	488	0	31	0	179	24	722	6	0	0	0	1	0	38	5	1	0	1	6	10	0	8	77
0	27	35	9	26	0	0	13	2	0	1	0	0	22	1	32	5	93	550	7	29	23	0	0	549	68	58	113	393	1	2	479	1	28	1	0	0	0	113	1	27	2	30	469	0	4	0	0	135	1	140	2	5	31	0	0	1	36	5	2	0	0	0	11	21	596	183	174	0	33	13	16	21	24	9
0	0	0	0	2	0	0	0	0	0	0	1	0	1	0	158	0	0	1	134	0	0	0	0	1	0	0	0	0	159	0	0	0	0	201	0	0	0	0	0	0	0	74	1	0	5	0	0	0	0	0	0	0	0	0	0	0	131	0	0	0	0	22	0	9	0	2	1	0	2	0	0	0	2	0
0	2071	317	31	1	0	55	0	0	0	49	0	0	0	0	0	0	17	34	0	2	464	0	0	26	0	0	4	35	0	0	1	0	3	0	0	0	0	3	0	9	0	108	8	0	1	0	0	151	0	1	0	322	179	1	0	0	0	227	0	0	0	0	2	0	20	100	0	0	0	0	8	0	0	4
0	0	26	17	9	0	0	0	21	0	3	0	0	59	0	378	2	9	7	289	4	0	0	0	4	24	41	6	3	773	1	1	138	4	513	0	0	0	1	0	4	0	7	48	1	462	0	0	91	1	3	262	1	24	36	131	0	0	0	1	0	0	322	13	14	47	5	78	0	10	2	3	0	33	11
0	1859	48	122	5	0	106	0	0	0	0	0	0	1	0	24	0	220	133	41	8	529	0	0	130	6	0	197	66	0	0	2	0	28	0	0	0	0	0	0	77	1	9	18	0	0	0	0	52	0	263	0	264	722	5	0	227	0	0	0	0	0	0	0	0	59	153	0	0	0	0	0	0	0	0
0	44	0	44	210	0	0	0	0	0	0	0	0	9	0	4	0	21	202	3	60	67	0	0	39	19	80	15	105	0	0	4	0	0	0	0	0	0	142	0	395	0	7	734	0	0	0	0	36	0	410	0	31	6	2	0	0	1	0	0	0	0	0	79	0	343	30	40	0	583	2	0	2	1	0
0	0	0	0	0	0	0	0	0	0	0	0	0	0	0	0	0	0	0	0	0	0	0	0	0	0	0	0	0	0	0	0	0	0	0	0	0	0	0	0	0	0	0	0	0	0	0	0	0	0	0	0	0	0	0	0	0	0	0	0	0	0	0	0	0	0	0	0	0	0	0	0	0	0	0
0	0	0	0	0	0	0	0	0	0	0	0	0	0	0	0	0	0	0	0	0	0	0	0	0	0	0	0	0	0	0	0	0	0	0	0	0	0	0	0	0	0	0	0	0	0	0	0	0	0	0	0	0	0	0	0	0	0	0	0	0	0	0	0	0	0	0	0	0	0	0	0	0	0	0
0	0	0	1	25	0	0	0	0	0	0	1	0	82	0	412	33	0	1	658	0	0	0	0	1	3	60	1	1	548	0	3	0	0	223	0	0	0	0	0	6	1	91	2	0	208	0	0	11	0	3	0	0	0	0	22	0	322	0	0	0	0	0	0	7	2	0	7	0	52	1	0	6	24	0
0	0	0	69	158	0	0	0	5	0	0	0	0	18	0	22	69	4	3	8	6	0	0	0	8	9	574	17	0	29	0	29	1	5	10	0	0	0	45	0	1	99	9	220	0	0	0	0	20	20	33	0	12	1	11	0	2	13	0	79	0	0	0	0	48	4	2	695	0	882	5	3	28	33	0
0	0	45	196	28	0	0	16	118	0	0	0	12	74	0	24	178	2	1	157	72	1	0	0	2	6	459	0	3	2	0	12	190	1	17	0	0	0	3	1	47	42	31	10	2	5	0	0	22	7	16	2	0	0	21	9	0	14	0	0	0	0	7	48	0	3	8	1186	0	23	30	8	36	110	0
0	12	62	3	2	0	0	224	3	0	98	0	1	3	213	1	1	149	1298	2	18	111	0	0	1027	4	1	36	1101	0	26	703	8	353	0	0	0	0	885	96	60	0	7	442	0	4	0	0	123	2	67	0	179	38	596	0	20	47	59	343	0	0	2	4	3	0	293	2	0	1	12	275	0	8	34
0	415	496	222	10	0	91	82	4	0	367	0	2	1	9	74	11	108	58	7	169	31	0	0	157	58	29	10	66	75	23	244	4	260	0	0	0	0	415	2	18	8	708	65	0	17	0	0	57	1	284	0	358	5	183	2	100	5	153	30	0	0	0	2	8	293	0	17	0	2	316	457	0	13	22
0	0	0	170	59	0	0	0	86	0	0	1	3	126	0	160	552	55	4	58	53	0	0	0	22	8	1102	3	3	14	1	9	185	3	9	0	0	0	4	4	114	3	100	28	6	93	0	0	84	216	0	1	0	1	174	1	0	78	0	40	0	0	7	695	1186	2	17	0	0	575	32	7	85	259	20
0	0	0	0	0	0	0	0	0	0	0	0	0	0	0	0	0	0	0	0	0	0	0	0	0	0	0	0	0	0	0	0	0	0	0	0	0	0	0	0	0	0	0	0	0	0	0	0	0	0	0	0	0	0	0	0	0	0	0	0	0	0	0	0	0	0	0	0	0	0	0	0	0	0	0
0	4	2	87	287	0	1	0	45	0	2	1	6	46	1	68	124	8	4	10	83	2	0	0	2	17	777	6	2	23	3	1	40	1	3	0	0	0	3	284	7	240	27	30	0	75	0	0	8	231	0	3	6	1	33	2	0	10	0	583	0	0	52	882	23	1	2	575	0	0	44	4	71	138	2
0	48	13	240	39	0	0	0	5	0	1	0	0	46	0	348	1	16	40	259	555	17	0	0	55	39	3	0	73	300	4	68	7	9	0	0	0	0	5	0	19	0	321	66	0	1	0	0	12	2	235	0	30	6	13	0	0	2	0	2	0	0	1	5	30	12	316	32	0	44	0	4	24	23	1
0	349	35	23	148	0	31	0	0	0	0	23	0	0	0	120	1	141	214	57	672	85	0	0	190	35	30	10	142	10	2	401	0	10	0	0	0	0	4	0	301	3	132	600	0	6	0	0	33	0	701	0	111	10	16	0	8	3	0	0	0	0	0	3	8	275	457	7	0	4	4	0	0	5	0
0	0	0	74	22	0	0	0	16	0	0	0	0	89	0	35	12	0	0	96	8	0	0	0	0	0	5	1	0	16	0	31	27	0	0	0	0	0	0	2	15	6	8	0	0	11	0	0	1	11	0	4	2	0	21	0	0	0	0	2	0	0	6	28	36	0	0	85	0	71	24	0	0	21	0
0	0	0	57	13	0	3	0	11	0	1	0	0	105	0	39	2	11	17	16	10	2	0	0	11	32	159	3	15	0	2	40	5	0	2	0	0	0	17	1	27	13	32	109	0	17	0	0	52	4	135	5	0	8	24	2	0	33	0	1	0	0	24	33	110	8	13	259	0	138	23	5	21	0	2
0	168	1	253	4	0	134	0	0	0	0	1	0	15	0	0	0	1	44	16	2	176	0	0	23	14	0	0	54	0	0	0	0	24	0	0	0	0	4	0	145	1	132	21	0	0	0	0	32	0	14	0	1	77	9	0	4	11	0	0	0	0	0	0	0	34	22	20	0	2	1	0	0	2	0
