0	0	0	0	0	0	0	0	0	0	0	0	0	0	0	0	0	0	0	0	0	0	0	0	0	0	0	0	0	0	0	0	0	0	0	0	0	0	0	0	0	0	0	0	0	0	0	0	0	0	0	0	0	0	0	0	0	0	0	0	0	0	0	0	0	0	0	0	0	0	0	0	0	0	0
0	0	307	28	0	0	0	0	0	0	60	0	344	0	2	0	0	34	6	0	0	337	0	0	0	0	0	0	6	0	0	0	0	4	0	0	0	0	2	0	37	0	10	0	0	0	0	0	0	0	0	0	314	133	6	0	959	0	310	14	0	0	0	2	0	1	187	1	0	0	0	0	0	0	0
0	307	0	0	5	0	0	0	0	0	1	0	126	0	0	0	0	39	3	0	47	9	0	0	35	0	0	0	47	0	0	31	4	171	0	0	1	0	9	2	5	2	402	15	0	0	0	0	11	0	16	0	368	2	9	0	185	0	39	2	0	0	0	0	29	61	359	0	0	1	161	5	0	2	0
0	28	0	0	4	0	418	0	105	0	262	0	0	2	100	127	101	9	14	3	59	109	0	0	38	1	2	0	8	29	143	0	61	120	2	0	0	0	4	14	231	76	481	1	0	125	0	0	170	27	2	0	176	6	6	2	15	0	40	8	0	0	11	11	44	3	102	23	0	9	70	4	11	9	71
0	0	5	4	0	0	0	0	5	0	1	3	0	3	1	6	30	9	10	0	20	2	0	0	2	6	76	0	0	1	3	118	11	27	5	0	29	0	195	59	102	389	46	555	0	5	0	0	0	97	393	0	4	6	16	2	1	0	3	104	0	0	13	53	20	2	51	18	0	163	7	25	7	29	1
0	0	0	0	0	0	0	0	0	0	2	0	0	0	0	0	7	6	0	0	11	0	0	0	1	0	29	0	0	0	6	2	0	5	0	0	0	0	3	0	6	0	3	2	0	0	0	0	0	0	6	0	0	0	3	0	0	0	0	0	0	0	0	0	0	1	0	0	0	0	0	6	100	0	0
0	0	0	418	0	0	0	0	0	0	78	0	0	4	2	70	0	2	6	0	0	64	0	0	3	0	0	0	0	15	54	0	0	27	0	0	0	0	0	1	37	0	227	0	0	91	0	0	98	0	0	0	131	1	2	0	7	0	0	1	0	0	1	0	0	3	185	0	0	0	98	0	0	0	133
0	0	0	0	0	0	0	0	0	0	0	0	0	0	0	0	0	0	0	0	0	0	0	0	0	0	0	0	0	0	0	0	0	0	0	0	0	0	0	0	0	0	0	0	0	0	0	0	0	0	0	0	0	0	0	0	0	0	0	0	0	0	0	0	0	0	0	0	0	0	0	0	0	0	0
0	0	0	105	5	0	0	0	0	0	0	0	0	6	0	11	94	1	2	5	440	0	0	0	0	0	0	0	0	5	0	0	0	0	12	0	0	0	0	0	6	50	3	4	0	0	0	0	0	0	1	0	1	0	0	0	0	0	0	0	0	0	4	0	210	1	1	29	0	18	0	0	6	5	0
0	0	0	0	0	0	0	0	0	0	0	0	0	0	0	0	0	0	0	0	0	0	0	0	0	0	0	0	0	0	0	0	0	0	0	0	0	0	0	0	0	0	0	0	0	0	0	0	0	0	0	0	0	0	0	0	0	0	0	0	0	0	0	0	0	0	0	0	0	0	0	0	0	0	0
0	60	1	262	1	2	78	0	0	0	0	0	0	25	0	555	0	16	58	37	0	4	0	0	246	0	0	0	259	256	0	0	0	6	0	0	0	0	0	0	90	0	295	1	0	60	0	0	0	0	23	0	19	3	13	0	59	0	0	15	0	0	0	0	3	130	199	3	0	2	4	1	0	1	167
0	0	0	0	3	0	0	0	0	0	0	0	0	1	0	19	0	7	5	0	0	0	0	0	1	3	0	0	0	88	0	0	0	0	269	0	8	0	0	0	0	0	0	0	0	0	0	0	0	0	1	0	0	0	0	379	1	0	3	0	0	0	143	0	0	0	0	0	0	1	0	0	0	3	0
0	344	126	0	0	0	0	0	0	0	0	0	0	0	0	0	0	0	3	0	14	0	0	0	1	0	0	0	0	0	0	0	0	0	0	0	0	0	0	0	0	0	14	0	0	0	0	0	0	0	28	0	117	2	0	0	8	0	0	0	0	0	0	0	0	0	141	0	0	0	0	0	0	0	0
0	0	0	2	3	0	4	0	6	0	25	1	0	0	0	59	31	3	0	22	3	4	0	0	0	2	11	0	0	45	16	0	33	3	0	0	5	0	0	0	37	0	23	5	795	83	0	0	0	19	3	5	0	0	13	15	0	0	0	14	0	0	18	27	7	0	0	77	0	29	2	0	18	32	2
0	2	0	100	1	0	2	0	0	0	0	0	0	0	0	340	0	1	190	14	0	17	0	0	176	0	0	0	107	92	0	0	0	0	0	0	0	0	0	0	31	0	180	0	0	6	0	0	0	0	3	0	19	101	13	0	55	0	0	0	0	0	0	0	0	88	6	0	0	0	0	0	0	1	125
0	0	0	127	6	0	70	0	11	0	555	19	0	59	340	0	457	0	2	565	5	0	0	0	0	0	36	0	1	1114	3	1	394	187	73	0	3	0	2	1	4	0	729	5	0	780	0	0	0	36	0	1	0	0	9	568	0	19	19	0	0	0	437	11	7	1	235	36	0	15	320	4	1	20	0
0	0	0	101	30	7	0	0	94	0	0	0	0	31	0	457	0	5	31	424	820	1	0	0	1	0	214	0	0	439	8	0	7	22	13	0	0	0	0	0	431	12	51	10	0	441	0	0	0	0	24	0	1	0	3	6	0	0	0	2	0	0	75	14	266	0	7	574	0	127	22	75	39	30	0
0	34	39	9	9	6	2	0	1	0	16	7	0	3	1	0	5	0	24	1	496	158	0	0	52	5	0	0	409	0	150	51	2	79	18	0	3	0	225	10	431	0	31	63	0	0	0	0	17	2	231	0	16	138	201	0	14	0	215	35	0	0	0	3	0	121	21	3	0	0	33	69	0	9	1
0	6	3	14	10	0	6	0	2	0	58	5	3	0	190	2	31	24	0	1	11	38	0	0	293	0	0	0	220	1	172	387	0	4	0	0	13	0	478	25	121	0	11	43	0	4	0	0	49	1	42	1	54	62	331	0	3	0	65	105	0	0	1	7	9	113	13	70	0	13	7	30	2	11	6
0	0	0	3	0	0	0	0	5	0	37	0	0	22	14	565	424	1	1	0	11	0	0	0	1	0	2	0	1	487	2	0	123	65	3	0	0	0	1	0	28	2	142	4	0	553	0	0	0	1	2	88	0	0	0	224	0	112	2	1	0	0	325	0	28	0	0	35	0	4	102	2	6	4	3
0	0	47	59	20	11	0	0	440	0	0	0	14	3	0	5	820	496	11	11	0	67	0	0	8	6	4	0	2	1	1114	368	132	528	7	0	4	0	56	122	1148	30	504	38	0	0	0	0	2	0	1539	0	3	0	29	0	0	0	10	92	0	0	3	0	16	9	127	53	0	10	729	649	52	176	0
0	337	9	109	2	0	64	0	0	0	4	0	0	4	17	0	1	158	38	0	67	0	0	0	57	2	0	0	198	2	149	0	0	51	2	0	0	0	8	13	291	0	0	5	0	0	0	0	6	1	64	0	515	323	28	0	204	0	188	14	0	0	2	0	0	7	10	0	0	0	15	1	0	4	81
0	0	0	0	0	0	0	0	0	0	0	0	0	0	0	0	0	0	0	0	0	0	0	0	0	0	0	0	0	0	0	0	0	0	0	0	0	0	0	0	0	0	0	0	0	0	0	0	0	0	0	0	0	0	0	0	0	0	0	0	0	0	0	0	0	0	0	0	0	0	0	0	0	0	0
0	0	0	0	0	0	0	0	0	0	0	0	0	0	0	0	0	0	0	0	0	0	0	0	0	0	0	0	0	0	0	0	0	0	0	0	0	0	0	0	0	0	0	0	0	0	0	0	0	0	0	0	0	0	0	0	0	0	0	0	0	0	0	0	0	0	0	0	0	0	0	0	0	0	0
0	0	35	38	2	1	3	0	0	0	246	1	1	0	176	0	1	52	293	1	8	57	0	0	0	2	2	0	591	7	112	13	2	57	19	0	0	0	609	10	60	0	12	2	0	1	0	0	37	0	34	14	147	11	659	2	4	0	138	83	0	0	2	4	0	762	6	21	0	11	26	61	0	5	19
0	0	0	1	6	0	0	0	0	0	0	3	0	2	0	0	0	5	0	0	6	2	0	0	2	0	0	0	2	0	1	7	0	6	0	0	3	0	8	3	2	0	2	15	1	1	0	0	3	7	20	0	2	0	6	0	0	0	0	4	0	0	0	1	31	4	0	0	0	0	6	10	1	0	0
0	0	0	2	76	29	0	0	0	0	0	0	0	11	0	36	214	0	0	2	4	0	0	0	2	0	0	0	0	0	0	1	24	0	7	0	400	0	2	0	2	88	23	3	0	78	0	0	0	196	3	0	0	0	9	26	0	0	0	111	0	0	61	556	432	2	0	473	0	160	18	116	102	130	0
0	0	0	0	0	0	0	0	0	0	0	0	0	0	0	0	0	0	0	0	0	0	0	0	0	0	0	0	0	0	0	0	0	0	0	0	0	0	0	0	0	0	0	0	0	0	0	0	0	0	0	0	0	0	0	0	0	0	0	0	0	0	0	0	0	0	0	0	0	0	0	0	0	0	0
0	6	47	8	0	0	0	0	0	0	259	0	0	0	107	1	0	409	220	1	2	198	0	0	591	2	0	0	0	6	268	2	2	87	20	0	1	0	279	2	142	0	9	2	0	0	0	0	18	0	14	0	159	28	299	0	1	0	80	173	0	0	1	7	1	413	10	7	0	0	20	140	0	4	68
0	0	0	29	1	0	15	0	5	0	256	88	0	45	92	1114	439	0	1	487	1	2	0	0	7	0	0	0	6	0	0	0	425	339	189	0	2	0	0	0	9	1	1017	1	0	928	0	0	0	10	1	0	9	4	1	629	0	104	1	1	0	0	408	22	7	0	201	22	0	10	480	0	0	10	0
0	0	0	143	3	6	54	0	0	0	0	0	0	16	0	3	8	150	172	2	1114	149	0	0	112	1	0	0	268	0	0	0	0	14	2	0	1	0	0	0	517	0	20	13	0	1	0	0	15	5	133	0	27	81	8	0	0	0	0	22	0	0	4	2	7	3	18	2	0	2	0	4	1	3	66
0	0	31	0	118	2	0	0	0	0	0	0	0	0	0	1	0	51	387	0	368	0	0	0	13	7	1	0	2	0	0	0	1	0	31	0	0	0	679	6	97	80	17	446	0	0	0	0	0	0	619	0	0	0	593	0	0	0	0	1	0	0	0	31	10	320	7	0	0	1	55	226	0	125	0
0	0	4	61	11	0	0	0	0	0	0	0	0	33	0	394	7	2	0	123	132	0	0	0	2	0	24	0	2	425	0	1	0	0	317	0	0	0	0	0	2	65	285	0	0	46	0	0	0	0	9	0	0	0	1	147	0	0	0	1	0	0	25	0	289	0	1	181	0	57	0	0	5	11	0
0	4	171	120	27	5	27	0	0	0	6	0	0	3	0	187	22	79	4	65	528	51	0	0	57	6	0	0	87	339	14	0	0	0	13	0	0	0	12	0	308	0	527	213	0	36	0	0	0	0	275	0	24	33	32	0	0	0	10	39	0	0	0	0	6	42	341	0	0	2	21	15	0	9	3
0	0	0	2	5	0	0	0	12	0	0	269	0	0	0	73	13	18	0	3	7	2	0	0	19	0	7	0	20	189	2	31	317	13	0	0	15	0	8	2	2	5	1	7	0	12	0	0	0	0	7	0	11	0	6	717	3	47	15	3	0	0	538	10	43	24	1	19	0	8	10	7	4	15	0
0	0	0	0	0	0	0	0	0	0	0	0	0	0	0	0	0	0	0	0	0	0	0	0	0	0	0	0	0	0	0	0	0	0	0	0	0	0	0	0	0	0	0	0	0	0	0	0	0	0	0	0	0	0	0	0	0	0	0	0	0	0	0	0	0	0	0	0	0	0	0	0	0	0	0
0	0	1	0	29	0	0	0	0	0	0	8	0	5	0	3	0	3	13	0	4	0	0	0	0	3	400	0	1	2	1	0	0	0	15	0	0	0	0	0	5	3	2	2	0	0	0	0	0	0	0	0	0	0	3	0	0	7	0	0	0	0	16	0	553	1	7	454	0	82	0	0	0	29	0
0	0	0	0	0	0	0	0	0	0	0	0	0	0	0	0	0	0	0	0	0	0	0	0	0	0	0	0	0	0	0	0	0	0	0	0	0	0	0	0	0	0	0	0	0	0	0	0	0	0	0	0	0	0	0	0	0	0	0	0	0	0	0	0	0	0	0	0	0	0	0	0	0	0	0
0	2	9	4	195	3	0	0	0	0	0	0	0	0	0	2	0	225	478	1	56	8	0	0	609	8	2	0	279	0	0	679	0	12	8	0	0	0	0	0	156	1	10	465	0	0	0	0	7	0	630	0	9	40	163	0	0	0	0	48	0	0	0	0	14	546	51	1	0	4	4	6	0	25	3
0	0	2	14	59	0	1	0	0	0	0	0	0	0	0	1	0	10	25	0	122	13	0	0	10	3	0	0	2	0	0	6	0	0	2	0	0	0	0	0	99	2	7	179	0	0	0	0	0	0	159	0	4	5	8	0	0	0	0	12	0	0	0	0	1	44	45	47	0	29	0	0	0	4	1
0	37	5	231	102	6	37	0	6	0	90	0	0	37	31	4	431	431	121	28	1148	291	0	0	60	2	2	0	142	9	517	97	2	308	2	0	5	0	156	99	0	3	241	61	0	185	0	0	4	11	540	0	62	103	150	1	12	2	237	232	0	0	0	24	4	41	97	79	0	34	113	383	3	36	160
0	0	2	76	389	0	0	0	50	0	0	0	0	0	0	0	12	0	0	2	30	0	0	0	0	0	88	0	0	1	0	80	65	0	5	0	3	0	1	2	3	0	7	24	1	0	0	0	0	147	175	0	1	0	0	0	0	0	0	98	0	0	2	536	213	0	0	22	0	193	2	18	88	71	0
0	10	402	481	46	3	227	0	3	0	295	0	14	23	180	729	51	31	11	142	504	0	0	0	12	2	23	0	9	1017	20	17	285	527	1	0	2	0	10	7	241	7	0	18	0	178	0	0	52	6	135	2	15	0	11	135	20	0	4	19	0	0	20	1	17	12	671	89	0	61	402	46	7	18	131
0	0	15	1	555	2	0	0	4	0	1	0	0	5	0	5	10	63	43	4	38	5	0	0	2	15	3	0	2	1	13	446	0	213	7	0	2	0	465	179	61	24	18	0	0	0	0	0	0	90	338	0	17	2	191	0	0	0	3	323	0	0	5	131	3	75	4	11	0	7	78	344	2	23	10
0	0	0	0	0	0	0	0	0	0	0	0	0	795	0	0	0	0	0	0	0	0	0	0	0	1	0	0	0	0	0	0	0	0	0	0	0	0	0	0	0	1	0	0	0	0	0	0	0	0	0	0	0	4	0	0	0	0	0	0	0	0	0	0	0	0	0	0	0	1	0	0	0	0	0
0	0	0	125	5	0	91	0	0	0	60	0	0	83	6	780	441	0	4	553	0	0	0	0	1	1	78	0	0	928	1	0	46	36	12	0	0	0	0	0	185	0	178	0	0	0	0	0	0	0	0	350	3	0	0	143	0	182	0	0	0	0	202	0	20	0	0	25	0	32	0	0	0	13	2
0	0	0	0	0	0	0	0	0	0	0	0	0	0	0	0	0	0	0	0	0	0	0	0	0	0	0	0	0	0	0	0	0	0	0	0	0	0	0	0	0	0	0	0	0	0	0	0	0	0	0	0	0	0	0	0	0	0	0	0	0	0	0	0	0	0	0	0	0	0	0	0	0	0	0
0	0	0	0	0	0	0	0	0	0	0	0	0	0	0	0	0	0	0	0	0	0	0	0	0	0	0	0	0	0	0	0	0	0	0	0	0	0	0	0	0	0	0	0	0	0	0	0	0	0	0	0	0	0	0	0	0	0	0	0	0	0	0	0	0	0	0	0	0	0	0	0	0	0	0
0	0	11	170	0	0	98	0	0	0	0	0	0	0	0	0	0	17	49	0	2	6	0	0	37	3	0	0	18	0	15	0	0	0	0	0	0	0	7	0	4	0	52	0	0	0	0	0	0	0	0	0	156	29	12	0	0	0	0	7	0	0	1	0	13	24	161	0	0	3	0	0	0	0	3
0	0	0	27	97	0	0	0	0	0	0	0	0	19	0	36	0	2	1	1	0	1	0	0	0	7	196	0	0	10	5	0	0	0	0	0	0	0	0	0	11	147	6	90	0	0	0	0	0	0	0	0	1	2	1	0	0	0	0	10	0	0	11	0	9	0	1	116	0	48	0	0	7	10	1
0	0	16	2	393	6	0	0	1	0	23	1	28	3	3	0	24	231	42	2	1539	64	0	0	34	20	3	0	14	1	133	619	9	275	7	0	0	0	630	159	540	175	135	338	0	0	0	0	0	0	0	0	21	3	235	0	0	0	107	272	0	0	0	16	0	29	146	0	0	0	233	434	1	88	20
0	0	0	0	0	0	0	0	0	0	0	0	0	5	0	1	0	0	1	88	0	0	0	0	14	0	0	0	0	0	0	0	0	0	0	0	0	0	0	0	0	0	2	0	0	350	0	0	0	0	0	0	1	0	0	0	0	113	0	0	0	0	41	0	0	0	0	0	0	1	0	2	2	0	0
0	314	368	176	4	0	131	0	1	0	19	0	117	0	19	0	1	16	54	0	3	515	0	0	147	2	0	0	159	9	27	0	0	24	11	0	0	0	9	4	62	1	15	17	0	3	0	0	156	1	21	1	0	256	26	0	148	0	376	40	0	0	0	0	2	148	277	15	0	19	12	13	1	2	2
0	133	2	6	6	0	1	0	0	0	3	0	2	0	101	0	0	138	62	0	0	323	0	0	11	0	0	0	28	4	81	0	0	33	0	0	0	0	40	5	103	0	0	2	4	0	0	0	29	2	3	0	256	0	46	0	101	0	302	15	0	0	0	0	0	0	3	0	0	0	13	0	0	3	6
0	6	9	6	16	3	2	0	0	0	13	0	0	13	13	9	3	201	331	0	29	28	0	0	659	6	9	0	299	1	8	593	1	32	6	0	3	0	163	8	150	0	11	191	0	0	0	0	12	1	235	0	26	46	0	0	1	0	26	10	0	0	7	2	16	601	41	60	0	9	15	20	0	6	2
0	0	0	2	2	0	0	0	0	0	0	379	0	15	0	568	6	0	0	224	0	0	0	0	2	0	26	0	0	629	0	0	147	0	717	0	0	0	0	0	1	0	135	0	0	143	0	0	0	0	0	0	0	0	0	0	0	72	0	0	0	0	485	1	25	0	4	15	0	0	0	0	7	2	0
0	959	185	15	1	0	7	0	0	0	59	1	8	0	55	0	0	14	3	0	0	204	0	0	4	0	0	0	1	0	0	0	0	0	3	0	0	0	0	0	12	0	20	0	0	0	0	0	0	0	0	0	148	101	1	0	0	0	88	1	0	0	0	1	0	1	52	0	0	0	0	0	0	1	3
0	0	0	0	0	0	0	0	0	0	0	0	0	0	0	19	0	0	0	112	0	0	0	0	0	0	0	0	0	104	0	0	0	0	47	0	7	0	0	0	2	0	0	0	0	182	0	0	0	0	0	113	0	0	0	72	0	0	0	0	0	0	59	2	0	0	0	1	0	5	0	0	0	2	0
0	310	39	40	3	0	0	0	0	0	0	3	0	0	0	19	0	215	65	2	10	188	0	0	138	0	0	0	80	1	0	0	0	10	15	0	0	0	0	0	237	0	4	3	0	0	0	0	0	0	107	0	376	302	26	0	88	0	0	11	0	0	0	0	0	147	4	7	0	1	0	0	0	1	139
0	14	2	8	104	0	1	0	0	0	15	0	0	14	0	0	2	35	105	1	92	14	0	0	83	4	111	0	173	1	22	1	1	39	3	0	0	0	48	12	232	98	19	323	0	0	0	0	7	10	272	0	40	15	10	0	1	0	11	0	0	0	2	23	2	144	30	18	0	95	4	39	0	17	7
0	0	0	0	0	0	0	0	0	0	0	0	0	0	0	0	0	0	0	0	0	0	0	0	0	0	0	0	0	0	0	0	0	0	0	0	0	0	0	0	0	0	0	0	0	0	0	0	0	0	0	0	0	0	0	0	0	0	0	0	0	0	0	0	0	0	0	0	0	0	0	0	0	0	0
0	0	0	0	0	0	0	0	0	0	0	0	0	0	0	0	0	0	0	0	0	0	0	0	0	0	0	0	0	0	0	0	0	0	0	0	0	0	0	0	0	0	0	0	0	0	0	0	0	0	0	0	0	0	0	0	0	0	0	0	0	0	0	0	0	0	0	0	0	0	0	0	0	0	0
0	0	0	11	13	0	1	0	4	0	0	143	0	18	0	437	75	0	1	325	3	2	0	0	2	0	61	0	1	408	4	0	25	0	538	0	16	0	0	0	0	2	20	5	0	202	0	0	1	11	0	41	0	0	7	485	0	59	0	2	0	0	0	18	72	18	0	62	0	36	3	0	29	23	0
0	2	0	11	53	0	0	0	0	0	0	0	0	27	0	11	14	3	7	0	0	0	0	0	4	1	556	0	7	22	2	31	0	0	10	0	0	0	0	0	24	536	1	131	0	0	0	0	0	0	16	0	0	0	2	1	1	2	0	23	0	0	18	0	93	1	3	815	0	215	0	0	30	31	0
0	0	29	44	20	0	0	0	210	0	3	0	0	7	0	7	266	0	9	28	16	0	0	0	0	31	432	0	1	7	7	10	289	6	43	0	553	0	14	1	4	213	17	3	0	20	0	0	13	9	0	0	2	0	16	25	0	0	0	2	0	0	72	93	0	4	2	1356	0	124	17	10	50	81	0
0	1	61	3	2	1	3	0	1	0	130	0	0	0	88	1	0	121	113	0	9	7	0	0	762	4	2	0	413	0	3	320	0	42	24	0	1	0	546	44	41	0	12	75	0	0	0	0	24	0	29	0	148	0	601	0	1	0	147	144	0	0	18	1	4	0	3	24	0	2	19	36	0	0	44
0	187	359	102	51	0	185	0	1	0	199	0	141	0	6	235	7	21	13	0	127	10	0	0	6	0	0	0	10	201	18	7	1	341	1	0	7	0	51	45	97	0	671	4	0	0	0	0	161	1	146	0	277	3	41	4	52	0	4	30	0	0	0	3	2	3	0	31	0	3	363	64	0	3	41
0	1	0	23	18	0	0	0	29	0	3	0	0	77	0	36	574	3	70	35	53	0	0	0	21	0	473	0	7	22	2	0	181	0	19	0	454	0	1	47	79	22	89	11	0	25	0	0	0	116	0	0	15	0	60	15	0	1	7	18	0	0	62	815	1356	24	31	0	0	252	17	1	120	170	26
0	0	0	0	0	0	0	0	0	0	0	0	0	0	0	0	0	0	0	0	0	0	0	0	0	0	0	0	0	0	0	0	0	0	0	0	0	0	0	0	0	0	0	0	0	0	0	0	0	0	0	0	0	0	0	0	0	0	0	0	0	0	0	0	0	0	0	0	0	0	0	0	0	0	0
0	0	1	9	163	0	0	0	18	0	2	1	0	29	0	15	127	0	13	4	10	0	0	0	11	0	160	0	0	10	2	1	57	2	8	0	82	0	4	29	34	193	61	7	1	32	0	0	3	48	0	1	19	0	9	0	0	5	1	95	0	0	36	215	124	2	3	252	0	0	10	2	5	66	5
0	0	161	70	7	0	98	0	0	0	4	0	0	2	0	320	22	33	7	102	729	15	0	0	26	6	18	0	20	480	0	55	0	21	10	0	0	0	4	0	113	2	402	78	0	0	0	0	0	0	233	0	12	13	15	0	0	0	0	4	0	0	3	0	17	19	363	17	0	10	0	10	3	3	5
0	0	5	4	25	6	0	0	0	0	1	0	0	0	0	4	75	69	30	2	649	1	0	0	61	10	116	0	140	0	4	226	0	15	7	0	0	0	6	0	383	18	46	344	0	0	0	0	0	0	434	2	13	0	20	0	0	0	0	39	0	0	0	0	10	36	64	1	0	2	10	0	0	19	2
0	0	0	11	7	100	0	0	6	0	0	0	0	18	0	1	39	0	2	6	52	0	0	0	0	1	102	0	0	0	1	0	5	0	4	0	0	0	0	0	3	88	7	2	0	0	0	0	0	7	1	2	1	0	0	7	0	0	0	0	0	0	29	30	50	0	0	120	0	5	3	0	0	7	0
0	0	2	9	29	0	0	0	5	0	1	3	0	32	1	20	30	9	11	4	176	4	0	0	5	0	130	0	4	10	3	125	11	9	15	0	29	0	25	4	36	71	18	23	0	13	0	0	0	10	88	0	2	3	6	2	1	2	1	17	0	0	23	31	81	0	3	170	0	66	3	19	7	0	0
0	0	0	71	1	0	133	0	0	0	167	0	0	2	125	0	0	1	6	3	0	81	0	0	19	0	0	0	68	0	66	0	0	3	0	0	0	0	3	1	160	0	131	10	0	2	0	0	3	1	20	0	2	6	2	0	3	0	139	7	0	0	0	0	0	44	41	26	0	5	5	2	0	0	0
