0	0	0	0	0	0	0	0	0	0	0	0	0	0	0	0	0	0	0	0	0	0	0	0	0	0	0	0	0	0	0	0	0	0	0	0	0	0	0	0	0	0	0	0	0	0	0	0	0	0	0	0	0	0	0	0	0	0	0	0	0	0	0	0	0	0	0	0	0	0	0	0	0	0	0
0	0	681	108	0	0	8	0	0	0	496	12	0	0	0	0	2	120	9	0	6	631	0	0	12	0	0	140	216	0	10	30	0	8	0	0	0	0	90	0	84	0	77	51	0	0	0	0	196	0	19	4	760	223	17	0	1850	3	0	74	0	0	0	0	0	20	4	0	0	0	38	22	0	6	2
0	681	0	6	0	11	0	0	0	0	7	21	0	8	0	6	0	33	3	0	0	8	0	0	31	0	0	31	239	5	1	3	6	6	0	0	1	0	12	0	6	0	268	20	0	0	0	0	18	1	44	2	346	42	5	0	235	20	0	2	0	0	0	2	25	68	90	21	0	0	369	2	0	5	1
0	108	6	0	1	2	606	0	113	0	694	0	0	43	0	305	1	2	4	5	21	81	0	0	2	1	16	2	10	37	219	0	50	94	0	0	31	0	1	0	31	2	533	2	0	176	0	0	80	15	0	0	290	24	3	0	71	1	0	1	0	0	0	2	110	1	1	93	0	2	161	2	0	12	219
0	0	0	1	0	0	0	0	1	0	0	0	0	5	0	1	3	3	0	0	52	0	0	0	0	0	0	2	1	1	0	67	5	1	0	0	3	0	20	2	2	67	3	54	0	1	0	0	6	4	3	1	0	0	1	0	0	2	0	57	0	0	0	80	11	2	1	12	0	2	1	33	0	0	1
0	0	11	2	0	0	0	0	0	0	0	0	0	10	0	7	3	1	0	0	5	1	0	0	0	0	0	2	0	7	1	0	15	3	0	0	0	0	0	0	13	0	1	1	0	0	0	0	0	0	0	2	4	0	0	0	0	0	0	1	0	0	0	0	0	0	0	6	0	0	0	0	0	12	1
0	8	0	606	0	0	0	0	0	0	144	0	0	25	0	134	0	2	1	0	0	19	0	0	5	1	0	0	9	15	66	0	0	81	0	0	0	0	0	0	46	0	111	0	0	80	0	0	4	16	0	1	18	5	0	1	1	3	0	0	0	0	0	0	0	3	5	0	0	0	132	12	0	0	66
0	0	0	0	0	0	0	0	0	0	0	0	0	0	0	0	0	0	0	0	0	0	0	0	0	0	0	0	0	0	0	0	0	0	0	0	0	0	0	0	0	0	0	0	0	0	0	0	0	0	0	0	0	0	0	0	0	0	0	0	0	0	0	0	0	0	0	0	0	0	0	0	0	0	0
0	0	0	113	1	0	0	0	0	0	0	0	0	10	0	18	0	0	0	0	142	0	0	0	0	0	0	0	0	0	0	0	48	0	0	0	0	0	0	0	1	0	1	2	0	0	0	0	0	0	0	0	0	0	0	0	0	5	0	0	0	0	0	1	41	6	0	13	0	0	0	0	0	0	0
0	0	0	0	0	0	0	0	0	0	0	0	0	0	0	0	0	0	0	0	0	0	0	0	0	0	0	0	0	0	0	0	0	0	0	0	0	0	0	0	0	0	0	0	0	0	0	0	0	0	0	0	0	0	0	0	0	0	0	0	0	0	0	0	0	0	0	0	0	0	0	0	0	0	0
0	496	7	694	0	0	144	0	0	0	0	0	0	36	0	481	0	1	0	45	1	2	0	0	131	0	0	10	152	34	10	0	2	62	0	0	0	0	4	0	250	0	402	0	0	81	0	0	118	0	4	0	117	21	2	0	43	7	0	4	0	0	0	0	0	106	46	1	0	0	161	0	0	1	68
0	12	21	0	0	0	0	0	0	0	0	0	0	1	0	19	0	45	6	2	70	0	0	0	0	0	0	26	0	0	3	47	6	2	72	0	0	0	98	0	0	0	22	37	0	0	0	0	0	0	26	0	0	0	0	2	0	40	0	17	0	0	0	0	0	0	42	0	0	0	4	56	0	2	0
0	0	0	0	0	0	0	0	0	0	0	0	0	0	0	0	0	0	0	0	0	0	0	0	0	0	0	0	0	0	0	0	0	0	0	0	0	0	0	0	0	0	0	0	0	0	0	0	0	0	0	0	0	0	0	0	0	0	0	0	0	0	0	0	0	0	0	0	0	0	0	0	0	0	0
0	0	8	43	5	10	25	0	10	0	36	1	0	0	0	109	69	0	72	29	4	19	0	0	0	11	34	0	39	49	2	1	58	5	2	0	67	0	3	6	30	0	38	2	904	111	3	0	13	4	1	28	26	28	60	4	0	55	0	8	0	0	0	8	19	7	5	227	0	22	8	5	0	57	7
0	0	0	0	0	0	0	0	0	0	0	0	0	0	0	0	0	0	0	0	0	0	0	0	0	0	0	0	0	0	0	0	0	0	0	0	0	0	0	0	0	0	0	0	0	0	0	0	0	0	0	0	0	0	0	0	0	0	0	0	0	0	0	0	0	0	0	0	0	0	0	0	0	0	0
0	0	6	305	1	7	134	0	18	0	481	19	0	109	0	0	407	0	16	413	11	1	0	0	0	0	37	0	0	455	0	0	367	296	15	0	52	0	4	0	41	0	699	0	0	526	0	0	18	5	0	0	1	0	24	300	0	126	0	0	0	0	0	15	66	0	11	174	0	37	388	2	0	22	0
0	2	0	1	3	3	0	0	0	0	0	0	0	69	0	407	0	6	19	189	482	9	0	0	1	0	141	7	2	0	0	0	56	0	3	0	0	0	4	0	489	0	32	9	0	0	0	0	0	0	39	0	1	4	3	1	0	9	0	1	0	0	0	401	55	2	2	538	0	61	1	0	0	0	0
0	120	33	2	3	1	2	0	0	0	1	45	0	0	0	0	6	0	230	0	236	53	0	0	257	0	0	701	607	0	47	5	4	60	0	0	0	0	336	5	534	1	17	279	0	0	0	0	82	0	328	0	30	255	56	2	6	14	0	17	0	0	0	1	0	303	96	13	0	2	6	11	0	1	6
0	9	3	4	0	0	1	0	0	0	0	6	0	72	0	16	19	230	0	1	13	254	0	0	204	0	12	324	483	0	306	11	1	123	0	0	43	0	415	12	27	1	27	54	0	54	0	0	223	2	0	58	211	119	194	1	3	47	0	130	0	0	0	4	2	281	100	80	0	3	11	214	0	15	62
0	0	0	5	0	0	0	0	0	0	45	2	0	29	0	413	189	0	1	0	5	0	0	0	0	0	0	0	1	171	1	0	51	147	0	0	0	0	1	6	9	0	168	0	0	199	0	0	0	46	0	1	0	56	2	26	0	15	0	0	0	0	0	0	10	1	3	1	0	0	100	5	0	1	2
0	6	0	21	52	5	0	0	142	0	1	70	0	4	0	11	482	236	13	5	0	9	0	0	9	0	2	571	0	0	560	22	15	186	3	0	0	0	58	12	764	0	184	105	0	78	0	0	0	0	991	0	11	11	17	0	0	9	0	70	0	0	0	3	10	1	49	3	0	28	332	50	0	10	0
0	631	8	81	0	1	19	0	0	0	2	0	0	19	0	1	9	53	254	0	9	0	0	0	116	0	0	150	541	0	35	1	0	2	0	0	0	0	40	0	191	0	2	13	0	8	0	0	178	0	190	4	346	420	4	0	56	3	0	21	0	0	0	1	1	40	0	3	0	0	2	6	0	2	6
0	0	0	0	0	0	0	0	0	0	0	0	0	0	0	0	0	0	0	0	0	0	0	0	0	0	0	0	0	0	0	0	0	0	0	0	0	0	0	0	0	0	0	0	0	0	0	0	0	0	0	0	0	0	0	0	0	0	0	0	0	0	0	0	0	0	0	0	0	0	0	0	0	0	0
0	0	0	0	0	0	0	0	0	0	0	0	0	0	0	0	0	0	0	0	0	0	0	0	0	0	0	0	0	0	0	0	0	0	0	0	0	0	0	0	0	0	0	0	0	0	0	0	0	0	0	0	0	0	0	0	0	0	0	0	0	0	0	0	0	0	0	0	0	0	0	0	0	0	0
0	12	31	2	0	0	5	0	0	0	131	0	0	0	0	0	1	257	204	0	9	116	0	0	0	0	17	172	866	0	169	57	3	110	0	0	0	0	574	26	141	0	27	7	0	0	0	0	105	4	42	1	228	39	548	2	9	19	0	77	0	0	0	1	0	975	23	77	0	1	4	145	0	40	5
0	0	0	1	0	0	1	0	0	0	0	0	0	11	0	0	0	0	0	0	0	0	0	0	0	0	9	1	0	0	0	0	0	0	0	0	0	0	0	0	27	0	0	19	0	0	0	0	0	0	21	0	4	1	0	0	0	0	0	0	0	0	0	4	1	0	0	6	0	11	2	0	0	0	0
0	0	0	16	0	0	0	0	0	0	0	0	0	34	0	37	141	0	12	0	2	0	0	0	17	9	0	0	0	0	0	0	38	1	1	0	179	0	2	1	20	89	42	3	0	0	0	0	2	85	2	0	0	0	5	1	0	5	0	52	0	0	0	687	478	20	15	843	0	546	0	23	0	114	0
0	140	31	2	2	2	0	0	0	0	10	26	0	0	0	0	7	701	324	0	571	150	0	0	172	1	0	0	826	0	345	21	3	238	0	0	0	0	602	5	839	0	27	242	0	0	0	0	110	6	561	0	60	57	301	0	44	16	0	38	0	0	0	3	1	270	87	2	0	2	6	75	0	28	12
0	216	239	10	1	0	9	0	0	0	152	0	0	39	0	0	2	607	483	1	0	541	0	0	866	0	0	826	0	0	170	101	13	209	0	0	1	0	644	49	299	0	45	19	0	12	0	0	58	8	0	10	516	426	510	0	42	24	0	41	0	0	0	2	2	1036	56	18	0	0	11	65	0	59	15
0	0	5	37	1	7	15	0	0	0	34	0	0	49	0	455	0	0	0	171	0	0	0	0	0	0	0	0	0	0	0	0	42	0	125	0	0	0	0	0	6	0	332	2	0	0	0	0	10	0	0	0	11	0	0	103	0	299	0	0	0	0	0	3	41	0	17	78	0	2	16	0	0	0	0
0	10	1	219	0	1	66	0	0	0	10	3	0	2	0	0	0	47	306	1	560	35	0	0	169	0	0	345	170	0	0	0	0	0	0	0	0	0	0	0	604	0	12	2	0	0	0	0	61	0	202	0	37	168	5	0	1	1	0	38	0	0	0	1	0	8	0	1	0	1	0	0	0	0	0
0	30	3	0	67	0	0	0	0	0	0	47	0	1	0	0	0	5	11	0	22	1	0	0	57	0	0	21	101	0	0	0	0	0	0	0	0	0	58	0	15	0	3	561	0	0	0	0	0	0	301	0	0	1	6	0	2	0	0	66	0	0	0	1	0	160	133	0	0	0	1	0	0	0	0
0	0	6	50	5	15	0	0	48	0	2	6	0	58	0	367	56	4	1	51	15	0	0	0	3	0	38	3	13	42	0	0	0	3	254	0	60	0	0	4	3	33	336	6	0	123	0	0	0	8	12	0	6	0	4	167	0	261	0	1	0	0	0	36	262	16	6	341	0	29	145	1	0	21	10
0	8	6	94	1	3	81	0	0	0	62	2	0	5	0	296	0	60	123	147	186	2	0	0	110	0	1	238	209	0	0	0	3	0	0	0	0	0	105	0	480	0	326	219	0	0	0	0	29	0	123	0	3	2	16	0	3	2	0	2	0	0	0	1	0	183	180	0	0	1	42	0	0	0	0
0	0	0	0	0	0	0	0	0	0	0	72	0	2	0	15	3	0	0	0	3	0	0	0	0	0	1	0	0	125	0	0	254	0	0	0	2	0	0	1	2	0	0	0	0	3	0	0	0	0	0	0	1	0	0	477	0	409	0	0	0	0	0	0	4	0	0	6	0	1	1	0	0	2	0
0	0	0	0	0	0	0	0	0	0	0	0	0	0	0	0	0	0	0	0	0	0	0	0	0	0	0	0	0	0	0	0	0	0	0	0	0	0	0	0	0	0	0	0	0	0	0	0	0	0	0	0	0	0	0	0	0	0	0	0	0	0	0	0	0	0	0	0	0	0	0	0	0	0	0
0	0	1	31	3	0	0	0	0	0	0	0	0	67	0	52	0	0	43	0	0	0	0	0	0	0	179	0	1	0	0	0	60	0	2	0	0	0	1	0	5	0	2	1	0	0	0	0	30	0	0	0	2	8	4	0	0	4	0	0	0	0	0	23	461	13	2	425	0	40	0	0	0	0	0
0	0	0	0	0	0	0	0	0	0	0	0	0	0	0	0	0	0	0	0	0	0	0	0	0	0	0	0	0	0	0	0	0	0	0	0	0	0	0	0	0	0	0	0	0	0	0	0	0	0	0	0	0	0	0	0	0	0	0	0	0	0	0	0	0	0	0	0	0	0	0	0	0	0	0
0	90	12	1	20	0	0	0	0	0	4	98	0	3	0	4	4	336	415	1	58	40	0	0	574	0	2	602	644	0	0	58	0	105	0	0	1	0	0	3	293	0	30	921	0	0	0	0	80	1	493	0	39	120	303	1	18	17	0	272	0	0	0	11	0	755	306	3	0	1	6	64	0	14	0
0	0	0	0	2	0	0	0	0	0	0	0	0	6	0	0	0	5	12	6	12	0	0	0	26	0	1	5	49	0	0	0	4	0	1	0	0	0	3	0	145	0	0	382	0	0	0	0	2	0	196	0	7	21	7	0	0	0	0	0	0	0	0	193	0	28	2	2	0	191	0	0	0	0	0
0	84	6	31	2	13	46	0	1	0	250	0	0	30	0	41	489	534	27	9	764	191	0	0	141	27	20	839	299	6	604	15	3	480	2	0	5	0	293	145	0	2	113	157	0	219	0	0	87	6	914	20	82	12	167	0	31	1	0	170	0	0	0	5	8	271	6	123	0	12	12	225	0	20	426
0	0	0	2	67	0	0	0	0	0	0	0	0	0	0	0	0	1	1	0	0	0	0	0	0	0	89	0	0	0	0	0	33	0	0	0	0	0	0	0	2	0	0	100	0	0	0	0	0	0	65	0	0	7	0	0	0	1	0	9	0	0	0	512	32	4	0	30	0	332	0	0	0	0	0
0	77	268	533	3	1	111	0	1	0	402	22	0	38	0	699	32	17	27	168	184	2	0	0	27	0	42	27	45	332	12	3	336	326	0	0	2	0	30	0	113	0	0	73	0	111	0	0	15	3	59	0	22	9	12	31	39	8	0	26	0	0	0	11	21	32	201	76	0	21	369	13	0	11	127
0	51	20	2	54	1	0	0	2	0	0	37	0	2	0	0	9	279	54	0	105	13	0	0	7	19	3	242	19	2	2	561	6	219	0	0	1	0	921	382	157	100	73	0	0	3	0	0	2	111	996	0	16	0	670	1	7	24	0	665	0	0	0	637	10	341	32	10	0	7	23	448	0	224	10
0	0	0	0	0	0	0	0	0	0	0	0	0	904	0	0	0	0	0	0	0	0	0	0	0	0	0	0	0	0	0	0	0	0	0	0	0	0	0	0	0	0	0	0	0	0	0	0	0	0	0	0	0	0	0	0	0	0	0	0	0	0	0	0	0	1	7	0	0	16	0	0	0	0	0
0	0	0	176	1	0	80	0	0	0	81	0	0	111	0	526	0	0	54	199	78	8	0	0	0	0	0	0	12	0	0	0	123	0	3	0	0	0	0	0	219	0	111	3	0	0	0	0	0	0	0	0	4	32	2	18	0	354	0	3	0	0	0	0	9	1	0	31	0	13	9	0	0	0	0
0	0	0	0	0	0	0	0	0	0	0	0	0	3	0	0	0	0	0	0	0	0	0	0	0	0	0	0	0	0	0	0	0	0	0	0	0	0	0	0	0	0	0	0	0	0	0	0	0	0	0	0	0	0	0	0	0	0	0	0	0	0	0	0	0	0	0	0	0	0	0	0	0	3	0
0	0	0	0	0	0	0	0	0	0	0	0	0	0	0	0	0	0	0	0	0	0	0	0	0	0	0	0	0	0	0	0	0	0	0	0	0	0	0	0	0	0	0	0	0	0	0	0	0	0	0	0	0	0	0	0	0	0	0	0	0	0	0	0	0	0	0	0	0	0	0	0	0	0	0
0	196	18	80	6	0	4	0	0	0	118	0	0	13	0	18	0	82	223	0	0	178	0	0	105	0	2	110	58	10	61	0	0	29	0	0	30	0	80	2	87	0	15	2	0	0	0	0	0	0	0	9	111	39	22	0	21	8	0	19	0	0	0	0	0	143	5	19	0	1	69	21	0	1	29
0	0	1	15	4	0	16	0	0	0	0	0	0	4	0	5	0	0	2	46	0	0	0	0	4	0	85	6	8	0	0	0	8	0	0	0	0	0	1	0	6	0	3	111	0	0	0	0	0	0	3	0	5	0	0	0	1	2	0	15	0	0	0	95	4	3	2	168	0	93	0	0	0	0	0
0	19	44	0	3	0	0	0	0	0	4	26	0	1	0	0	39	328	0	0	991	190	0	0	42	21	2	561	0	0	202	301	12	123	0	0	0	0	493	196	914	65	59	996	0	0	0	0	0	3	0	0	43	0	281	0	13	1	0	98	0	0	0	1	0	11	8	1	0	0	28	308	0	95	0
0	4	2	0	1	2	1	0	0	0	0	0	0	28	0	0	0	0	58	1	0	4	0	0	1	0	0	0	10	0	0	0	0	0	0	0	0	0	0	0	20	0	0	0	0	0	0	0	9	0	0	0	10	40	0	14	0	217	0	1	0	0	0	3	0	6	1	2	0	14	0	0	0	0	0
0	760	346	290	0	4	18	0	0	0	117	0	0	26	0	1	1	30	211	0	11	346	0	0	228	4	0	60	516	11	37	0	6	3	1	0	2	0	39	7	82	0	22	16	0	4	0	0	111	5	43	10	0	340	21	0	103	9	0	17	0	0	0	14	11	121	30	28	0	9	3	2	0	3	8
0	223	42	24	0	0	5	0	0	0	21	0	0	28	0	0	4	255	119	56	11	420	0	0	39	1	0	57	426	0	168	1	0	2	0	0	8	0	120	21	12	7	9	0	0	32	0	0	39	0	0	40	340	0	195	0	107	24	0	1	0	0	0	0	0	112	0	18	0	0	0	50	0	13	3
0	17	5	3	1	0	0	0	0	0	2	0	0	60	0	24	3	56	194	2	17	4	0	0	548	0	5	301	510	0	5	6	4	16	0	0	4	0	303	7	167	0	12	670	0	2	0	0	22	0	281	0	21	195	0	1	6	18	0	23	0	0	0	4	8	607	148	272	0	63	4	10	0	3	6
0	0	0	0	0	0	1	0	0	0	0	2	0	4	0	300	1	2	1	26	0	0	0	0	2	0	1	0	0	103	0	0	167	0	477	0	0	0	1	0	0	0	31	1	0	18	0	0	0	0	0	14	0	0	1	0	0	380	0	0	0	0	0	8	14	0	2	7	0	5	0	0	0	4	0
0	1850	235	71	0	0	1	0	0	0	43	0	0	0	0	0	0	6	3	0	0	56	0	0	9	0	0	44	42	0	1	2	0	3	0	0	0	0	18	0	31	0	39	7	0	0	0	0	21	1	13	0	103	107	6	0	0	1	0	1	0	0	0	0	0	17	0	1	0	0	2	1	0	0	0
0	3	20	1	2	0	3	0	5	0	7	40	0	55	0	126	9	14	47	15	9	3	0	0	19	0	5	16	24	299	1	0	261	2	409	0	4	0	17	0	1	1	8	24	0	354	0	0	8	2	1	217	9	24	18	380	1	0	0	15	0	0	0	1	29	90	12	111	0	54	0	2	0	3	3
0	0	0	0	0	0	0	0	0	0	0	0	0	0	0	0	0	0	0	0	0	0	0	0	0	0	0	0	0	0	0	0	0	0	0	0	0	0	0	0	0	0	0	0	0	0	0	0	0	0	0	0	0	0	0	0	0	0	0	0	0	0	0	0	0	0	0	0	0	0	0	0	0	0	0
0	74	2	1	57	1	0	0	0	0	4	17	0	8	0	0	1	17	130	0	70	21	0	0	77	0	52	38	41	0	38	66	1	2	0	0	0	0	272	0	170	9	26	665	0	3	0	0	19	15	98	1	17	1	23	0	1	15	0	0	0	0	0	554	8	318	35	23	0	638	3	124	0	119	0
0	0	0	0	0	0	0	0	0	0	0	0	0	0	0	0	0	0	0	0	0	0	0	0	0	0	0	0	0	0	0	0	0	0	0	0	0	0	0	0	0	0	0	0	0	0	0	0	0	0	0	0	0	0	0	0	0	0	0	0	0	0	0	0	0	0	0	0	0	0	0	0	0	0	0
0	0	0	0	0	0	0	0	0	0	0	0	0	0	0	0	0	0	0	0	0	0	0	0	0	0	0	0	0	0	0	0	0	0	0	0	0	0	0	0	0	0	0	0	0	0	0	0	0	0	0	0	0	0	0	0	0	0	0	0	0	0	0	0	0	0	0	0	0	0	0	0	0	0	0
0	0	0	0	0	0	0	0	0	0	0	0	0	0	0	0	0	0	0	0	0	0	0	0	0	0	0	0	0	0	0	0	0	0	0	0	0	0	0	0	0	0	0	0	0	0	0	0	0	0	0	0	0	0	0	0	0	0	0	0	0	0	0	0	0	0	0	0	0	0	0	0	0	0	0
0	0	2	2	80	0	0	0	1	0	0	0	0	8	0	15	401	1	4	0	3	1	0	0	1	4	687	3	2	3	1	1	36	1	0	0	23	0	11	193	5	512	11	637	0	0	0	0	0	95	1	3	14	0	4	8	0	1	0	554	0	0	0	0	55	3	1	1489	0	1300	5	3	0	278	0
0	0	25	110	11	0	0	0	41	0	0	0	0	19	0	66	55	0	2	10	10	1	0	0	0	1	478	1	2	41	0	0	262	0	4	0	461	0	0	0	8	32	21	10	0	9	0	0	0	4	0	0	11	0	8	14	0	29	0	8	0	0	0	55	0	11	0	2072	0	49	1	1	0	107	0
0	20	68	1	2	0	3	0	6	0	106	0	0	7	0	0	2	303	281	1	1	40	0	0	975	0	20	270	1036	0	8	160	16	183	0	0	13	0	755	28	271	4	32	341	1	1	0	0	143	3	11	6	121	112	607	0	17	90	0	318	0	0	0	3	11	0	59	20	0	28	0	130	0	14	21
0	4	90	1	1	0	5	0	0	0	46	42	0	5	0	11	2	96	100	3	49	0	0	0	23	0	15	87	56	17	0	133	6	180	0	0	2	0	306	2	6	0	201	32	7	0	0	0	5	2	8	1	30	0	148	2	0	12	0	35	0	0	0	1	0	59	0	39	0	17	69	300	0	88	17
0	0	21	93	12	6	0	0	13	0	1	0	0	227	0	174	538	13	80	1	3	3	0	0	77	6	843	2	18	78	1	0	341	0	6	0	425	0	3	2	123	30	76	10	0	31	0	0	19	168	1	2	28	18	272	7	1	111	0	23	0	0	0	1489	2072	20	39	0	0	508	8	16	0	203	37
0	0	0	0	0	0	0	0	0	0	0	0	0	0	0	0	0	0	0	0	0	0	0	0	0	0	0	0	0	0	0	0	0	0	0	0	0	0	0	0	0	0	0	0	0	0	0	0	0	0	0	0	0	0	0	0	0	0	0	0	0	0	0	0	0	0	0	0	0	0	0	0	0	0	0
0	0	0	2	2	0	0	0	0	0	0	0	0	22	0	37	61	2	3	0	28	0	0	0	1	11	546	2	0	2	1	0	29	1	1	0	40	0	1	191	12	332	21	7	16	13	0	0	1	93	0	14	9	0	63	5	0	54	0	638	0	0	0	1300	49	28	17	508	0	0	2	8	0	141	1
0	38	369	161	1	0	132	0	0	0	161	4	0	8	0	388	1	6	11	100	332	2	0	0	4	2	0	6	11	16	0	1	145	42	1	0	0	0	6	0	12	0	369	23	0	9	0	0	69	0	28	0	3	0	4	0	2	0	0	3	0	0	0	5	1	0	69	8	0	2	0	5	0	3	3
0	22	2	2	33	0	12	0	0	0	0	56	0	5	0	2	0	11	214	5	50	6	0	0	145	0	23	75	65	0	0	0	1	0	0	0	0	0	64	0	225	0	13	448	0	0	0	0	21	0	308	0	2	50	10	0	1	2	0	124	0	0	0	3	1	130	300	16	0	8	5	0	0	0	0
0	0	0	0	0	0	0	0	0	0	0	0	0	0	0	0	0	0	0	0	0	0	0	0	0	0	0	0	0	0	0	0	0	0	0	0	0	0	0	0	0	0	0	0	0	0	0	0	0	0	0	0	0	0	0	0	0	0	0	0	0	0	0	0	0	0	0	0	0	0	0	0	0	0	0
0	6	5	12	0	12	0	0	0	0	1	2	0	57	0	22	0	1	15	1	10	2	0	0	40	0	114	28	59	0	0	0	21	0	2	0	0	0	14	0	20	0	11	224	0	0	3	0	1	0	95	0	3	13	3	4	0	3	0	119	0	0	0	278	107	14	88	203	0	141	3	0	0	0	0
0	2	1	219	1	1	66	0	0	0	68	0	0	7	0	0	0	6	62	2	0	6	0	0	5	0	0	12	15	0	0	0	10	0	0	0	0	0	0	0	426	0	127	10	0	0	0	0	29	0	0	0	8	3	6	0	0	3	0	0	0	0	0	0	0	21	17	37	0	1	3	0	0	0	0
