0	0	0	0	0	0	0	0	0	0	0	0	0	0	0	0	0	0	0	0	0	0	0	0	0	0	0	0	0	0	0	0	0	0	0	0	0	0	0	0	0	0	0	0	0	0	0	0	0	0	0	0	0	0	0	0	0	0	0	0	0	0	0	0	0	0	0	0	0	0	0	0	0	0	0
0	0	3	0	0	0	0	0	0	0	0	0	0	0	0	8	0	27	0	0	0	3	124	0	6	5	1	0	0	21	0	0	0	0	3	33	0	0	0	20	31	1	2	0	0	23	9	0	0	0	0	0	28	2	0	119	6	0	19	4	0	0	0	0	0	0	0	67	0	0	0	1	0	4	0
0	3	0	12	1	724	0	0	0	0	1	129	0	0	9	2	155	39	0	19	9	3	2	1	0	1	1	6	0	2	0	1	0	162	372	12	2	0	0	14	751	3	13	249	0	0	66	15	0	0	0	0	0	0	0	45	9	88	70	41	0	0	0	0	102	0	0	1	0	70	5	113	344	580	2
0	0	12	0	0	24	0	0	0	0	253	9	0	0	37	59	7	0	91	0	25	17	0	12	0	0	6	68	0	4	98	63	0	13	0	3	96	0	0	3	4	177	47	0	200	0	0	58	83	0	0	0	2	3	0	1	2	203	13	6	0	0	119	0	15	0	0	1	0	0	82	24	27	16	1
0	0	1	0	0	0	0	0	0	0	63	0	0	0	0	0	0	0	0	0	0	0	0	0	0	0	0	25	0	0	20	13	0	0	2	0	1	0	0	0	0	0	0	0	0	0	0	0	0	0	0	20	0	0	0	1	0	0	0	0	0	0	2	0	0	0	0	0	0	0	0	1	0	0	0
0	0	724	24	0	0	0	0	0	0	1	126	0	0	7	54	71	0	0	2	1	2	0	3	0	0	0	3	0	0	12	3	0	4	96	1	15	0	0	7	151	3	125	9	2	0	4	2	2	0	0	0	0	0	0	5	0	6	12	5	0	2	414	0	118	0	0	0	0	4	4	11	101	288	0
0	0	0	0	0	0	0	0	0	0	0	0	0	0	0	0	0	0	0	0	0	0	0	0	0	0	0	0	0	0	0	0	0	0	0	0	0	0	0	0	0	0	0	0	0	0	0	0	0	0	0	0	0	0	0	0	0	0	0	0	0	0	0	0	0	0	0	0	0	0	0	0	0	0	0
0	0	0	0	0	0	0	0	0	0	0	17	0	0	0	14	0	0	0	0	0	0	0	0	0	0	6	0	0	0	193	0	0	0	0	2	178	0	0	0	0	27	0	0	14	0	0	0	0	0	0	0	0	1	0	0	0	0	1	0	0	0	3	0	0	0	0	0	0	0	0	0	0	5	0
0	0	0	0	0	0	0	0	0	0	0	0	0	0	0	0	0	0	0	0	0	0	0	0	0	0	0	0	0	0	0	0	0	0	0	0	0	0	0	0	0	0	0	0	0	0	0	0	0	0	0	0	0	0	0	0	0	0	0	0	0	0	0	0	0	0	0	0	0	0	0	0	0	0	0
0	0	0	0	0	0	0	0	0	0	0	0	0	0	0	0	0	0	0	0	0	0	0	0	0	0	0	0	0	0	0	0	0	0	0	0	0	0	0	0	0	0	0	0	0	0	0	0	0	0	2	0	0	0	0	0	0	0	0	0	0	0	0	0	0	0	0	0	0	0	0	0	0	0	0
0	0	1	253	63	1	0	0	0	0	0	0	0	0	4	0	2	13	44	44	0	0	0	3	0	0	17	0	0	0	12	154	0	2	0	0	90	0	0	0	1	62	53	7	122	0	0	4	103	0	0	3	0	30	0	1	0	89	42	0	0	4	34	0	1	0	0	0	4	1	1	32	18	5	0
0	0	129	9	0	126	0	17	0	0	0	0	0	0	68	3	14	0	1	1	0	0	0	0	0	0	0	0	0	0	0	0	0	0	4	1	1	0	0	0	1	5	49	2	21	0	0	5	3	0	0	0	0	0	0	1	0	5	7	1	0	0	239	0	19	0	0	0	1	0	17	2	20	178	0
0	0	0	0	0	0	0	0	0	0	0	0	0	0	0	0	0	0	0	0	0	0	0	0	0	0	0	0	0	0	0	0	0	0	0	0	0	0	0	0	0	0	0	0	0	0	0	0	0	0	0	0	0	0	0	0	0	0	0	0	0	0	0	0	0	0	0	0	0	0	0	0	0	0	0
0	0	0	0	0	0	0	0	0	0	0	0	0	0	0	0	0	0	0	0	0	0	0	0	0	0	0	0	0	0	0	0	0	0	0	0	0	0	0	0	0	0	0	0	0	0	0	0	0	0	0	0	0	0	0	0	0	0	0	0	0	0	0	0	0	0	0	0	0	0	0	0	0	0	0
0	0	9	37	0	7	0	0	0	0	4	68	0	0	0	4	0	2	4	1	0	20	1	0	0	0	0	3	0	8	0	2	0	0	6	10	7	0	0	35	19	7	25	0	23	1	0	41	0	0	0	0	0	0	0	11	50	25	17	21	0	0	248	0	5	0	0	1	0	0	3	5	16	5	4
0	8	2	59	0	54	0	14	0	0	0	3	0	0	4	0	12	2	0	18	0	21	0	0	0	0	1	4	0	1	1	0	0	0	2	1	179	0	0	1	2	53	26	75	129	0	1	5	0	0	0	0	0	9	0	3	0	28	10	8	0	0	17	0	1	0	0	1	14	15	1	35	21	6	1
0	0	155	7	0	71	0	0	0	0	2	14	0	0	0	12	0	11	0	0	0	2	0	0	0	0	8	1	0	3	0	15	0	0	0	0	0	0	0	9	0	0	0	1	0	1	0	0	0	0	0	0	8	3	0	0	0	0	7	0	0	0	66	0	0	0	0	0	0	0	0	0	0	36	0
0	27	39	0	0	0	0	0	0	0	13	0	0	0	2	2	11	0	1	7	14	419	160	1	7	0	312	8	0	144	0	16	0	265	91	140	0	0	0	410	361	22	0	7	0	110	21	0	0	0	1	0	380	352	0	166	3	17	43	7	0	0	1	0	1	0	0	191	153	14	0	41	18	0	2
0	0	0	91	0	0	0	0	0	0	44	1	0	0	4	0	0	1	0	0	17	1	0	46	0	0	26	0	0	0	50	104	0	17	1	0	2	0	0	0	0	45	1	0	17	0	0	34	29	0	214	0	0	12	0	0	0	4	7	0	0	5	116	0	0	0	0	0	3	0	12	110	32	45	1
0	0	19	0	0	2	0	0	0	0	44	1	0	0	1	18	0	7	0	0	0	0	2	0	60	11	4	0	0	181	0	22	0	7	0	3	0	0	0	0	3	0	0	29	2	2	0	0	0	0	0	0	4	95	0	2	23	57	82	62	0	0	2	0	0	0	0	0	0	0	0	0	0	1	1
0	0	9	25	0	1	0	0	0	0	0	0	0	0	0	0	0	14	17	0	0	31	16	0	1	0	42	0	0	112	0	12	0	157	21	43	0	0	0	81	216	5	2	2	0	48	0	0	14	0	0	0	42	51	0	8	5	7	8	31	0	0	3	0	1	0	0	4	17	13	12	16	5	3	5
0	3	3	17	0	2	0	0	0	0	0	0	0	0	20	21	2	419	1	0	31	0	3	0	4	0	324	0	0	36	0	3	0	201	78	24	0	0	0	344	217	16	11	0	0	71	17	1	0	0	0	0	122	189	0	25	4	15	19	1	0	0	2	0	1	0	0	1	80	0	0	20	5	2	1
0	124	2	0	0	0	0	0	0	0	0	0	0	0	1	0	0	160	0	2	16	3	0	1	266	89	47	0	0	224	0	53	0	5	5	13	0	0	0	12	4	1	0	0	0	77	0	0	0	0	0	0	36	32	0	215	1	0	34	0	0	0	0	0	0	0	0	7	18	2	0	0	0	0	0
0	0	1	12	0	3	0	0	0	0	3	0	0	0	0	0	0	1	46	0	0	0	1	0	178	6	2	0	0	0	10	28	0	0	0	0	0	0	0	0	0	0	0	0	0	0	0	0	0	0	0	0	0	0	0	74	5	0	0	0	0	0	10	0	0	0	0	0	0	0	0	0	0	0	0
0	6	0	0	0	0	0	0	0	0	0	0	0	0	0	0	0	7	0	60	1	4	266	178	0	373	10	0	0	35	0	51	0	10	10	14	0	0	0	6	4	4	0	0	0	0	2	0	0	0	0	0	16	65	0	166	460	6	5	0	0	0	0	0	0	0	0	2	138	0	0	2	0	0	0
0	5	1	0	0	0	0	0	0	0	0	0	0	0	0	0	0	0	0	11	0	0	89	6	373	0	4	0	0	6	0	30	0	1	1	4	0	0	0	0	1	0	0	0	0	0	0	0	0	0	0	0	0	3	0	153	156	0	2	0	0	0	0	0	0	0	0	0	20	0	0	0	0	0	0
0	1	1	6	0	0	0	6	0	0	17	0	0	0	0	1	8	312	26	4	42	324	47	2	10	4	0	0	0	15	0	6	0	286	48	15	1	0	0	362	325	14	3	8	14	67	17	0	6	0	0	0	216	179	0	64	21	13	35	9	0	0	37	0	0	0	0	75	163	0	1	115	17	12	1
0	0	6	68	25	3	0	0	0	0	0	0	0	0	3	4	1	8	0	0	0	0	0	0	0	0	0	0	0	0	362	0	0	0	0	0	44	0	0	0	8	33	5	0	3	0	0	15	0	0	0	0	0	0	0	21	0	14	16	2	0	0	6	0	2	0	0	0	1	0	0	1	25	2	1
0	0	0	0	0	0	0	0	0	0	0	0	0	0	0	0	0	0	0	0	0	0	0	0	0	0	0	0	0	0	0	0	0	0	0	0	0	0	0	0	0	0	0	0	0	0	0	0	0	0	0	0	0	0	0	0	0	0	0	0	0	0	0	0	0	0	0	0	0	0	0	0	0	0	0
0	21	2	4	0	0	0	0	0	0	0	0	0	0	8	1	3	144	0	181	112	36	224	0	35	6	15	0	0	0	0	11	0	143	49	461	0	0	0	99	474	8	4	170	1	25	28	0	0	0	0	0	198	298	0	41	36	18	310	238	0	0	0	0	0	0	0	362	235	28	2	43	24	0	4
0	0	0	98	20	12	0	193	0	0	12	0	0	0	0	1	0	0	50	0	0	0	0	10	0	0	0	362	0	0	0	51	0	0	0	0	302	0	0	0	0	192	2	0	5	0	0	21	37	0	0	0	0	0	0	0	0	7	7	0	0	5	32	0	0	0	0	0	0	0	1	26	19	12	0
0	0	1	63	13	3	0	0	0	0	154	0	0	0	2	0	15	16	104	22	12	3	53	28	51	30	6	0	0	11	51	0	0	4	49	3	0	0	0	4	3	8	5	0	141	6	1	72	36	0	0	188	2	61	0	45	3	100	18	1	0	3	83	0	5	0	0	57	8	1	33	13	24	5	77
0	0	0	0	0	0	0	0	0	0	0	0	0	0	0	0	0	0	0	0	0	0	0	0	0	0	0	0	0	0	0	0	0	0	0	0	0	0	0	0	0	0	0	0	0	0	0	0	0	0	0	0	0	0	0	0	0	0	0	0	0	0	0	0	0	0	0	0	0	0	0	0	0	0	0
0	0	162	13	0	4	0	0	0	0	2	0	0	0	0	0	0	265	17	7	157	201	5	0	10	1	286	0	0	143	0	4	0	0	7	32	3	0	0	150	102	12	0	9	0	50	0	0	1	0	0	0	68	103	0	9	0	3	13	2	0	0	1	0	0	0	0	1	3	4	4	6	5	8	0
0	3	372	0	2	96	0	0	0	0	0	4	0	0	6	2	0	91	1	0	21	78	5	0	10	1	48	0	0	49	0	49	0	7	0	11	0	0	0	50	14	0	0	17	0	46	0	0	0	0	0	0	72	50	0	20	2	4	171	0	0	0	1	0	0	0	0	0	0	0	0	0	0	186	0
0	33	12	3	0	1	0	2	0	0	0	1	0	0	10	1	0	140	0	3	43	24	13	0	14	4	15	0	0	461	0	3	0	32	11	0	0	0	0	43	59	2	0	35	2	40	12	0	0	0	0	0	71	96	0	7	31	5	231	59	0	0	20	0	0	0	0	18	6	1	0	5	1	4	0
0	0	2	96	1	15	0	178	0	0	90	1	0	0	7	179	0	0	2	0	0	0	0	0	0	0	1	44	0	0	302	0	0	3	0	0	0	0	0	0	0	270	110	0	223	0	0	1	6	0	0	0	0	0	0	0	0	5	4	8	0	1	5	0	0	0	0	0	0	0	0	1	2	20	0
0	0	0	0	0	0	0	0	0	0	0	0	0	0	0	0	0	0	0	0	0	0	0	0	0	0	0	0	0	0	0	0	0	0	0	0	0	0	0	0	0	0	0	0	0	0	0	0	0	0	0	0	0	0	0	0	0	0	0	0	0	0	0	0	0	0	0	0	0	0	0	0	0	0	0
0	0	0	0	0	0	0	0	0	0	0	0	0	0	0	0	0	0	0	0	0	0	0	0	0	0	0	0	0	0	0	0	0	0	0	0	0	0	0	0	0	0	0	0	0	0	0	0	0	0	0	0	0	0	0	0	0	0	0	0	0	0	0	0	0	0	0	0	0	0	0	0	0	0	0
0	20	14	3	0	7	0	0	0	0	0	0	0	0	35	1	9	410	0	0	81	344	12	0	6	0	362	0	0	99	0	4	0	150	50	43	0	0	0	0	153	21	0	1	0	104	1	0	0	0	0	0	210	263	0	36	6	9	28	1	0	0	1	0	1	0	0	0	41	1	0	8	4	4	1
0	31	751	4	0	151	0	0	0	0	1	1	0	0	19	2	0	361	0	3	216	217	4	0	4	1	325	8	0	474	0	3	0	102	14	59	0	0	0	153	0	2	0	33	1	104	13	0	0	0	0	0	65	194	0	46	8	8	37	39	0	0	2	0	0	0	0	0	20	2	0	30	15	5	2
0	1	3	177	0	3	0	27	0	0	62	5	0	0	7	53	0	22	45	0	5	16	1	0	4	0	14	33	0	8	192	8	0	12	0	2	270	0	0	21	2	0	0	7	94	30	0	0	0	0	0	0	19	16	0	1	2	4	35	0	0	0	69	0	0	0	0	0	0	0	0	0	0	22	0
0	2	13	47	0	125	0	0	0	0	53	49	0	0	25	26	0	0	1	0	2	11	0	0	0	0	3	5	0	4	2	5	0	0	0	0	110	0	0	0	0	0	0	9	8	0	0	0	0	0	0	0	1	0	0	0	0	13	109	109	0	0	172	0	0	0	0	1	0	0	0	1	0	47	0
0	0	249	0	0	9	0	0	0	0	7	2	0	0	0	75	1	7	0	29	2	0	0	0	0	0	8	0	0	170	0	0	0	9	17	35	0	0	0	1	33	7	9	0	0	0	0	2	0	0	0	0	1	2	0	8	4	39	324	48	0	0	5	0	0	0	0	32	3	16	4	2	2	2	0
0	0	0	200	0	2	0	14	0	0	122	21	0	0	23	129	0	0	17	2	0	0	0	0	0	0	14	3	0	1	5	141	0	0	0	2	223	0	0	0	1	94	8	0	0	0	0	0	2	0	0	0	0	83	0	6	0	5	77	0	0	0	94	0	0	0	0	0	0	0	3	0	2	24	1
0	23	0	0	0	0	0	0	0	0	0	0	0	0	1	0	1	110	0	2	48	71	77	0	0	0	67	0	0	25	0	6	0	50	46	40	0	0	0	104	104	30	0	0	0	0	0	0	0	0	0	0	114	39	0	85	19	7	8	0	0	0	0	0	0	0	0	44	54	19	1	7	4	0	0
0	9	66	0	0	4	0	0	0	0	0	0	0	0	0	1	0	21	0	0	0	17	0	0	2	0	17	0	0	28	0	1	0	0	0	12	0	0	0	1	13	0	0	0	0	0	0	0	0	0	0	0	0	0	0	0	3	3	7	40	0	0	0	0	0	0	0	0	0	0	0	0	0	10	0
0	0	15	58	0	2	0	0	0	0	4	5	0	0	41	5	0	0	34	0	0	1	0	0	0	0	0	15	0	0	21	72	0	0	0	0	1	0	0	0	0	0	0	2	0	0	0	0	0	0	0	0	0	0	0	0	0	2	7	44	0	0	13	0	0	0	0	0	0	0	0	0	0	21	0
0	0	0	83	0	2	0	0	0	0	103	3	0	0	0	0	0	0	29	0	14	0	0	0	0	0	6	0	0	0	37	36	0	1	0	0	6	0	0	0	0	0	0	0	2	0	0	0	0	0	0	0	0	1	0	0	1	43	9	0	0	0	21	0	0	0	0	0	1	0	0	0	0	13	0
0	0	0	0	0	0	0	0	0	0	0	0	0	0	0	0	0	0	0	0	0	0	0	0	0	0	0	0	0	0	0	0	0	0	0	0	0	0	0	0	0	0	0	0	0	0	0	0	0	0	0	0	0	0	0	0	0	0	0	0	0	0	0	0	0	0	0	0	0	0	0	0	0	0	0
0	0	0	0	0	0	0	0	0	2	0	0	0	0	0	0	0	1	214	0	0	0	0	0	0	0	0	0	0	0	0	0	0	0	0	0	0	0	0	0	0	0	0	0	0	0	0	0	0	0	0	0	0	0	0	0	0	0	0	0	0	0	0	0	0	0	0	0	0	0	0	0	0	0	0
0	0	0	0	20	0	0	0	0	0	3	0	0	0	0	0	0	0	0	0	0	0	0	0	0	0	0	0	0	0	0	188	0	0	0	0	0	0	0	0	0	0	0	0	0	0	0	0	0	0	0	0	0	0	0	0	0	0	0	0	0	0	0	0	0	0	0	0	0	0	0	0	0	0	0
0	28	0	2	0	0	0	0	0	0	0	0	0	0	0	0	8	380	0	4	42	122	36	0	16	0	216	0	0	198	0	2	0	68	72	71	0	0	0	210	65	19	1	1	0	114	0	0	0	0	0	0	0	355	0	65	1	10	19	0	0	0	1	0	0	0	0	98	14	1	0	1	5	0	1
0	2	0	3	0	0	0	1	0	0	30	0	0	0	0	9	3	352	12	95	51	189	32	0	65	3	179	0	0	298	0	61	0	103	50	96	0	0	0	263	194	16	0	2	83	39	0	0	1	0	0	0	355	0	0	106	4	56	67	0	0	0	0	0	1	0	0	86	88	10	32	4	11	1	88
0	0	0	0	0	0	0	0	0	0	0	0	0	0	0	0	0	0	0	0	0	0	0	0	0	0	0	0	0	0	0	0	0	0	0	0	0	0	0	0	0	0	0	0	0	0	0	0	0	0	0	0	0	0	0	0	0	0	0	0	0	0	0	0	0	0	0	0	0	0	0	0	0	0	0
0	119	45	1	1	5	0	0	0	0	1	1	0	0	11	3	0	166	0	2	8	25	215	74	166	153	64	21	0	41	0	45	0	9	20	7	0	0	0	36	46	1	0	8	6	85	0	0	0	0	0	0	65	106	0	0	195	6	49	2	0	0	28	0	1	0	0	26	41	2	0	1	7	13	0
0	6	9	2	0	0	0	0	0	0	0	0	0	0	50	0	0	3	0	23	5	4	1	5	460	156	21	0	0	36	0	3	0	0	2	31	0	0	0	6	8	2	0	4	0	19	3	0	1	0	0	0	1	4	0	195	0	44	36	16	0	0	0	0	0	0	0	1	2	0	31	0	2	1	2
0	0	88	203	0	6	0	0	0	0	89	5	0	0	25	28	0	17	4	57	7	15	0	0	6	0	13	14	0	18	7	100	0	3	4	5	5	0	0	9	8	4	13	39	5	7	3	2	43	0	0	0	10	56	0	6	44	0	62	25	0	0	67	0	1	0	0	5	1	2	10	3	8	10	14
0	19	70	13	0	12	0	1	0	0	42	7	0	0	17	10	7	43	7	82	8	19	34	0	5	2	35	16	0	310	7	18	0	13	171	231	4	0	0	28	37	35	109	324	77	8	7	7	9	0	0	0	19	67	0	49	36	62	0	279	0	0	83	0	3	0	0	261	11	59	1	5	49	9	137
0	4	41	6	0	5	0	0	0	0	0	1	0	0	21	8	0	7	0	62	31	1	0	0	0	0	9	2	0	238	0	1	0	2	0	59	8	0	0	1	39	0	109	48	0	0	40	44	0	0	0	0	0	0	0	2	16	25	279	0	0	0	3	0	4	0	0	198	0	4	51	8	24	18	0
0	0	0	0	0	0	0	0	0	0	0	0	0	0	0	0	0	0	0	0	0	0	0	0	0	0	0	0	0	0	0	0	0	0	0	0	0	0	0	0	0	0	0	0	0	0	0	0	0	0	0	0	0	0	0	0	0	0	0	0	0	0	0	0	0	0	0	0	0	0	0	0	0	0	0
0	0	0	0	0	2	0	0	0	0	4	0	0	0	0	0	0	0	5	0	0	0	0	0	0	0	0	0	0	0	5	3	0	0	0	0	1	0	0	0	0	0	0	0	0	0	0	0	0	0	0	0	0	0	0	0	0	0	0	0	0	0	0	0	0	0	0	0	0	0	0	0	0	0	0
0	0	0	119	2	414	0	3	0	0	34	239	0	0	248	17	66	1	116	2	3	2	0	10	0	0	37	6	0	0	32	83	0	1	1	20	5	0	0	1	2	69	172	5	94	0	0	13	21	0	0	0	1	0	0	28	0	67	83	3	0	0	0	0	5	0	0	0	36	0	13	63	93	291	20
0	0	0	0	0	0	0	0	0	0	0	0	0	0	0	0	0	0	0	0	0	0	0	0	0	0	0	0	0	0	0	0	0	0	0	0	0	0	0	0	0	0	0	0	0	0	0	0	0	0	0	0	0	0	0	0	0	0	0	0	0	0	0	0	0	0	0	0	0	0	0	0	0	0	0
0	0	102	15	0	118	0	0	0	0	1	19	0	0	5	1	0	1	0	0	1	1	0	0	0	0	0	2	0	0	0	5	0	0	0	0	0	0	0	1	0	0	0	0	0	0	0	0	0	0	0	0	0	1	0	1	0	1	3	4	0	0	5	0	0	0	0	0	0	0	0	0	0	74	0
0	0	0	0	0	0	0	0	0	0	0	0	0	0	0	0	0	0	0	0	0	0	0	0	0	0	0	0	0	0	0	0	0	0	0	0	0	0	0	0	0	0	0	0	0	0	0	0	0	0	0	0	0	0	0	0	0	0	0	0	0	0	0	0	0	0	0	0	0	0	0	0	0	0	0
0	0	0	0	0	0	0	0	0	0	0	0	0	0	0	0	0	0	0	0	0	0	0	0	0	0	0	0	0	0	0	0	0	0	0	0	0	0	0	0	0	0	0	0	0	0	0	0	0	0	0	0	0	0	0	0	0	0	0	0	0	0	0	0	0	0	0	0	0	0	0	0	0	0	0
0	67	1	1	0	0	0	0	0	0	0	0	0	0	1	1	0	191	0	0	4	1	7	0	2	0	75	0	0	362	0	57	0	1	0	18	0	0	0	0	0	0	1	32	0	44	0	0	0	0	0	0	98	86	0	26	1	5	261	198	0	0	0	0	0	0	0	0	0	0	0	0	0	1	0
0	0	0	0	0	0	0	0	0	0	4	1	0	0	0	14	0	153	3	0	17	80	18	0	138	20	163	1	0	235	0	8	0	3	0	6	0	0	0	41	20	0	0	3	0	54	0	0	1	0	0	0	14	88	0	41	2	1	11	0	0	0	36	0	0	0	0	0	0	0	0	1	1	0	0
0	0	70	0	0	4	0	0	0	0	1	0	0	0	0	15	0	14	0	0	13	0	2	0	0	0	0	0	0	28	0	1	0	4	0	1	0	0	0	1	2	0	0	16	0	19	0	0	0	0	0	0	1	10	0	2	0	2	59	4	0	0	0	0	0	0	0	0	0	0	0	0	0	3	0
0	0	5	82	0	4	0	0	0	0	1	17	0	0	3	1	0	0	12	0	12	0	0	0	0	0	1	0	0	2	1	33	0	4	0	0	0	0	0	0	0	0	0	4	3	1	0	0	0	0	0	0	0	32	0	0	31	10	1	51	0	0	13	0	0	0	0	0	0	0	0	0	0	5	0
0	1	113	24	1	11	0	0	0	0	32	2	0	0	5	35	0	41	110	0	16	20	0	0	2	0	115	1	0	43	26	13	0	6	0	5	1	0	0	8	30	0	1	2	0	7	0	0	0	0	0	0	1	4	0	1	0	3	5	8	0	0	63	0	0	0	0	0	1	0	0	0	0	30	0
0	0	344	27	0	101	0	0	0	0	18	20	0	0	16	21	0	18	32	0	5	5	0	0	0	0	17	25	0	24	19	24	0	5	0	1	2	0	0	4	15	0	0	2	2	4	0	0	0	0	0	0	5	11	0	7	2	8	49	24	0	0	93	0	0	0	0	0	1	0	0	0	0	77	0
0	4	580	16	0	288	0	5	0	0	5	178	0	0	5	6	36	0	45	1	3	2	0	0	0	0	12	2	0	0	12	5	0	8	186	4	20	0	0	4	5	22	47	2	24	0	10	21	13	0	0	0	0	1	0	13	1	10	9	18	0	0	291	0	74	0	0	1	0	3	5	30	77	0	0
0	0	2	1	0	0	0	0	0	0	0	0	0	0	4	1	0	2	1	1	5	1	0	0	0	0	1	1	0	4	0	77	0	0	0	0	0	0	0	1	2	0	0	0	1	0	0	0	0	0	0	0	1	88	0	0	2	14	137	0	0	0	20	0	0	0	0	0	0	0	0	0	0	0	0
