0	0	0	0	0	0	0	0	0	0	0	0	0	0	0	0	0	0	0	0	0	0	0	0	0	0	0	0	0	0	0	0	0	0	0	0	0	0	0	0	0	0	0	0	0	0	0	0	0	0	0	0	0	0	0	0	0	0	0	0	0	0	0	0	0	0	0	0	0	0	0	0	0	0	0
0	0	0	0	0	0	0	0	0	0	0	0	0	0	0	8	0	8	0	14	0	1	104	0	107	0	3	0	0	4	0	0	0	0	0	82	16	0	0	9	11	1	2	0	0	87	2	0	0	0	0	0	14	1	0	88	2	0	9	0	0	0	0	0	1	0	0	77	136	0	0	1	0	0	6
0	0	0	4	0	689	0	0	104	0	1	288	0	0	3	0	155	36	0	3	23	1	1	1	0	0	3	5	0	2	0	0	0	160	415	9	3	0	0	12	641	3	13	119	0	0	93	1	0	0	0	0	0	10	0	44	4	104	35	46	0	1	0	0	148	0	0	0	0	70	5	310	303	719	2
0	0	4	0	0	35	0	1	0	0	276	20	0	0	61	123	9	0	91	0	54	14	0	12	0	0	6	81	0	4	84	63	0	13	0	2	86	0	0	0	2	261	49	7	195	0	0	43	83	0	0	0	2	3	0	0	2	173	6	17	0	27	178	0	15	0	0	1	0	3	86	24	41	21	0
0	0	0	0	0	0	0	0	0	0	20	0	0	0	0	2	0	0	0	0	0	0	0	0	1	0	0	0	0	0	0	0	0	0	3	0	1	0	0	0	0	0	0	0	0	0	0	0	0	0	0	0	0	0	0	0	0	0	0	0	0	0	0	0	0	0	0	0	0	0	0	1	0	0	2
0	0	689	35	0	0	0	0	0	0	1	197	0	0	8	49	58	0	0	0	1	1	0	3	0	0	0	3	0	0	12	3	0	0	89	1	15	0	0	0	131	4	126	4	1	0	0	2	2	0	0	0	0	0	0	0	0	5	7	1	0	2	431	0	115	0	0	0	0	4	4	1	90	323	0
0	0	0	0	0	0	0	0	0	0	0	0	0	0	0	0	0	0	0	0	0	0	0	0	0	0	0	0	0	0	0	0	0	0	0	0	0	0	0	0	0	0	0	0	0	0	0	0	0	0	0	0	0	0	0	0	0	0	0	0	0	0	0	0	0	0	0	0	0	0	0	0	0	0	0
0	0	0	1	0	0	0	0	0	0	0	1	0	0	0	1	0	1	0	0	0	0	0	0	0	0	9	0	0	0	127	0	0	0	0	0	124	0	0	0	0	114	0	0	54	0	0	0	0	0	0	0	0	1	0	0	0	0	1	0	0	0	4	0	0	0	0	0	0	0	0	0	0	1	0
0	0	104	0	0	0	0	0	0	0	0	0	0	0	0	0	0	10	0	0	0	47	0	0	0	0	0	0	0	0	0	0	0	1	0	2	0	0	0	0	26	0	0	1	0	0	0	0	0	0	0	0	0	1	0	0	0	0	9	4	0	0	1	0	0	0	0	0	0	0	0	0	0	0	0
0	0	0	0	0	0	0	0	0	0	0	0	0	0	0	0	0	0	0	0	0	0	0	0	0	0	0	0	0	0	0	0	0	0	0	0	0	0	0	0	0	0	0	0	0	0	0	0	0	0	2	0	0	0	0	0	0	0	0	0	0	0	0	0	0	0	0	0	0	0	0	0	0	0	0
0	0	1	276	20	1	0	0	0	0	0	0	0	0	8	138	2	13	44	48	0	0	0	3	0	0	17	4	0	0	12	152	0	2	0	0	91	0	0	0	1	75	54	7	168	5	0	4	123	0	0	0	0	30	0	2	0	101	42	0	0	4	60	0	1	0	0	0	4	1	34	32	18	6	0
0	0	288	20	0	197	0	1	0	0	0	0	0	0	228	3	32	7	1	0	1	0	0	0	0	0	0	0	0	0	0	0	0	0	28	0	1	0	0	0	1	7	80	6	5	0	0	5	3	0	0	0	0	0	0	1	0	0	6	36	0	63	485	0	34	0	0	0	1	20	22	1	49	388	0
0	0	0	0	0	0	0	0	0	0	0	0	0	0	0	0	0	0	0	0	0	0	0	0	0	0	0	0	0	0	0	0	0	0	0	0	0	0	0	0	0	0	0	0	0	0	0	0	0	0	0	0	0	0	0	0	0	0	0	0	0	0	0	0	0	0	0	0	0	0	0	0	0	0	0
0	0	0	0	0	0	0	0	0	0	0	0	0	0	0	0	0	0	0	0	0	0	0	0	0	0	0	0	0	0	0	0	0	0	0	0	0	0	0	0	0	0	0	0	0	0	0	0	0	0	0	0	0	0	0	0	0	0	0	0	0	0	0	0	0	0	0	0	0	0	0	0	0	0	0
0	0	3	61	0	8	0	0	0	0	8	228	0	0	0	3	0	3	4	0	0	10	1	0	0	0	0	3	0	0	0	1	0	0	0	0	9	0	0	17	3	13	49	4	6	33	0	23	0	0	0	0	0	0	0	1	29	18	4	11	0	141	530	0	6	0	0	1	0	0	0	4	31	26	4
0	8	0	123	2	49	0	1	0	0	138	3	0	0	3	0	11	1	0	56	0	2	0	0	1	0	0	4	0	0	0	0	0	0	1	0	1	0	0	0	0	10	156	0	139	0	0	4	26	0	0	0	0	0	0	0	0	79	18	7	0	0	14	0	1	0	0	1	14	58	21	31	14	4	0
0	0	155	9	0	58	0	0	0	0	2	32	0	0	0	11	0	11	0	0	0	2	0	0	0	0	11	1	0	3	0	15	0	0	0	0	0	0	0	9	4	1	0	1	0	2	0	0	0	0	0	0	8	3	0	0	0	0	8	0	0	0	81	0	0	0	0	0	0	0	0	0	0	50	0
0	8	36	0	0	0	0	1	10	0	13	7	0	0	3	1	11	0	1	2	25	449	155	2	7	1	358	9	0	109	0	16	0	255	62	108	0	0	0	239	412	35	0	8	1	196	27	12	0	0	0	0	176	317	0	201	2	17	46	5	0	30	90	0	1	0	0	114	160	15	3	134	28	3	3
0	0	0	91	0	0	0	0	0	0	44	1	0	0	4	0	0	1	0	0	17	1	0	46	0	0	26	0	0	0	50	104	0	17	1	0	2	0	0	0	0	45	1	0	17	0	0	34	29	0	284	0	0	12	0	0	0	4	7	0	0	5	116	0	0	0	0	0	3	0	12	110	32	45	1
0	14	3	0	0	0	0	0	0	0	48	0	0	0	0	56	0	2	0	0	0	0	12	0	82	11	3	0	0	156	0	30	0	1	0	48	0	0	0	0	0	0	0	25	0	25	0	0	0	0	0	0	0	141	0	2	26	57	120	108	0	0	0	0	0	0	0	0	0	0	5	0	0	1	1
0	0	23	54	0	1	0	0	0	0	0	1	0	0	0	0	0	25	17	0	0	32	16	0	1	0	42	0	0	122	0	12	0	159	21	45	0	0	0	81	241	5	2	2	0	58	0	0	14	0	0	0	42	51	0	10	2	10	8	36	0	0	4	0	1	0	0	5	17	13	6	17	9	3	5
0	1	1	14	0	1	0	0	47	0	0	0	0	0	10	2	2	449	1	0	32	0	3	0	8	0	381	0	0	29	0	0	0	182	127	30	0	0	0	145	232	11	12	1	0	125	0	11	0	0	0	0	45	146	0	25	2	16	3	1	0	0	0	0	1	0	0	1	80	0	1	91	4	2	1
0	104	1	0	0	0	0	0	0	0	0	0	0	0	1	0	0	155	0	12	16	3	0	1	383	92	66	0	0	208	0	89	0	4	6	42	0	0	0	12	18	2	0	0	0	119	0	0	0	0	0	0	26	53	0	153	3	0	52	5	0	0	1	0	0	0	0	15	32	2	0	0	0	0	1
0	0	1	12	0	3	0	0	0	0	3	0	0	0	0	0	0	2	46	0	0	0	1	0	442	8	2	0	0	0	10	28	0	0	0	0	0	0	0	0	0	0	0	0	0	0	0	0	0	0	0	0	4	0	0	74	12	0	0	0	0	0	10	0	0	0	0	0	0	0	0	0	0	0	0
0	107	0	0	1	0	0	0	0	0	0	0	0	0	0	1	0	7	0	82	1	8	383	442	0	544	10	0	0	40	0	52	0	12	14	74	0	0	0	6	4	4	0	0	0	8	2	0	0	0	0	0	16	91	0	210	575	6	6	0	0	0	0	0	0	0	0	4	418	0	0	6	0	0	0
0	0	0	0	0	0	0	0	0	0	0	0	0	0	0	0	0	1	0	11	0	0	92	8	544	0	5	0	0	11	0	30	0	1	1	4	0	0	0	0	1	0	0	0	0	0	0	0	0	0	0	0	0	3	0	153	164	0	1	0	0	0	0	0	0	0	0	0	22	0	0	0	0	0	0
0	3	3	6	0	0	0	9	0	0	17	0	0	0	0	0	11	358	26	3	42	381	66	2	10	5	0	0	0	18	0	4	0	313	67	40	1	0	0	224	340	14	4	5	16	133	7	1	6	0	0	0	146	125	0	112	23	11	7	2	0	1	37	0	0	0	0	55	174	0	3	134	14	12	2
0	0	5	81	0	3	0	0	0	0	4	0	0	0	3	4	1	9	0	0	0	0	0	0	0	0	0	0	0	0	43	0	0	0	0	0	1	0	0	0	8	156	6	1	1	0	0	12	4	0	0	0	0	0	0	20	0	9	5	2	0	0	3	0	2	0	0	0	1	0	0	1	25	1	1
0	0	0	0	0	0	0	0	0	0	0	0	0	0	0	0	0	0	0	0	0	0	0	0	0	0	0	0	0	0	0	0	0	0	0	0	0	0	0	0	0	0	0	0	0	0	0	0	0	0	0	0	0	0	0	0	0	0	0	0	0	0	0	0	0	0	0	0	0	0	0	0	0	0	0
0	4	2	4	0	0	0	0	0	0	0	0	0	0	0	0	3	109	0	156	122	29	208	0	40	11	18	0	0	0	0	6	0	121	39	370	0	0	0	82	409	6	4	108	1	30	17	0	0	0	0	0	157	291	0	40	6	12	198	130	0	0	0	0	0	0	0	326	252	28	4	45	13	0	4
0	0	0	84	0	12	0	127	0	0	12	0	0	0	0	0	0	0	50	0	0	0	0	10	0	0	0	43	0	0	0	51	0	0	0	0	119	0	0	0	0	88	2	0	1	0	0	21	37	0	0	0	0	0	0	0	0	4	5	0	0	5	32	0	0	0	0	0	0	0	0	26	17	12	0
0	0	0	63	0	3	0	0	0	0	152	0	0	0	1	0	15	16	104	30	12	0	89	28	52	30	4	0	0	6	51	0	0	4	27	2	0	0	0	4	2	8	5	0	160	22	1	73	36	0	0	0	2	184	0	50	2	89	15	1	0	4	85	0	5	0	0	76	8	1	74	13	23	5	119
0	0	0	0	0	0	0	0	0	0	0	0	0	0	0	0	0	0	0	0	0	0	0	0	0	0	0	0	0	0	0	0	0	0	0	0	0	0	0	0	0	0	0	0	0	0	0	0	0	0	0	0	0	0	0	0	0	0	0	0	0	0	0	0	0	0	0	0	0	0	0	0	0	0	0
0	0	160	13	0	0	0	0	1	0	2	0	0	0	0	0	0	255	17	1	159	182	4	0	12	1	313	0	0	121	0	4	0	0	2	15	3	0	0	85	99	10	1	7	0	59	0	1	1	0	0	0	11	92	0	9	0	3	15	3	0	0	1	0	0	0	0	0	3	4	4	13	6	7	0
0	0	415	0	3	89	0	0	0	0	0	28	0	0	0	1	0	62	1	0	21	127	6	0	14	1	67	0	0	39	0	27	0	2	0	6	0	0	0	22	46	0	0	13	0	60	0	0	0	0	0	0	15	168	0	18	1	4	152	18	0	0	1	0	0	0	0	0	0	0	0	0	0	272	0
0	82	9	2	0	1	0	0	2	0	0	0	0	0	0	0	0	108	0	48	45	30	42	0	74	4	40	0	0	370	0	2	0	15	6	0	0	0	0	11	207	0	0	23	0	59	1	2	0	0	0	0	30	103	0	13	16	2	209	92	0	0	0	0	0	0	0	49	62	1	1	20	0	0	0
0	16	3	86	1	15	0	124	0	0	91	1	0	0	9	1	0	0	2	0	0	0	0	0	0	0	1	1	0	0	119	0	0	3	0	0	0	0	0	0	0	204	118	0	165	0	0	0	6	0	0	0	0	0	0	0	0	3	1	1	0	1	10	0	0	0	0	0	0	0	1	0	1	9	0
0	0	0	0	0	0	0	0	0	0	0	0	0	0	0	0	0	0	0	0	0	0	0	0	0	0	0	0	0	0	0	0	0	0	0	0	0	0	0	0	0	0	0	0	0	0	0	0	0	0	0	0	0	0	0	0	0	0	0	0	0	0	0	0	0	0	0	0	0	0	0	0	0	0	0
0	0	0	0	0	0	0	0	0	0	0	0	0	0	0	0	0	0	0	0	0	0	0	0	0	0	0	0	0	0	0	0	0	0	0	0	0	0	0	0	0	0	0	0	0	0	0	0	0	0	0	0	0	0	0	0	0	0	0	0	0	0	0	0	0	0	0	0	0	0	0	0	0	0	0
0	9	12	0	0	0	0	0	0	0	0	0	0	0	17	0	9	239	0	0	81	145	12	0	6	0	224	0	0	82	0	4	0	85	22	11	0	0	0	0	86	18	0	1	0	104	1	0	0	0	0	0	100	233	0	29	2	5	16	0	0	0	0	0	1	0	0	0	41	1	0	8	3	4	1
0	11	641	2	0	131	0	0	26	0	1	1	0	0	3	0	4	412	0	0	241	232	18	0	4	1	340	8	0	409	0	2	0	99	46	207	0	0	0	86	0	0	0	26	0	245	16	10	0	0	0	0	26	225	0	103	2	17	22	44	0	0	0	0	0	0	0	2	20	2	2	142	30	5	2
0	1	3	261	0	4	0	114	0	0	75	7	0	0	13	10	1	35	45	0	5	11	2	0	4	0	14	156	0	6	88	8	0	10	0	0	204	0	0	18	0	0	0	7	175	68	1	1	23	0	0	0	15	16	0	1	1	2	33	0	0	5	92	0	0	0	0	0	0	0	0	0	2	12	1
0	2	13	49	0	126	0	0	0	0	54	80	0	0	49	156	0	0	1	0	2	12	0	0	0	0	4	6	0	4	2	5	0	1	0	0	118	0	0	0	0	0	0	10	133	0	0	53	0	0	0	0	1	0	0	0	0	12	184	258	0	0	204	0	0	0	0	33	0	9	0	1	0	66	0
0	0	119	7	0	4	0	0	1	0	7	6	0	0	4	0	1	8	0	25	2	1	0	0	0	0	5	1	0	108	0	0	0	7	13	23	0	0	0	1	26	7	10	0	5	0	0	3	0	0	0	0	0	1	0	5	0	38	167	35	0	4	10	0	1	0	0	28	3	19	4	1	2	2	0
0	0	0	195	0	1	0	54	0	0	168	5	0	0	6	139	0	1	17	0	0	0	0	0	0	0	16	1	0	1	1	160	0	0	0	0	165	0	0	0	0	175	133	5	0	0	0	0	3	0	0	0	0	101	0	1	0	2	81	0	0	0	21	0	0	0	0	0	0	0	0	0	3	14	1
0	87	0	0	0	0	0	0	0	0	5	0	0	0	33	0	2	196	0	25	58	125	119	0	8	0	133	0	0	30	0	22	0	59	60	59	0	0	0	104	245	68	0	0	0	0	0	2	0	0	0	0	114	42	0	162	36	23	8	0	0	16	3	0	0	0	0	52	56	19	3	42	12	0	2
0	2	93	0	0	0	0	0	0	0	0	0	0	0	0	0	0	27	0	0	0	0	0	0	2	0	7	0	0	17	0	1	0	0	0	1	0	0	0	1	16	1	0	0	0	0	0	0	0	0	0	0	0	10	0	0	0	3	0	40	0	0	5	0	0	0	0	0	0	0	0	0	0	21	0
0	0	1	43	0	2	0	0	0	0	4	5	0	0	23	4	0	12	34	0	0	11	0	0	0	0	1	12	0	0	21	73	0	1	0	2	0	0	0	0	10	1	53	3	0	2	0	0	0	0	0	0	0	0	0	1	0	1	3	118	0	0	21	0	0	0	0	0	0	0	1	0	0	2	0
0	0	0	83	0	2	0	0	0	0	123	3	0	0	0	26	0	0	29	0	14	0	0	0	0	0	6	4	0	0	37	36	0	1	0	0	6	0	0	0	0	23	0	0	3	0	0	0	0	0	0	0	0	1	0	0	1	43	9	0	0	0	21	0	0	0	0	0	1	0	0	0	0	13	0
0	0	0	0	0	0	0	0	0	0	0	0	0	0	0	0	0	0	0	0	0	0	0	0	0	0	0	0	0	0	0	0	0	0	0	0	0	0	0	0	0	0	0	0	0	0	0	0	0	0	0	0	0	0	0	0	0	0	0	0	0	0	0	0	0	0	0	0	0	0	0	0	0	0	0
0	0	0	0	0	0	0	0	0	2	0	0	0	0	0	0	0	0	284	0	0	0	0	0	0	0	0	0	0	0	0	0	0	0	0	0	0	0	0	0	0	0	0	0	0	0	0	0	0	0	0	0	0	0	0	0	0	0	0	0	0	0	0	0	0	0	0	0	0	0	0	0	0	0	0
0	0	0	0	0	0	0	0	0	0	0	0	0	0	0	0	0	0	0	0	0	0	0	0	0	0	0	0	0	0	0	0	0	0	0	0	0	0	0	0	0	0	0	0	0	0	0	0	0	0	0	0	0	0	0	0	0	0	0	0	0	0	0	0	0	0	0	0	0	0	0	0	0	0	0
0	14	0	2	0	0	0	0	0	0	0	0	0	0	0	0	8	176	0	0	42	45	26	4	16	0	146	0	0	157	0	2	0	11	15	30	0	0	0	100	26	15	1	0	0	114	0	0	0	0	0	0	0	285	0	58	13	0	12	0	0	0	0	0	0	0	0	28	31	1	0	1	2	0	1
0	1	10	3	0	0	0	1	1	0	30	0	0	0	0	0	3	317	12	141	51	146	53	0	91	3	125	0	0	291	0	184	0	92	168	103	0	0	0	233	225	16	0	1	101	42	10	0	1	0	0	0	285	0	0	107	3	62	189	1	0	0	1	0	1	0	0	203	89	10	84	31	11	1	117
0	0	0	0	0	0	0	0	0	0	0	0	0	0	0	0	0	0	0	0	0	0	0	0	0	0	0	0	0	0	0	0	0	0	0	0	0	0	0	0	0	0	0	0	0	0	0	0	0	0	0	0	0	0	0	0	0	0	0	0	0	0	0	0	0	0	0	0	0	0	0	0	0	0	0
0	88	44	0	0	0	0	0	0	0	2	1	0	0	1	0	0	201	0	2	10	25	153	74	210	153	112	20	0	40	0	50	0	9	18	13	0	0	0	29	103	1	0	5	1	162	0	1	0	0	0	0	58	107	0	0	158	5	55	0	0	0	0	0	1	0	0	29	43	2	0	1	4	2	0
0	2	4	2	0	0	0	0	0	0	0	0	0	0	29	0	0	2	0	26	2	2	3	12	575	164	23	0	0	6	0	2	0	0	1	16	0	0	0	2	2	1	0	0	0	36	0	0	1	0	0	0	13	3	0	158	0	40	1	10	0	0	0	0	0	0	0	0	2	0	28	0	1	1	0
0	0	104	173	0	5	0	0	0	0	101	0	0	0	18	79	0	17	4	57	10	16	0	0	6	0	11	9	0	12	4	89	0	3	4	2	3	0	0	5	17	2	12	38	2	23	3	1	43	0	0	0	0	62	0	5	40	0	102	89	0	0	61	0	1	0	0	3	1	2	4	2	4	5	16
0	9	35	6	0	7	0	1	9	0	42	6	0	0	4	18	8	46	7	120	8	3	52	0	6	1	7	5	0	198	5	15	0	15	152	209	1	0	0	16	22	33	184	167	81	8	0	3	9	0	0	0	12	189	0	55	1	102	0	384	0	0	84	0	3	0	0	229	13	61	9	27	22	9	111
0	0	46	17	0	1	0	0	4	0	0	36	0	0	11	7	0	5	0	108	36	1	5	0	0	0	2	2	0	130	0	1	0	3	18	92	1	0	0	0	44	0	258	35	0	0	40	118	0	0	0	0	0	1	0	0	10	89	384	0	0	8	49	0	4	0	0	400	0	6	185	8	46	1	0
0	0	0	0	0	0	0	0	0	0	0	0	0	0	0	0	0	0	0	0	0	0	0	0	0	0	0	0	0	0	0	0	0	0	0	0	0	0	0	0	0	0	0	0	0	0	0	0	0	0	0	0	0	0	0	0	0	0	0	0	0	0	0	0	0	0	0	0	0	0	0	0	0	0	0
0	0	1	27	0	2	0	0	0	0	4	63	0	0	141	0	0	30	5	0	0	0	0	0	0	0	1	0	0	0	5	4	0	0	0	0	1	0	0	0	0	5	0	4	0	16	0	0	0	0	0	0	0	0	0	0	0	0	0	8	0	0	147	0	0	0	0	0	0	0	0	0	0	3	0
0	0	0	178	0	431	0	4	1	0	60	485	0	0	530	14	81	90	116	0	4	0	1	10	0	0	37	3	0	0	32	85	0	1	1	0	10	0	0	0	0	92	204	10	21	3	5	21	21	0	0	0	0	1	0	0	0	61	84	49	0	147	0	0	4	0	0	0	36	46	14	62	138	366	14
0	0	0	0	0	0	0	0	0	0	0	0	0	0	0	0	0	0	0	0	0	0	0	0	0	0	0	0	0	0	0	0	0	0	0	0	0	0	0	0	0	0	0	0	0	0	0	0	0	0	0	0	0	0	0	0	0	0	0	0	0	0	0	0	0	0	0	0	0	0	0	0	0	0	0
0	1	148	15	0	115	0	0	0	0	1	34	0	0	6	1	0	1	0	0	1	1	0	0	0	0	0	2	0	0	0	5	0	0	0	0	0	0	0	1	0	0	0	1	0	0	0	0	0	0	0	0	0	1	0	1	0	1	3	4	0	0	4	0	0	0	0	0	0	0	0	0	0	141	0
0	0	0	0	0	0	0	0	0	0	0	0	0	0	0	0	0	0	0	0	0	0	0	0	0	0	0	0	0	0	0	0	0	0	0	0	0	0	0	0	0	0	0	0	0	0	0	0	0	0	0	0	0	0	0	0	0	0	0	0	0	0	0	0	0	0	0	0	0	0	0	0	0	0	0
0	0	0	0	0	0	0	0	0	0	0	0	0	0	0	0	0	0	0	0	0	0	0	0	0	0	0	0	0	0	0	0	0	0	0	0	0	0	0	0	0	0	0	0	0	0	0	0	0	0	0	0	0	0	0	0	0	0	0	0	0	0	0	0	0	0	0	0	0	0	0	0	0	0	0
0	77	0	1	0	0	0	0	0	0	0	0	0	0	1	1	0	114	0	0	5	1	15	0	4	0	55	0	0	326	0	76	0	0	0	49	0	0	0	0	2	0	33	28	0	52	0	0	0	0	0	0	28	203	0	29	0	3	229	400	0	0	0	0	0	0	0	0	0	0	1	0	0	1	0
0	136	0	0	0	0	0	0	0	0	4	1	0	0	0	14	0	160	3	0	17	80	32	0	418	22	174	1	0	252	0	8	0	3	0	62	0	0	0	41	20	0	0	3	0	56	0	0	1	0	0	0	31	89	0	43	2	1	13	0	0	0	36	0	0	0	0	0	0	0	0	1	1	0	0
0	0	70	3	0	4	0	0	0	0	1	20	0	0	0	58	0	15	0	0	13	0	2	0	0	0	0	0	0	28	0	1	0	4	0	1	0	0	0	1	2	0	9	19	0	19	0	0	0	0	0	0	1	10	0	2	0	2	61	6	0	0	46	0	0	0	0	0	0	0	0	0	0	43	0
0	0	5	86	0	4	0	0	0	0	34	22	0	0	0	21	0	3	12	5	6	1	0	0	0	0	3	0	0	4	0	74	0	4	0	1	1	0	0	0	2	0	0	4	0	3	0	1	0	0	0	0	0	84	0	0	28	4	9	185	0	0	14	0	0	0	0	1	0	0	0	0	0	5	0
0	1	310	24	1	1	0	0	0	0	32	1	0	0	4	31	0	134	110	0	17	91	0	0	6	0	134	1	0	45	26	13	0	13	0	20	0	0	0	8	142	0	1	1	0	42	0	0	0	0	0	0	1	31	0	1	0	2	27	8	0	0	62	0	0	0	0	0	1	0	0	0	0	30	0
0	0	303	41	0	90	0	0	0	0	18	49	0	0	31	14	0	28	32	0	9	4	0	0	0	0	14	25	0	13	17	23	0	6	0	0	1	0	0	3	30	2	0	2	3	12	0	0	0	0	0	0	2	11	0	4	1	4	22	46	0	0	138	0	0	0	0	0	1	0	0	0	0	109	0
0	0	719	21	0	323	0	1	0	0	6	388	0	0	26	4	50	3	45	1	3	2	0	0	0	0	12	1	0	0	12	5	0	7	272	0	9	0	0	4	5	12	66	2	14	0	21	2	13	0	0	0	0	1	0	2	1	5	9	1	0	3	366	0	141	0	0	1	0	43	5	30	109	0	0
0	6	2	0	2	0	0	0	0	0	0	0	0	0	4	0	0	3	1	1	5	1	1	0	0	0	2	1	0	4	0	119	0	0	0	0	0	0	0	1	2	1	0	0	1	2	0	0	0	0	0	0	1	117	0	0	0	16	111	0	0	0	14	0	0	0	0	0	0	0	0	0	0	0	0
