0	0	0	0	0	0	0	0	0	0	0	0	0	0	0	0	0	0	0	0	0	0	0	0	0	0	0	0	0	0	0	0	0	0	0	0	0	0	0	0	0	0	0	0	0	0	0	0	0	0	0	0	0	0	0	0	0	0	0	0	0	0	0	0	0	0	0	0	0	0	0	0	0	0	0
0	0	0	0	0	1	0	2	0	0	0	0	0	13	0	1	10	39	0	18	4	22	364	0	271	132	7	0	0	0	0	2	0	21	4	183	0	0	0	0	14	7	0	0	0	0	0	0	0	0	0	2	61	81	0	291	32	2	54	1	0	0	0	0	0	0	0	137	494	0	5	9	0	1	28
0	0	0	0	0	11	0	3	9	5	7	3	0	2	2	0	1	0	3	1	0	1	0	0	0	0	0	0	0	0	0	6	0	11	0	1	1	0	0	0	1	0	1	0	5	2	2	6	4	0	0	0	0	0	0	1	1	2	0	1	6	0	6	0	1	0	0	0	0	6	9	2	0	4	0
0	0	0	0	0	0	0	0	15	9	140	10	0	16	95	118	0	0	17	0	2	2	0	0	0	0	0	1	0	0	0	73	0	0	0	1	0	0	0	0	1	35	0	0	2	5	0	0	152	0	0	0	9	0	0	1	0	206	0	76	29	0	68	0	0	0	0	0	0	18	5	0	0	36	0
0	0	0	0	0	0	0	0	0	0	0	0	0	0	0	0	0	0	1	0	0	0	0	0	0	0	0	0	0	0	0	0	0	0	0	0	0	0	0	0	0	0	0	0	0	0	0	0	0	0	0	0	0	0	0	0	0	0	0	0	0	0	0	0	0	0	0	0	0	0	0	0	0	0	0
0	1	11	0	0	0	0	0	11	9	21	250	0	129	41	7	0	1	18	0	1	0	0	0	0	0	7	0	0	0	0	69	0	2	0	1	0	0	0	0	23	12	0	0	0	11	0	0	8	0	0	0	0	0	0	1	0	3	0	6	15	0	321	0	0	0	0	0	0	27	5	0	2	476	0
0	0	0	0	0	0	0	0	0	0	0	0	0	0	0	0	0	0	0	0	0	0	0	0	0	0	0	0	0	0	0	1	0	0	0	0	0	0	0	0	0	0	0	0	0	0	0	0	0	0	0	0	0	0	0	0	0	0	0	0	0	0	0	0	0	0	0	0	0	0	0	0	0	0	0
0	2	3	0	0	0	0	0	38	5	0	0	0	0	0	37	0	15	2	0	0	0	3	0	0	0	15	0	0	0	0	6	0	2	0	0	0	0	0	0	2	84	0	0	118	22	0	0	1	0	0	0	28	0	0	13	0	4	0	0	0	0	0	0	0	0	0	0	0	4	0	0	0	3	0
0	0	9	15	0	11	0	38	0	16	15	0	0	545	12	0	0	161	43	326	6	183	6	0	0	0	31	0	0	0	0	8	0	253	0	32	3	0	0	0	5	1	23	0	8	18	1	1	0	0	0	0	1	1	0	16	36	40	33	24	706	0	8	0	0	0	0	1	1	31	51	208	33	1	0
0	0	5	9	0	9	0	5	16	0	0	0	0	10	1	0	4	0	0	2	12	0	0	0	0	0	0	0	0	0	0	11	0	59	16	26	2	0	0	0	0	24	15	0	15	98	0	6	0	0	1	0	0	0	0	2	4	12	0	16	26	0	8	0	11	0	0	0	4	0	18	21	23	17	3
0	0	7	140	0	21	0	0	15	0	0	0	0	1	12	456	42	0	79	0	46	1	0	0	0	0	0	72	0	0	0	134	0	8	4	0	134	0	0	0	0	64	106	0	171	0	0	10	574	0	1	83	0	182	0	0	1	432	1	2	1	0	38	0	0	0	0	0	0	28	85	11	7	45	0
0	0	3	10	0	250	0	0	0	0	0	0	0	1	341	1	128	0	40	0	3	0	0	0	0	0	0	0	0	0	0	0	0	18	26	0	10	0	0	0	0	35	281	0	6	0	6	4	0	0	0	0	0	0	0	0	0	1	2	6	0	0	590	0	0	0	0	0	0	5	3	0	65	361	0
0	0	0	0	0	0	0	0	0	0	0	0	0	0	0	0	0	0	0	0	0	0	0	0	0	0	0	0	0	0	0	0	0	0	0	0	0	0	0	0	0	0	0	0	0	0	0	0	0	0	0	0	0	0	0	0	0	0	0	0	0	0	0	0	0	0	0	0	0	0	0	0	0	0	0
0	13	2	16	0	129	0	0	545	10	1	1	0	0	6	8	40	194	0	276	36	248	0	1	2	0	4	0	0	0	0	2	0	170	305	57	0	0	0	0	313	9	8	0	0	0	176	1	0	0	0	0	8	2	0	14	18	74	69	37	538	0	7	0	6	0	0	1	15	0	38	270	9	8	12
0	0	2	95	0	41	0	0	12	1	12	341	0	6	0	24	6	1	50	1	1	2	1	1	0	0	1	6	0	0	0	181	0	10	0	1	7	0	0	0	1	13	72	0	5	7	0	78	2	0	0	0	0	0	0	0	21	5	8	54	13	0	439	0	19	0	0	0	0	30	21	0	52	10	0
0	1	0	118	0	7	0	37	0	0	456	1	0	8	24	0	0	0	14	1	4	1	1	0	0	0	0	60	0	0	0	1	0	3	1	1	313	0	0	0	2	171	272	0	528	7	0	3	430	0	0	1	0	3	0	0	0	255	0	4	1	0	1	0	0	0	0	1	0	0	130	48	1	1	14
0	10	1	0	0	0	0	0	0	4	42	128	0	40	6	0	0	2	1	2	1	2	0	0	0	0	11	0	0	0	0	12	0	1	0	0	0	0	0	0	1	0	0	0	0	1	0	0	0	0	0	0	17	0	0	0	0	0	0	2	16	0	89	0	0	0	0	0	0	0	1	0	1	144	0
0	39	0	0	0	1	0	15	161	0	0	0	0	194	1	0	2	0	0	237	6	473	126	0	35	12	394	0	0	0	0	11	0	169	106	66	1	0	0	0	29	5	21	0	0	17	23	1	1	0	0	13	615	120	0	234	7	7	80	22	33	0	3	0	0	0	0	63	75	0	34	83	4	0	29
0	0	3	17	1	18	0	2	43	0	79	40	0	0	50	14	1	0	0	1	1	1	0	0	0	0	0	3	0	0	0	99	0	16	7	1	44	0	0	0	0	45	31	0	119	11	1	20	91	0	381	18	0	34	0	0	0	14	3	0	0	0	90	0	0	0	0	0	0	42	23	0	42	41	6
0	18	1	0	0	0	0	0	326	2	0	0	0	276	1	1	2	237	1	0	99	243	18	0	2	0	255	0	0	0	0	5	0	25	0	179	0	0	0	0	244	3	0	0	0	12	0	0	0	0	0	0	475	4	0	16	3	23	32	6	536	0	2	0	0	0	0	0	0	0	4	6	0	1	0
0	4	0	2	0	1	0	0	6	12	46	3	0	36	1	4	1	6	1	99	0	142	29	2	286	79	81	0	0	0	0	124	0	41	10	34	0	0	0	0	217	3	7	0	8	12	0	2	63	0	0	91	30	260	0	190	338	498	0	52	142	0	6	0	0	0	0	7	53	0	137	139	2	2	14
0	22	1	2	0	0	0	0	183	0	1	0	0	248	2	1	2	473	1	243	142	0	91	1	4	2	527	0	0	0	0	1	0	209	199	60	2	0	0	0	292	27	0	0	4	7	30	3	0	0	0	0	420	96	0	93	21	2	24	9	40	0	1	0	0	0	0	18	23	0	9	34	2	1	18
0	364	0	0	0	0	0	3	6	0	0	0	0	0	1	1	0	126	0	18	29	91	0	0	510	184	108	0	0	0	0	101	0	21	11	259	0	0	0	0	48	0	0	0	1	31	3	0	0	0	0	113	198	58	0	353	27	7	158	32	158	0	0	0	0	0	0	222	243	0	15	13	0	1	79
0	0	0	0	0	0	0	0	0	0	0	0	0	1	1	0	0	0	0	0	2	1	0	0	112	0	1	0	0	0	0	0	0	0	0	0	0	0	0	0	6	0	0	0	0	0	0	0	0	0	0	0	0	0	0	0	0	0	0	0	28	0	0	0	0	0	0	0	0	0	0	0	0	5	0
0	271	0	0	0	0	0	0	0	0	0	0	0	2	0	0	0	35	0	2	286	4	510	112	0	1029	2	0	0	0	0	9	0	15	0	44	0	0	0	0	3	0	0	0	0	0	0	0	0	0	0	6	10	152	0	481	589	71	4	0	0	0	0	0	0	0	0	2	803	0	2	299	0	0	150
0	132	0	0	0	0	0	0	0	0	0	0	0	0	0	0	0	12	0	0	79	2	184	0	1029	0	1	0	0	0	0	4	0	0	0	4	0	0	0	0	0	0	0	0	1	0	0	0	0	0	0	1	5	5	0	119	143	32	0	0	0	0	0	0	0	0	0	0	79	0	0	6	0	0	3
0	7	0	0	0	7	0	15	31	0	0	0	0	4	1	0	11	394	0	255	81	527	108	1	2	1	0	0	0	0	0	3	0	242	23	58	1	0	0	0	184	3	12	0	1	11	0	0	0	0	0	0	396	151	0	170	12	12	22	5	2	0	0	0	0	0	0	40	63	0	25	12	0	1	23
0	0	0	1	0	0	0	0	0	0	72	0	0	0	6	60	0	0	3	0	0	0	0	0	0	0	0	0	0	0	0	2	0	0	0	0	0	0	0	0	0	92	0	0	0	1	0	1	104	0	0	0	0	0	0	0	0	0	0	0	0	0	2	0	0	0	0	0	0	0	0	0	0	0	0
0	0	0	0	0	0	0	0	0	0	0	0	0	0	0	0	0	0	0	0	0	0	0	0	0	0	0	0	0	0	0	0	0	0	0	0	0	0	0	0	0	0	0	0	0	0	0	0	0	0	0	0	0	0	0	0	0	0	0	0	0	0	0	0	0	0	0	0	0	0	0	0	0	0	0
0	0	0	0	0	0	0	0	0	0	0	0	0	0	0	0	0	0	0	0	0	0	0	0	0	0	0	0	0	0	0	0	0	0	0	0	0	0	0	0	0	0	0	0	0	0	0	0	0	0	0	0	0	0	0	0	0	0	0	0	0	0	0	0	0	0	0	0	0	0	0	0	0	0	0
0	0	0	0	0	0	0	0	0	0	0	0	0	0	0	0	0	0	0	0	0	0	0	0	0	0	0	0	0	0	0	0	0	0	0	0	0	0	0	0	0	0	0	0	0	0	0	0	0	0	0	0	0	0	0	0	0	0	0	0	0	0	0	0	0	0	0	0	0	0	0	0	0	0	0
0	2	6	73	0	69	1	6	8	11	134	0	0	2	181	1	12	11	99	5	124	1	101	0	9	4	3	2	0	0	0	0	0	6	7	7	1	0	0	0	0	16	8	0	157	25	0	130	32	0	0	436	7	240	0	145	1	275	25	0	2	0	124	0	7	0	0	64	4	74	59	4	34	84	67
0	0	0	0	0	0	0	0	0	0	0	0	0	0	0	0	0	0	0	0	0	0	0	0	0	0	0	0	0	0	0	0	0	0	0	0	0	0	0	0	0	0	0	0	0	0	0	0	0	0	0	0	0	0	0	0	0	0	0	0	0	0	0	0	0	0	0	0	0	0	0	0	0	0	0
0	21	11	0	0	2	0	2	253	59	8	18	0	170	10	3	1	169	16	25	41	209	21	0	15	0	242	0	0	0	0	6	0	0	0	58	0	0	0	0	73	18	0	0	2	77	1	0	1	0	0	0	101	0	0	2	9	11	14	17	113	0	63	0	0	0	0	1	5	17	12	5	8	9	1
0	4	0	0	0	0	0	0	0	16	4	26	0	305	0	1	0	106	7	0	10	199	11	0	0	0	23	0	0	0	0	7	0	0	0	3	0	0	0	0	111	0	0	0	0	1	0	0	0	0	0	0	16	0	0	28	0	4	180	4	184	0	3	0	0	0	0	0	0	2	1	0	0	267	0
0	183	1	1	0	1	0	0	32	26	0	0	0	57	1	1	0	66	1	179	34	60	259	0	44	4	58	0	0	0	0	7	0	58	3	0	0	0	0	0	250	7	2	0	1	54	0	0	0	0	0	0	214	62	0	28	1	24	247	307	280	0	17	0	0	0	0	46	95	0	16	11	3	8	1
0	0	1	0	0	0	0	0	3	2	134	10	0	0	7	313	0	1	44	0	0	2	0	0	0	0	1	0	0	0	0	1	0	0	0	0	0	0	0	0	0	139	1	0	202	6	0	0	219	0	0	0	1	0	0	0	0	78	4	0	3	0	3	0	0	0	0	0	0	1	0	0	0	18	0
0	0	0	0	0	0	0	0	0	0	0	0	0	0	0	0	0	0	0	0	0	0	0	0	0	0	0	0	0	0	0	0	0	0	0	0	0	0	0	0	0	0	0	0	0	0	0	0	0	0	0	0	0	0	0	0	0	0	0	0	0	0	0	0	0	0	0	0	0	0	0	0	0	0	0
0	0	0	0	0	0	0	0	0	0	0	0	0	0	0	0	0	0	0	0	0	0	0	0	0	0	0	0	0	0	0	0	0	0	0	0	0	0	0	0	0	0	0	0	0	0	0	0	0	0	0	0	0	0	0	0	0	0	0	0	0	0	0	0	0	0	0	0	0	0	0	0	0	0	0
0	0	0	0	0	0	0	0	0	0	0	0	0	0	0	0	0	0	0	0	0	0	0	0	0	0	0	0	0	0	0	0	0	0	0	0	0	0	0	0	0	0	0	0	0	0	0	0	0	0	0	0	0	0	0	0	0	0	0	0	0	0	0	0	0	0	0	0	0	0	0	0	0	0	0
0	14	1	1	0	23	0	2	5	0	0	0	0	313	1	2	1	29	0	244	217	292	48	6	3	0	184	0	0	0	0	0	0	73	111	250	0	0	0	0	0	0	0	0	0	0	10	0	0	0	0	0	134	19	0	34	0	24	18	3	326	0	4	0	0	0	0	0	0	0	5	4	5	0	4
0	7	0	35	0	12	0	84	1	24	64	35	0	9	13	171	0	5	45	3	3	27	0	0	0	0	3	92	0	0	0	16	0	18	0	7	139	0	0	0	0	0	1	0	166	38	0	11	269	0	0	0	2	0	0	1	24	2	1	4	2	0	45	0	0	0	0	1	0	0	2	2	17	6	0
0	0	1	0	0	0	0	0	23	15	106	281	0	8	72	272	0	21	31	0	7	0	0	0	0	0	12	0	0	0	0	8	0	0	0	2	1	0	0	0	0	1	0	0	6	38	0	0	167	0	0	0	5	0	0	0	0	71	163	339	32	0	209	0	0	0	0	0	0	9	1	0	1	42	0
0	0	0	0	0	0	0	0	0	0	0	0	0	0	0	0	0	0	0	0	0	0	0	0	0	0	0	0	0	0	0	0	0	0	0	0	0	0	0	0	0	0	0	0	0	0	0	0	0	0	0	0	0	0	0	0	0	0	0	0	0	0	0	0	0	0	0	0	0	0	0	0	0	0	0
0	0	5	2	0	0	0	118	8	15	171	6	0	0	5	528	0	0	119	0	8	4	1	0	0	1	1	0	0	0	0	157	0	2	0	1	202	0	0	0	0	166	6	0	0	39	0	0	533	0	0	49	0	26	0	2	0	161	93	0	3	0	57	0	0	0	0	0	0	8	1	0	9	64	0
0	0	2	5	0	11	0	22	18	98	0	0	0	0	7	7	1	17	11	12	12	7	31	0	0	0	11	1	0	0	0	25	0	77	1	54	6	0	0	0	0	38	38	0	39	0	0	0	0	0	1	2	14	12	0	15	2	5	19	3	0	0	36	0	2	0	0	18	4	0	5	8	25	4	10
0	0	2	0	0	0	0	0	1	0	0	6	0	176	0	0	0	23	1	0	0	30	3	0	0	0	0	0	0	0	0	0	0	1	0	0	0	0	0	0	10	0	0	0	0	0	0	0	0	0	0	0	12	0	0	0	0	0	85	18	59	0	1	0	0	0	0	0	0	0	0	0	0	146	0
0	0	6	0	0	0	0	0	1	6	10	4	0	1	78	3	0	1	20	0	2	3	0	0	0	0	0	1	0	0	0	130	0	0	0	0	0	0	0	0	0	11	0	0	0	0	0	0	2	0	0	0	0	0	0	4	0	1	47	162	0	0	37	0	0	0	0	0	0	16	5	0	4	25	0
0	0	4	152	0	8	0	1	0	0	574	0	0	0	2	430	0	1	91	0	63	0	0	0	0	0	0	104	0	0	0	32	0	1	0	0	219	0	0	0	0	269	167	0	533	0	0	2	0	0	0	17	0	137	0	2	0	398	0	0	0	0	9	0	0	0	0	0	0	16	27	9	0	21	0
0	0	0	0	0	0	0	0	0	0	0	0	0	0	0	0	0	0	0	0	0	0	0	0	0	0	0	0	0	0	0	0	0	0	0	0	0	0	0	0	0	0	0	0	0	0	0	0	0	0	0	0	0	0	0	0	0	0	0	0	0	0	0	0	0	0	0	0	0	0	0	0	0	0	0
0	0	0	0	0	0	0	0	0	1	1	0	0	0	0	0	0	0	381	0	0	0	0	0	0	0	0	0	0	0	0	0	0	0	0	0	0	0	0	0	0	0	0	0	0	1	0	0	0	0	0	0	0	0	0	0	0	0	0	0	0	0	0	0	0	0	0	0	0	0	0	0	0	0	0
0	2	0	0	0	0	0	0	0	0	83	0	0	0	0	1	0	13	18	0	91	0	113	0	6	1	0	0	0	0	0	436	0	0	0	0	0	0	0	0	0	0	0	0	49	2	0	0	17	0	0	0	1	52	0	9	0	144	8	0	0	0	0	0	0	0	0	45	0	0	0	1	0	1	30
0	61	0	9	0	0	0	28	1	0	0	0	0	8	0	0	17	615	0	475	30	420	198	0	10	5	396	0	0	0	0	7	0	101	16	214	1	0	0	0	134	2	5	0	0	14	12	0	0	0	0	1	0	201	0	247	16	7	34	1	3	0	0	0	0	0	0	54	38	0	52	102	2	0	42
0	81	0	0	0	0	0	0	1	0	182	0	0	2	0	3	0	120	34	4	260	96	58	0	152	5	151	0	0	0	0	240	0	0	0	62	0	0	0	0	19	0	0	0	26	12	0	0	137	0	0	52	201	0	0	8	0	169	51	0	4	0	0	0	0	0	0	0	0	0	0	0	0	0	0
0	0	0	0	0	0	0	0	0	0	0	0	0	0	0	0	0	0	0	0	0	0	0	0	0	0	0	0	0	0	0	0	0	0	0	0	0	0	0	0	0	0	0	0	0	0	0	0	0	0	0	0	0	0	0	0	0	0	0	0	0	0	0	0	0	0	0	0	0	0	0	0	0	0	0
0	291	1	1	0	1	0	13	16	2	0	0	0	14	0	0	0	234	0	16	190	93	353	0	481	119	170	0	0	0	0	145	0	2	28	28	0	0	0	0	34	1	0	0	2	15	0	4	2	0	0	9	247	8	0	0	143	8	29	16	67	0	0	0	0	0	0	35	107	2	30	109	0	2	1
0	32	1	0	0	0	0	0	36	4	1	0	0	18	21	0	0	7	0	3	338	21	27	0	589	143	12	0	0	0	0	1	0	9	0	1	0	0	0	0	0	24	0	0	0	2	0	0	0	0	0	0	16	0	0	143	0	171	0	65	41	0	0	0	0	0	0	0	35	0	4	15	0	1	1
0	2	2	206	0	3	0	4	40	12	432	1	0	74	5	255	0	7	14	23	498	2	7	0	71	32	12	0	0	0	0	275	0	11	4	24	78	0	0	0	24	2	71	0	161	5	0	1	398	0	0	144	7	169	0	8	171	0	49	125	148	0	31	0	0	0	0	6	5	3	125	68	9	13	68
0	54	0	0	0	0	0	0	33	0	1	2	0	69	8	0	0	80	3	32	0	24	158	0	4	0	22	0	0	0	0	25	0	14	180	247	4	0	0	0	18	1	163	0	93	19	85	47	0	0	0	8	34	51	0	29	0	49	0	411	349	0	44	0	0	0	0	196	27	0	7	221	7	6	114
0	1	1	76	0	6	0	0	24	16	2	6	0	37	54	4	2	22	0	6	52	9	32	0	0	0	5	0	0	0	0	0	0	17	4	307	0	0	0	0	3	4	339	0	0	3	18	162	0	0	0	0	1	0	0	16	65	125	411	0	961	0	42	0	0	0	0	358	4	0	185	336	6	83	0
0	0	6	29	0	15	0	0	706	26	1	0	0	538	13	1	16	33	0	536	142	40	158	28	0	0	2	0	0	0	0	2	0	113	184	280	3	0	0	0	326	2	32	0	3	0	59	0	0	0	0	0	3	4	0	67	41	148	349	961	0	0	0	0	15	0	0	29	23	0	139	406	13	0	14
0	0	0	0	0	0	0	0	0	0	0	0	0	0	0	0	0	0	0	0	0	0	0	0	0	0	0	0	0	0	0	0	0	0	0	0	0	0	0	0	0	0	0	0	0	0	0	0	0	0	0	0	0	0	0	0	0	0	0	0	0	0	0	0	0	0	0	0	0	0	0	0	0	0	0
0	0	6	68	0	321	0	0	8	8	38	590	0	7	439	1	89	3	90	2	6	1	0	0	0	0	0	2	0	0	0	124	0	63	3	17	3	0	0	0	4	45	209	0	57	36	1	37	9	0	0	0	0	0	0	0	0	31	44	42	0	0	0	0	0	0	0	0	0	43	10	0	86	295	11
0	0	0	0	0	0	0	0	0	0	0	0	0	0	0	0	0	0	0	0	0	0	0	0	0	0	0	0	0	0	0	0	0	0	0	0	0	0	0	0	0	0	0	0	0	0	0	0	0	0	0	0	0	0	0	0	0	0	0	0	0	0	0	0	0	0	0	0	0	0	0	0	0	0	0
0	0	1	0	0	0	0	0	0	11	0	0	0	6	19	0	0	0	0	0	0	0	0	0	0	0	0	0	0	0	0	7	0	0	0	0	0	0	0	0	0	0	0	0	0	2	0	0	0	0	0	0	0	0	0	0	0	0	0	0	15	0	0	0	0	0	0	0	0	0	0	0	1	51	0
0	0	0	0	0	0	0	0	0	0	0	0	0	0	0	0	0	0	0	0	0	0	0	0	0	0	0	0	0	0	0	0	0	0	0	0	0	0	0	0	0	0	0	0	0	0	0	0	0	0	0	0	0	0	0	0	0	0	0	0	0	0	0	0	0	0	0	0	0	0	0	0	0	0	0
0	0	0	0	0	0	0	0	0	0	0	0	0	0	0	0	0	0	0	0	0	0	0	0	0	0	0	0	0	0	0	0	0	0	0	0	0	0	0	0	0	0	0	0	0	0	0	0	0	0	0	0	0	0	0	0	0	0	0	0	0	0	0	0	0	0	0	0	0	0	0	0	0	0	0
0	137	0	0	0	0	0	0	1	0	0	0	0	1	0	1	0	63	0	0	7	18	222	0	2	0	40	0	0	0	0	64	0	1	0	46	0	0	0	0	0	1	0	0	0	18	0	0	0	0	0	45	54	0	0	35	0	6	196	358	29	0	0	0	0	0	0	0	0	0	2	0	0	1	0
0	494	0	0	0	0	0	0	1	4	0	0	0	15	0	0	0	75	0	0	53	23	243	0	803	79	63	0	0	0	0	4	0	5	0	95	0	0	0	0	0	0	0	0	0	4	0	0	0	0	0	0	38	0	0	107	35	5	27	4	23	0	0	0	0	0	0	0	0	0	0	0	0	0	0
0	0	6	18	0	27	0	4	31	0	28	5	0	0	30	0	0	0	42	0	0	0	0	0	0	0	0	0	0	0	0	74	0	17	2	0	1	0	0	0	0	0	9	0	8	0	0	16	16	0	0	0	0	0	0	2	0	3	0	0	0	0	43	0	0	0	0	0	0	0	21	0	19	42	0
0	5	9	5	0	5	0	0	51	18	85	3	0	38	21	130	1	34	23	4	137	9	15	0	2	0	25	0	0	0	0	59	0	12	1	16	0	0	0	0	5	2	1	0	1	5	0	5	27	0	0	0	52	0	0	30	4	125	7	185	139	0	10	0	0	0	0	2	0	21	0	4	6	43	1
0	9	2	0	0	0	0	0	208	21	11	0	0	270	0	48	0	83	0	6	139	34	13	0	299	6	12	0	0	0	0	4	0	5	0	11	0	0	0	0	4	2	0	0	0	8	0	0	9	0	0	1	102	0	0	109	15	68	221	336	406	0	0	0	0	0	0	0	0	0	4	0	2	3	0
0	0	0	0	0	2	0	0	33	23	7	65	0	9	52	1	1	4	42	0	2	2	0	0	0	0	0	0	0	0	0	34	0	8	0	3	0	0	0	0	5	17	1	0	9	25	0	4	0	0	0	0	2	0	0	0	0	9	7	6	13	0	86	0	1	0	0	0	0	19	6	2	0	30	0
0	1	4	36	0	476	0	3	1	17	45	361	0	8	10	1	144	0	41	1	2	1	1	5	0	0	1	0	0	0	0	84	0	9	267	8	18	0	0	0	0	6	42	0	64	4	146	25	21	0	0	1	0	0	0	2	1	13	6	83	0	0	295	0	51	0	0	1	0	42	43	3	30	0	1
0	28	0	0	0	0	0	0	0	3	0	0	0	12	0	14	0	29	6	0	14	18	79	0	150	3	23	0	0	0	0	67	0	1	0	1	0	0	0	0	4	0	0	0	0	10	0	0	0	0	0	30	42	0	0	1	1	68	114	0	14	0	11	0	0	0	0	0	0	0	1	0	0	1	0
