0	0	0	0	0	0	0	0	0	0	0	0	0	0	0	0	0	0	0	0	0	0	0	0	0	0	0	0	0	0	0	0	0	0	0	0	0	0	0	0	0	0	0	0	0	0	0	0	0	0	0	0	0	0	0	0	0	0	0	0	0	0	0	0	0	0	0	0	0	0	0	0	0	0	0
0	0	0	0	0	1	20	16	0	0	8	0	0	11	0	1	10	34	0	31	1	33	321	0	271	132	7	0	0	23	0	0	0	26	5	174	0	0	0	0	31	7	0	0	0	1	0	0	0	0	5	3	66	81	0	287	51	2	43	2	0	0	0	0	0	0	0	125	453	0	5	8	1	0	49
0	0	0	0	0	11	0	3	11	0	7	3	0	3	2	0	0	0	1	1	0	1	2	1	0	0	0	0	0	0	0	5	0	8	2	0	1	0	0	0	6	0	0	0	0	0	3	2	4	0	0	0	0	0	0	1	1	2	0	6	10	0	4	0	2	0	0	3	2	6	8	0	0	5	2
0	0	0	0	0	0	0	0	15	0	110	2	0	16	112	113	0	0	18	0	2	2	0	0	0	0	0	30	0	0	0	64	0	0	0	0	0	0	0	0	1	80	0	0	2	0	0	0	72	0	0	0	9	0	0	1	0	124	0	36	30	0	90	0	0	0	0	0	0	18	5	0	0	35	0
0	0	0	0	0	0	0	0	0	0	0	0	0	0	0	0	0	0	0	0	0	0	0	0	0	0	0	0	0	0	0	0	0	0	0	0	0	0	0	0	0	0	0	0	0	0	0	0	0	0	0	0	0	0	0	0	0	0	0	0	0	0	1	0	0	0	1	0	0	0	0	23	0	0	1
0	1	11	0	0	0	0	0	9	0	14	220	0	175	12	0	0	0	18	0	1	3	0	0	0	0	7	0	0	9	0	65	0	2	0	1	0	0	0	0	24	2	0	0	0	3	0	0	1	0	0	0	0	0	0	1	0	3	0	0	30	0	370	0	0	0	0	0	0	27	5	0	0	445	0
0	20	0	0	0	0	0	0	0	0	0	0	0	1	0	0	0	165	0	0	8	92	10	0	4	0	137	0	0	29	0	2	0	0	0	5	0	0	0	0	7	0	0	0	0	31	0	0	0	0	0	0	221	0	0	2	0	1	0	0	0	0	0	0	0	0	0	0	0	0	0	0	0	0	0
0	16	3	0	0	0	0	0	38	0	6	0	0	0	2	61	0	7	5	0	0	0	0	0	0	0	0	0	0	0	0	6	0	2	0	0	0	0	0	0	2	120	0	0	118	74	0	0	1	0	0	0	1	0	0	1	0	4	0	0	0	0	0	0	0	0	0	0	0	4	0	0	0	3	0
0	0	11	15	0	9	0	38	0	0	15	0	0	380	12	0	0	74	43	152	10	105	0	0	0	0	13	0	0	9	0	8	0	124	0	2	3	0	0	0	36	1	21	0	8	18	1	1	0	0	0	0	1	1	0	16	23	34	29	9	433	0	8	0	0	0	0	1	1	31	26	87	25	1	0
0	0	0	0	0	0	0	0	0	0	0	0	0	0	0	0	0	0	0	0	0	0	0	0	0	0	0	0	0	0	0	0	0	0	0	0	0	0	0	0	0	0	0	0	0	0	0	0	0	0	1	0	0	0	0	0	0	0	0	0	0	0	0	0	0	0	0	0	0	0	0	0	0	0	0
0	8	7	110	0	14	0	6	15	0	0	0	0	1	20	370	41	0	99	7	6	1	0	0	0	0	0	0	0	0	0	145	0	11	4	0	6	0	0	0	0	144	100	0	146	2	0	10	277	0	5	134	0	108	0	0	4	285	15	2	1	0	56	0	0	0	15	4	0	28	13	117	10	47	0
0	0	3	2	0	220	0	0	0	0	0	0	0	2	353	0	22	0	3	0	26	0	0	2	0	0	1	0	0	0	0	6	0	34	66	0	0	0	0	0	2	4	266	0	0	0	6	8	0	0	0	0	0	0	0	0	0	3	2	2	0	0	698	0	10	0	0	0	0	5	1	30	76	526	0
0	0	0	0	0	0	0	0	0	0	0	0	0	0	0	0	0	0	0	0	0	0	0	0	0	0	0	0	0	0	0	0	0	0	0	0	0	0	0	0	0	0	0	0	0	0	0	0	0	0	0	0	0	0	0	0	0	0	0	0	0	0	0	0	0	0	0	0	0	0	0	0	0	0	0
0	11	3	16	0	175	1	0	380	0	1	2	0	0	6	1	23	116	0	214	41	216	0	5	4	0	4	0	0	36	0	2	0	138	298	48	0	0	0	0	485	9	7	0	0	4	179	1	0	0	0	0	5	2	0	23	2	65	48	74	491	0	8	0	2	0	0	3	2	0	27	113	74	11	9
0	0	2	112	0	12	0	2	12	0	20	353	0	6	0	34	5	1	50	1	1	2	1	12	0	0	0	2	0	0	0	127	0	1	0	1	5	0	0	0	2	12	143	0	4	2	0	54	2	0	0	0	1	0	0	0	22	11	8	70	16	0	641	0	0	0	0	0	0	30	21	0	20	9	0
0	1	0	113	0	0	0	61	0	0	370	0	0	1	34	0	0	0	36	18	3	1	1	0	0	0	0	0	0	1	0	0	0	2	1	1	205	0	0	0	2	42	343	0	564	0	0	1	329	0	0	0	0	2	0	0	0	192	0	0	1	0	2	0	0	0	33	1	0	0	75	45	2	1	9
0	10	0	0	0	0	0	0	0	0	41	22	0	23	5	0	0	1	1	0	0	0	0	0	0	0	2	0	0	0	0	10	0	1	0	10	0	0	0	0	1	0	0	0	0	1	0	0	0	0	0	0	0	0	0	7	0	0	0	0	0	0	91	0	0	0	0	0	0	0	1	0	0	111	0
0	34	0	0	0	0	165	7	74	0	0	0	0	116	1	0	1	0	0	135	10	353	81	1	45	12	293	0	0	14	0	7	0	127	89	40	0	0	0	0	201	0	26	0	7	28	23	0	0	0	0	16	553	107	0	190	9	8	75	14	65	0	2	0	1	0	0	95	21	0	5	49	10	2	4
0	0	1	18	0	18	0	5	43	0	99	3	0	0	50	36	1	0	0	0	0	0	0	1	0	0	0	3	0	0	0	105	0	16	6	0	40	0	0	0	0	18	23	0	114	15	5	20	83	0	297	38	0	31	0	0	0	14	3	0	0	0	65	0	0	0	0	0	0	42	23	0	24	41	8
0	31	1	0	0	0	0	0	152	0	7	0	0	214	1	18	0	135	0	0	108	172	21	0	52	0	191	0	0	129	0	7	0	19	0	178	0	0	0	0	274	2	0	0	0	7	0	0	0	0	0	4	456	4	0	11	5	29	22	2	541	0	3	0	0	0	0	0	0	0	4	4	0	0	0
0	1	0	2	0	1	8	0	10	0	6	26	0	41	1	3	0	10	0	108	0	150	29	2	286	79	82	0	0	7	0	90	0	40	13	42	0	0	0	0	260	1	1	0	5	16	0	2	52	0	0	16	47	122	0	101	183	235	14	12	86	0	2	0	0	0	0	4	51	0	20	100	3	2	12
0	33	1	2	0	3	92	0	105	0	1	0	0	216	2	1	0	353	0	172	150	0	64	1	10	2	477	0	0	10	0	0	0	197	175	61	1	0	0	0	448	39	0	0	0	26	30	3	0	0	0	0	389	82	0	51	30	3	8	9	23	0	2	0	0	0	0	8	1	0	0	0	2	1	1
0	321	2	0	0	0	10	0	0	0	0	0	0	0	1	1	0	81	0	21	29	64	0	0	531	184	68	0	0	66	0	91	0	15	36	157	0	0	0	0	51	0	0	0	0	38	3	0	0	0	0	106	229	48	0	231	42	9	94	28	101	0	0	0	0	0	0	130	178	0	7	4	1	0	86
0	0	1	0	0	0	0	0	0	0	0	2	0	5	12	0	0	1	1	0	2	1	0	0	114	0	1	0	0	7	0	0	0	0	0	0	0	0	0	0	10	0	0	0	0	0	0	0	0	0	0	0	5	0	0	1	0	2	0	2	120	0	3	0	0	0	0	0	0	0	0	0	0	6	0
0	271	0	0	0	0	4	0	0	0	0	0	0	4	0	0	0	45	0	52	286	10	531	114	0	721	4	0	0	49	0	122	0	27	24	85	0	0	0	0	9	0	0	0	0	1	0	0	0	0	0	6	25	152	0	501	603	71	6	0	2	0	0	0	0	0	0	2	927	0	2	311	0	4	152
0	132	0	0	0	0	0	0	0	0	0	0	0	0	0	0	0	12	0	0	79	2	184	0	721	0	1	0	0	0	0	4	0	0	0	4	0	0	0	0	0	0	0	0	1	0	0	0	0	0	0	1	5	5	0	119	143	32	0	0	0	0	0	0	0	0	0	0	79	0	0	6	0	0	3
0	7	0	0	0	7	137	0	13	0	0	1	0	4	0	0	2	293	0	191	82	477	68	1	4	1	0	0	0	5	0	0	0	188	21	46	0	0	0	0	311	2	13	0	1	8	0	0	0	0	0	1	344	138	0	122	11	11	19	4	3	0	20	0	0	0	0	34	16	0	2	0	5	1	2
0	0	0	30	0	0	0	0	0	0	0	0	0	0	2	0	0	0	3	0	0	0	0	0	0	0	0	0	0	0	0	8	0	0	0	0	0	0	0	0	0	256	0	0	0	0	0	1	53	0	0	0	0	0	0	0	0	0	0	0	0	0	1	0	0	0	0	0	0	0	0	0	1	1	0
0	0	0	0	0	0	0	0	0	0	0	0	0	0	0	0	0	0	0	0	0	0	0	0	0	0	0	0	0	0	0	0	0	0	0	0	0	0	0	0	0	0	0	0	0	0	0	0	0	0	0	0	0	0	0	0	0	0	0	0	0	0	0	0	0	0	0	0	0	0	0	0	0	0	0
0	23	0	0	0	9	29	0	9	0	0	0	0	36	0	1	0	14	0	129	7	10	66	7	49	0	5	0	0	0	0	0	0	17	15	130	0	0	0	0	151	0	2	0	0	2	4	0	0	0	0	0	185	0	0	13	57	7	69	115	182	0	0	0	0	0	0	102	111	0	0	4	1	6	0
0	0	0	0	0	0	0	0	0	0	0	0	0	0	0	0	0	0	0	0	0	0	0	0	0	0	0	0	0	0	0	0	0	0	0	0	0	0	0	0	0	0	0	0	0	0	0	0	0	0	0	0	0	0	0	0	0	0	0	0	0	0	0	0	0	0	0	0	0	0	0	0	0	0	0
0	0	5	64	0	65	2	6	8	0	145	6	0	2	127	0	10	7	105	7	90	0	91	0	122	4	0	8	0	0	0	0	0	8	8	2	1	0	0	0	1	7	4	0	234	80	0	132	46	0	0	453	1	345	0	159	0	292	22	1	2	0	170	0	1	0	0	101	19	74	30	22	43	82	91
0	0	0	0	0	0	0	0	0	0	0	0	0	0	0	0	0	0	0	0	0	0	0	0	0	0	0	0	0	0	0	0	0	0	0	0	0	0	0	0	0	0	0	0	0	0	0	0	0	0	0	0	0	0	0	0	0	0	0	0	0	0	0	0	0	0	0	0	0	0	0	0	0	0	0
0	26	8	0	0	2	0	2	124	0	11	34	0	138	1	2	1	127	16	19	40	197	15	0	27	0	188	0	0	17	0	8	0	0	0	47	0	0	0	0	104	5	1	0	2	34	1	0	0	0	0	0	154	0	0	2	7	12	9	4	59	0	115	0	1	0	0	1	2	17	8	1	5	28	0
0	5	2	0	0	0	0	0	0	0	4	66	0	298	0	1	0	89	6	0	13	175	36	0	24	0	21	0	0	15	0	8	0	0	0	2	0	0	0	0	142	0	0	0	0	12	0	0	0	0	0	0	36	0	0	6	0	6	83	0	229	0	6	0	0	0	0	0	0	2	1	0	0	252	0
0	174	0	0	0	1	5	0	2	0	0	0	0	48	1	1	10	40	0	178	42	61	157	0	85	4	46	0	0	130	0	2	0	47	2	0	0	0	0	0	284	0	2	0	0	3	0	0	0	0	0	0	219	61	0	31	4	19	141	188	279	0	1	0	0	0	0	43	92	0	16	8	1	5	1
0	0	1	0	0	0	0	0	3	0	6	0	0	0	5	205	0	0	40	0	0	1	0	0	0	0	0	0	0	0	0	1	0	0	0	0	0	0	0	0	0	98	0	0	202	0	0	0	94	0	0	0	0	0	0	0	0	15	4	0	3	0	3	0	0	0	20	0	0	1	0	0	0	5	0
0	0	0	0	0	0	0	0	0	0	0	0	0	0	0	0	0	0	0	0	0	0	0	0	0	0	0	0	0	0	0	0	0	0	0	0	0	0	0	0	0	0	0	0	0	0	0	0	0	0	0	0	0	0	0	0	0	0	0	0	0	0	0	0	0	0	0	0	0	0	0	0	0	0	0
0	0	0	0	0	0	0	0	0	0	0	0	0	0	0	0	0	0	0	0	0	0	0	0	0	0	0	0	0	0	0	0	0	0	0	0	0	0	0	0	0	0	0	0	0	0	0	0	0	0	0	0	0	0	0	0	0	0	0	0	0	0	0	0	0	0	0	0	0	0	0	0	0	0	0
0	0	0	0	0	0	0	0	0	0	0	0	0	0	0	0	0	0	0	0	0	0	0	0	0	0	0	0	0	0	0	0	0	0	0	0	0	0	0	0	0	0	0	0	0	0	0	0	0	0	0	0	0	0	0	0	0	0	0	0	0	0	0	0	0	0	0	0	0	0	0	0	0	0	0
0	31	6	1	0	24	7	2	36	0	0	2	0	485	2	2	1	201	0	274	260	448	51	10	9	0	311	0	0	151	0	1	0	104	142	284	0	0	0	0	0	0	0	0	0	28	11	0	0	0	0	0	338	19	0	55	2	26	18	3	555	0	4	0	0	0	0	0	0	0	5	4	10	0	4
0	7	0	80	0	2	0	120	1	0	144	4	0	9	12	42	0	0	18	2	1	39	0	0	0	0	2	256	0	0	0	7	0	5	0	0	98	0	0	0	0	0	1	0	221	19	0	11	208	0	0	0	1	0	0	1	26	2	1	1	2	0	31	0	0	0	0	1	0	0	2	2	3	6	0
0	0	0	0	0	0	0	0	21	0	100	266	0	7	143	343	0	26	23	0	1	0	0	0	0	0	13	0	0	2	0	4	0	1	0	2	0	0	0	0	0	1	0	0	6	8	0	0	108	0	0	0	5	0	0	0	0	21	88	132	16	0	385	0	0	0	0	0	0	9	1	0	0	33	0
0	0	0	0	0	0	0	0	0	0	0	0	0	0	0	0	0	0	0	0	0	0	0	0	0	0	0	0	0	0	0	0	0	0	0	0	0	0	0	0	0	0	0	0	0	0	0	0	0	0	0	0	0	0	0	0	0	0	0	0	0	0	0	0	0	0	0	0	0	0	0	0	0	0	0
0	0	0	2	0	0	0	118	8	0	146	0	0	0	4	564	0	7	114	0	5	0	0	0	0	1	1	0	0	0	0	234	0	2	0	0	202	0	0	0	0	221	6	0	0	63	0	0	411	0	0	74	0	24	0	2	0	122	88	0	3	0	12	0	0	0	2	0	0	8	1	0	4	25	0
0	1	0	0	0	3	31	74	18	0	2	0	0	4	2	0	1	28	15	7	16	26	38	0	1	0	8	0	0	2	0	80	0	34	12	3	0	0	0	0	28	19	8	0	63	0	13	0	0	0	0	19	53	28	0	20	10	10	7	3	25	0	29	0	0	0	0	49	22	0	1	5	14	2	4
0	0	3	0	0	0	0	0	1	0	0	6	0	179	0	0	0	23	5	0	0	30	3	0	0	0	0	0	0	4	0	0	0	1	0	0	0	0	0	0	11	0	0	0	0	13	0	0	0	0	0	0	13	0	0	0	0	0	85	18	64	0	4	0	0	0	0	0	0	0	0	0	0	146	0
0	0	2	0	0	0	0	0	1	0	10	8	0	1	54	1	0	0	20	0	2	3	0	0	0	0	0	1	0	0	0	132	0	0	0	0	0	0	0	0	0	11	0	0	0	0	0	0	1	0	0	0	0	0	0	4	0	4	6	42	0	0	65	0	0	0	0	0	0	16	5	0	0	26	0
0	0	4	72	0	1	0	1	0	0	277	0	0	0	2	329	0	0	83	0	52	0	0	0	0	0	0	53	0	0	0	46	0	0	0	0	94	0	0	0	0	208	108	0	411	0	0	1	0	0	0	9	0	78	0	1	0	207	0	0	0	0	9	0	0	0	19	0	0	16	4	9	0	21	0
0	0	0	0	0	0	0	0	0	0	0	0	0	0	0	0	0	0	0	0	0	0	0	0	0	0	0	0	0	0	0	0	0	0	0	0	0	0	0	0	0	0	0	0	0	0	0	0	0	0	0	0	0	0	0	0	0	0	0	0	0	0	0	0	0	0	0	0	0	0	0	0	0	0	0
0	5	0	0	0	0	0	0	0	1	5	0	0	0	0	0	0	0	297	0	0	0	0	0	0	0	0	0	0	0	0	0	0	0	0	0	0	0	0	0	0	0	0	0	0	0	0	0	0	0	0	0	0	0	0	0	0	0	0	0	0	0	0	0	0	0	0	0	0	0	0	0	0	0	0
0	3	0	0	0	0	0	0	0	0	134	0	0	0	0	0	0	16	38	4	16	0	106	0	6	1	1	0	0	0	0	453	0	0	0	0	0	0	0	0	0	0	0	0	74	19	0	0	9	0	0	0	0	149	0	64	2	158	12	0	0	0	0	0	0	0	0	77	7	0	0	31	2	1	89
0	66	0	9	0	0	221	1	1	0	0	0	0	5	1	0	0	553	0	456	47	389	229	5	25	5	344	0	0	185	0	1	0	154	36	219	0	0	0	0	338	1	5	0	0	53	13	0	0	0	0	0	0	185	0	190	17	13	24	0	3	0	0	0	0	0	0	155	8	0	22	56	7	0	5
0	81	0	0	0	0	0	0	1	0	108	0	0	2	0	2	0	107	31	4	122	82	48	0	152	5	138	0	0	0	0	345	0	0	0	61	0	0	0	0	19	0	0	0	24	28	0	0	78	0	0	149	185	0	0	9	0	114	21	0	4	0	0	0	0	0	0	0	0	0	0	0	0	0	0
0	0	0	0	0	0	0	0	0	0	0	0	0	0	0	0	0	0	0	0	0	0	0	0	0	0	0	0	0	0	0	0	0	0	0	0	0	0	0	0	0	0	0	0	0	0	0	0	0	0	0	0	0	0	0	0	0	0	0	0	0	0	0	0	0	0	0	0	0	0	0	0	0	0	0
0	287	1	1	0	1	2	1	16	0	0	0	0	23	0	0	7	190	0	11	101	51	231	1	501	119	122	0	0	13	0	159	0	2	6	31	0	0	0	0	55	1	0	0	2	20	0	4	1	0	0	64	190	9	0	0	138	2	11	2	57	0	0	0	0	0	0	9	101	2	2	80	0	4	0
0	51	1	0	0	0	0	0	23	0	4	0	0	2	22	0	0	9	0	5	183	30	42	0	603	143	11	0	0	57	0	0	0	7	0	4	0	0	0	0	2	26	0	0	0	10	0	0	0	0	0	2	17	0	0	138	0	197	0	4	117	0	0	0	0	0	0	0	44	0	2	32	0	1	0
0	2	2	124	0	3	1	4	34	0	285	3	0	65	11	192	0	8	14	29	235	3	9	2	71	32	11	0	0	7	0	292	0	12	6	19	15	0	0	0	26	2	21	0	122	10	0	4	207	0	0	158	13	114	0	2	197	0	28	34	110	0	73	0	0	0	0	6	7	3	61	119	9	11	96
0	43	0	0	0	0	0	0	29	0	15	2	0	48	8	0	0	75	3	22	14	8	94	0	6	0	19	0	0	69	0	22	0	9	83	141	4	0	0	0	18	1	88	0	88	7	85	6	0	0	0	12	24	21	0	11	0	28	0	177	270	0	46	0	0	0	0	94	13	0	1	107	7	6	71
0	2	6	36	0	0	0	0	9	0	2	2	0	74	70	0	0	14	0	2	12	9	28	2	0	0	4	0	0	115	0	1	0	4	0	188	0	0	0	0	3	1	132	0	0	3	18	42	0	0	0	0	0	0	0	2	4	34	177	0	815	0	37	0	0	0	0	158	4	0	22	100	4	1	0
0	0	10	30	0	30	0	0	433	0	1	0	0	491	16	1	0	65	0	541	86	23	101	120	2	0	3	0	0	182	0	2	0	59	229	279	3	0	0	0	555	2	16	0	3	25	64	0	0	0	0	0	3	4	0	57	117	110	270	815	0	0	0	0	13	0	0	67	126	0	53	181	98	0	1
0	0	0	0	0	0	0	0	0	0	0	0	0	0	0	0	0	0	0	0	0	0	0	0	0	0	0	0	0	0	0	0	0	0	0	0	0	0	0	0	0	0	0	0	0	0	0	0	0	0	0	0	0	0	0	0	0	0	0	0	0	0	0	0	0	0	0	0	0	0	0	0	0	0	0
0	0	4	90	1	370	0	0	8	0	56	698	0	8	641	2	91	2	65	3	2	2	0	3	0	0	20	1	0	0	0	170	0	115	6	1	3	0	0	0	4	31	385	0	12	29	4	65	9	0	0	0	0	0	0	0	0	73	46	37	0	0	0	0	2	0	0	0	0	43	10	0	98	456	11
0	0	0	0	0	0	0	0	0	0	0	0	0	0	0	0	0	0	0	0	0	0	0	0	0	0	0	0	0	0	0	0	0	0	0	0	0	0	0	0	0	0	0	0	0	0	0	0	0	0	0	0	0	0	0	0	0	0	0	0	0	0	0	0	0	0	0	0	0	0	0	0	0	0	0
0	0	2	0	0	0	0	0	0	0	0	10	0	2	0	0	0	1	0	0	0	0	0	0	0	0	0	0	0	0	0	1	0	1	0	0	0	0	0	0	0	0	0	0	0	0	0	0	0	0	0	0	0	0	0	0	0	0	0	0	13	0	2	0	0	0	0	0	0	0	0	0	0	72	0
0	0	0	0	0	0	0	0	0	0	0	0	0	0	0	0	0	0	0	0	0	0	0	0	0	0	0	0	0	0	0	0	0	0	0	0	0	0	0	0	0	0	0	0	0	0	0	0	0	0	0	0	0	0	0	0	0	0	0	0	0	0	0	0	0	0	0	0	0	0	0	0	0	0	0
0	0	0	0	1	0	0	0	0	0	15	0	0	0	0	33	0	0	0	0	0	0	0	0	0	0	0	0	0	0	0	0	0	0	0	0	20	0	0	0	0	0	0	0	2	0	0	0	19	0	0	0	0	0	0	0	0	0	0	0	0	0	0	0	0	0	0	0	0	0	0	0	0	0	0
0	125	3	0	0	0	0	0	1	0	4	0	0	3	0	1	0	95	0	0	4	8	130	0	2	0	34	0	0	102	0	101	0	1	0	43	0	0	0	0	0	1	0	0	0	49	0	0	0	0	0	77	155	0	0	9	0	6	94	158	67	0	0	0	0	0	0	0	0	0	1	0	0	1	0
0	453	2	0	0	0	0	0	1	0	0	0	0	2	0	0	0	21	0	0	51	1	178	0	927	79	16	0	0	111	0	19	0	2	0	92	0	0	0	0	0	0	0	0	0	22	0	0	0	0	0	7	8	0	0	101	44	7	13	4	126	0	0	0	0	0	0	0	0	0	0	0	0	0	0
0	0	6	18	0	27	0	4	31	0	28	5	0	0	30	0	0	0	42	0	0	0	0	0	0	0	0	0	0	0	0	74	0	17	2	0	1	0	0	0	0	0	9	0	8	0	0	16	16	0	0	0	0	0	0	2	0	3	0	0	0	0	43	0	0	0	0	0	0	0	21	0	19	42	0
0	5	8	5	0	5	0	0	26	0	13	1	0	27	21	75	1	5	23	4	20	0	7	0	2	0	2	0	0	0	0	30	0	8	1	16	0	0	0	0	5	2	1	0	1	1	0	5	4	0	0	0	22	0	0	2	2	61	1	22	53	0	10	0	0	0	0	1	0	21	0	3	5	9	0
0	8	0	0	23	0	0	0	87	0	117	30	0	113	0	45	0	49	0	4	100	0	4	0	311	6	0	0	0	4	0	22	0	1	0	8	0	0	0	0	4	2	0	0	0	5	0	0	9	0	0	31	56	0	0	80	32	119	107	100	181	0	0	0	0	0	0	0	0	0	3	0	0	1	0
0	1	0	0	0	0	0	0	25	0	10	76	0	74	20	2	0	10	24	0	3	2	1	0	0	0	5	1	0	1	0	43	0	5	0	1	0	0	0	0	10	3	0	0	4	14	0	0	0	0	0	2	7	0	0	0	0	9	7	4	98	0	98	0	0	0	0	0	0	19	5	0	0	115	0
0	0	5	35	0	445	0	3	1	0	47	526	0	11	9	1	111	2	41	0	2	1	0	6	4	0	1	1	0	6	0	82	0	28	252	5	5	0	0	0	0	6	33	0	25	2	146	26	21	0	0	1	0	0	0	4	1	11	6	1	0	0	456	0	72	0	0	1	0	42	9	1	115	0	1
0	49	2	0	1	0	0	0	0	0	0	0	0	9	0	9	0	4	8	0	12	1	86	0	152	3	2	0	0	0	0	91	0	0	0	1	0	0	0	0	4	0	0	0	0	4	0	0	0	0	0	89	5	0	0	0	0	96	71	0	1	0	11	0	0	0	0	0	0	0	0	0	0	1	0
