0	0	0	0	0	0	0	0	0	0	0	0	0	0	0	0	0	0	0	0	0	0	0	0	0	0	0	0	0	0	0	0	0	0	0	0	0	0	0	0	0	0	0	0	0	0	0	0	0	0	0	0	0	0	0	0	0	0	0	0	0	0	0	0	0	0	0	0	0	0	0	0	0	0	0
0	0	0	0	0	0	0	2	0	0	0	0	0	2	0	0	0	43	0	22	4	4	349	0	118	47	3	0	0	0	0	5	0	5	1	159	0	0	0	1	0	1	0	0	0	9	0	0	0	0	0	2	56	0	0	199	28	0	31	0	0	0	1	0	0	0	0	69	262	0	1	2	0	1	1
0	0	0	6	0	142	0	7	78	9	2	10	0	518	26	4	64	1	30	5	10	1	0	0	0	1	3	0	0	0	0	5	0	17	208	9	24	0	0	5	332	8	3	0	6	6	227	11	0	0	1	0	1	1	0	11	0	59	13	10	132	0	52	0	14	0	2	2	3	16	31	146	13	281	2
0	0	6	0	0	0	0	0	1	13	278	12	0	4	78	154	0	1	6	0	2	2	0	0	0	0	0	106	0	0	0	9	0	0	0	1	0	0	0	0	0	48	2	0	0	12	0	0	214	0	0	0	0	0	0	0	0	210	3	102	1	0	24	0	2	0	0	0	0	9	2	0	5	4	0
0	0	0	0	0	0	0	0	0	0	3	0	0	0	0	1	0	0	1	0	0	0	0	0	0	0	0	0	0	0	0	0	0	0	0	0	0	0	0	0	0	0	0	0	0	0	0	0	0	0	0	0	0	0	0	0	0	0	0	0	0	0	0	0	0	0	0	0	0	0	0	0	0	1	0
0	0	142	0	0	0	0	0	2	9	8	180	0	14	35	7	0	2	0	0	1	0	0	0	0	0	1	0	0	0	0	4	0	0	0	0	0	0	0	0	0	10	21	0	0	12	0	0	28	0	0	0	0	0	0	0	0	0	0	6	2	0	166	0	0	0	0	0	0	0	0	0	3	249	0
0	0	0	0	0	0	0	0	0	0	1	0	0	0	0	0	0	6	0	0	0	1	0	0	0	0	6	0	0	0	0	4	0	0	0	0	0	0	0	0	0	0	0	0	0	0	0	0	0	0	0	0	12	0	0	0	0	0	0	0	0	0	0	0	0	0	0	0	0	0	0	0	0	0	0
0	2	7	0	0	0	0	0	0	11	0	0	0	0	0	9	0	16	8	0	0	0	9	0	0	0	19	0	0	0	0	0	0	0	0	0	0	0	0	0	0	141	0	0	2	31	0	0	0	0	0	0	61	0	0	12	0	2	0	0	3	0	1	0	0	0	0	0	0	0	0	0	5	0	0
0	0	78	1	0	2	0	0	0	33	0	0	0	766	0	0	0	336	0	194	234	510	6	0	0	1	39	0	0	0	0	0	0	352	4	49	0	0	0	151	344	0	2	0	0	0	1	0	0	0	0	0	3	0	0	0	135	11	4	163	764	0	1	0	1	0	0	0	1	0	42	314	15	0	0
0	0	9	13	0	9	0	11	33	0	1	0	0	10	6	0	4	3	13	5	58	4	0	0	0	0	1	0	0	0	0	11	0	68	19	44	3	0	0	0	0	24	21	0	16	109	0	11	1	0	2	0	0	1	0	2	13	25	0	39	42	0	8	0	14	0	0	5	6	0	39	35	32	17	14
0	0	2	278	3	8	1	0	0	1	0	36	0	8	2	690	5	0	22	168	68	0	0	0	0	0	17	128	0	0	0	212	0	3	0	2	357	0	0	0	0	191	159	0	383	4	0	3	841	0	2	49	3	460	0	13	3	600	2	3	0	0	64	0	1	0	58	0	24	7	335	3	4	21	0
0	0	10	12	0	180	0	0	0	0	36	0	0	3	7	1	118	0	37	0	3	0	0	0	0	0	0	0	0	0	0	0	0	24	2	0	60	0	0	0	0	31	194	0	12	0	10	84	0	0	0	0	0	0	0	0	0	6	0	4	0	0	148	0	4	0	0	0	0	0	2	0	75	102	0
0	0	0	0	0	0	0	0	0	0	0	0	0	0	0	0	0	0	0	0	0	0	0	0	0	0	0	0	0	0	0	0	0	0	0	0	0	0	0	0	0	0	0	0	0	0	0	0	0	0	0	0	0	0	0	0	0	0	0	0	0	0	0	0	0	0	0	0	0	0	0	0	0	0	0
0	2	518	4	0	14	0	0	766	10	8	3	0	0	4	8	58	226	3	90	23	146	0	0	0	8	10	0	0	0	0	1	0	222	351	39	2	0	0	170	305	8	5	0	9	1	206	0	0	0	0	0	18	0	0	22	27	41	28	53	455	0	19	0	8	0	1	0	16	0	39	399	32	19	6
0	0	26	78	0	35	0	0	0	6	2	7	0	4	0	114	2	0	24	0	7	1	0	0	0	0	2	8	0	0	0	69	0	20	0	1	2	0	0	16	1	1	35	0	1	18	1	64	0	0	2	0	0	0	0	0	23	19	39	2	0	0	409	0	42	0	8	0	0	2	9	8	90	5	0
0	0	4	154	1	7	0	9	0	0	690	1	0	8	114	0	12	0	75	60	4	0	0	0	0	0	35	86	0	0	0	7	0	1	0	1	367	0	0	0	1	209	345	0	303	10	0	53	554	0	14	1	0	19	0	18	0	275	9	39	2	0	47	0	5	0	11	1	41	94	184	7	8	8	7
0	0	64	0	0	0	0	0	0	4	5	118	0	58	2	12	0	3	1	2	1	2	0	0	0	0	10	0	0	0	0	2	0	0	0	1	0	0	0	0	0	1	0	0	0	1	0	0	12	0	0	0	17	0	0	1	0	0	1	2	16	0	100	0	24	0	0	0	0	11	1	0	4	108	0
0	43	1	1	0	2	6	16	336	3	0	0	0	226	0	0	3	0	1	165	48	762	101	0	15	21	488	0	0	0	0	6	0	308	93	143	1	0	0	243	191	5	0	0	0	67	9	1	1	0	0	0	891	14	0	257	13	9	29	12	11	0	2	0	0	0	0	43	107	0	35	124	7	1	40
0	0	30	6	1	0	0	8	0	13	22	37	0	3	24	75	1	1	0	2	1	3	0	0	0	0	0	0	0	0	0	0	0	6	3	4	42	0	0	1	0	41	28	0	47	62	0	4	49	0	332	0	1	21	0	0	0	60	13	0	0	0	61	0	7	0	1	2	1	47	23	0	81	5	7
0	22	5	0	0	0	0	0	194	5	168	0	0	90	0	60	2	165	2	0	152	143	50	0	14	1	97	0	0	0	0	29	0	9	0	97	0	0	0	2	2	1	10	0	28	43	0	0	99	0	0	0	221	40	0	17	8	149	92	124	253	0	0	0	0	0	0	0	28	0	5	6	0	1	24
0	4	10	2	0	1	0	0	234	58	68	3	0	23	7	4	1	48	1	152	0	142	2	0	129	21	75	0	0	0	0	132	0	142	11	62	0	0	0	82	147	4	10	0	12	41	2	2	23	0	0	75	17	245	0	257	313	473	2	155	180	0	15	0	8	0	2	19	102	0	296	347	9	0	10
0	4	1	2	0	0	1	0	510	4	0	0	0	146	1	0	2	762	3	143	142	0	41	0	2	18	443	0	0	0	0	2	0	298	137	54	1	0	0	224	286	8	1	0	4	78	66	0	0	0	0	0	473	14	0	113	32	2	30	9	44	0	0	0	0	0	0	16	58	0	12	175	6	0	24
0	349	0	0	0	0	0	9	6	0	0	0	0	0	0	0	0	101	0	50	2	41	0	0	567	127	59	0	0	0	0	154	0	8	28	120	0	0	0	0	0	0	0	0	1	144	0	0	1	0	0	63	185	12	0	341	86	0	185	4	244	0	0	0	0	0	0	233	213	0	10	79	0	2	57
0	0	0	0	0	0	0	0	0	0	0	0	0	0	0	0	0	0	0	0	0	0	0	0	0	0	0	0	0	0	0	0	0	0	0	0	0	0	0	0	0	0	0	0	0	0	0	0	0	0	0	0	0	0	0	0	0	0	0	0	0	0	0	0	0	0	0	0	0	0	0	0	0	0	0
0	118	0	0	0	0	0	0	0	0	0	0	0	0	0	0	0	15	0	14	129	2	567	0	0	1077	1	0	0	0	0	6	0	0	20	114	0	0	0	2	0	0	0	0	0	246	0	0	0	0	0	0	0	206	0	412	335	25	2	0	0	0	0	0	0	0	0	2	502	0	46	38	0	0	2
0	47	1	0	0	0	0	0	1	0	0	0	0	8	0	0	0	21	0	1	21	18	127	0	1077	0	23	0	0	0	0	14	0	1	0	11	0	0	0	0	3	0	0	0	0	137	0	0	0	0	0	0	27	44	0	156	105	26	9	2	1	0	0	0	0	0	0	0	79	0	0	2	0	0	0
0	3	3	0	0	1	6	19	39	1	17	0	0	10	2	35	10	488	0	97	75	443	59	0	1	23	0	0	0	0	0	5	0	240	13	48	1	0	0	166	183	1	0	0	0	23	20	0	0	0	0	0	377	13	0	204	6	11	40	3	48	0	2	0	0	0	1	117	111	0	53	161	5	0	21
0	0	0	106	0	0	0	0	0	0	128	0	0	0	8	86	0	0	0	0	0	0	0	0	0	0	0	0	0	0	0	0	0	0	0	0	134	0	0	1	0	149	0	0	0	1	0	2	144	0	0	0	0	0	0	0	0	0	0	8	0	0	1	0	0	0	90	0	0	0	0	0	0	2	0
0	0	0	0	0	0	0	0	0	0	0	0	0	0	0	0	0	0	0	0	0	0	0	0	0	0	0	0	0	0	0	0	0	0	0	0	0	0	0	0	0	0	0	0	0	0	0	0	0	0	0	0	0	0	0	0	0	0	0	0	0	0	0	0	0	0	0	0	0	0	0	0	0	0	0
0	0	0	0	0	0	0	0	0	0	0	0	0	0	0	0	0	0	0	0	0	0	0	0	0	0	0	0	0	0	0	0	0	0	0	0	0	0	0	0	0	0	0	0	0	0	0	0	0	0	0	0	0	0	0	0	0	0	0	0	0	0	0	0	0	0	0	0	0	0	0	0	0	0	0
0	0	0	0	0	0	0	0	0	0	0	0	0	0	0	0	0	0	0	0	0	0	0	0	0	0	0	0	0	0	0	0	0	0	0	0	0	0	0	0	0	0	0	0	0	0	0	0	0	0	0	0	0	0	0	0	0	0	0	0	0	0	0	0	0	0	0	0	0	0	0	0	0	0	0
0	5	5	9	0	4	4	0	0	11	212	0	0	1	69	7	2	6	0	29	132	2	154	0	6	14	5	0	0	0	0	0	0	1	35	7	0	0	0	1	0	10	7	0	106	25	0	96	27	0	0	107	23	373	0	186	28	305	76	0	1	0	0	0	7	0	0	160	25	0	210	1	14	5	132
0	0	0	0	0	0	0	0	0	0	0	0	0	0	0	0	0	0	0	0	0	0	0	0	0	0	0	0	0	0	0	0	0	0	0	0	0	0	0	0	0	0	0	0	0	0	0	0	0	0	0	0	0	0	0	0	0	0	0	0	0	0	0	0	0	0	0	0	0	0	0	0	0	0	0
0	5	17	0	0	0	0	0	352	68	3	24	0	222	20	1	0	308	6	9	142	298	8	0	0	1	240	0	0	0	0	1	0	0	1	43	0	0	0	13	6	30	2	0	0	100	0	0	1	0	0	0	94	1	0	3	28	17	18	25	79	0	47	0	0	0	0	1	3	4	5	12	14	3	9
0	1	208	0	0	0	0	0	4	19	0	2	0	351	0	0	0	93	3	0	11	137	28	0	20	0	13	0	0	0	0	35	0	1	0	19	0	0	0	0	0	0	0	0	0	24	0	0	0	0	0	0	57	0	0	25	0	0	312	60	140	0	26	0	0	0	0	0	0	0	1	0	1	258	0
0	159	9	1	0	0	0	0	49	44	2	0	0	39	1	1	1	143	4	97	62	54	120	0	114	11	48	0	0	0	0	7	0	43	19	0	0	0	0	34	60	7	3	0	9	101	0	3	0	0	0	0	394	1	0	13	70	14	326	403	390	0	54	0	3	0	0	127	128	0	0	131	10	3	0
0	0	24	0	0	0	0	0	0	3	357	60	0	2	2	367	0	1	42	0	0	1	0	0	0	0	1	134	0	0	0	0	0	0	0	0	0	0	0	0	0	196	33	0	6	11	0	0	454	0	0	0	1	0	0	0	0	72	2	0	0	0	4	0	1	0	0	0	0	5	1	0	24	47	0
0	0	0	0	0	0	0	0	0	0	0	0	0	0	0	0	0	0	0	0	0	0	0	0	0	0	0	0	0	0	0	0	0	0	0	0	0	0	0	0	0	0	0	0	0	0	0	0	0	0	0	0	0	0	0	0	0	0	0	0	0	0	0	0	0	0	0	0	0	0	0	0	0	0	0
0	0	0	0	0	0	0	0	0	0	0	0	0	0	0	0	0	0	0	0	0	0	0	0	0	0	0	0	0	0	0	0	0	0	0	0	0	0	0	0	0	0	0	0	0	0	0	0	0	0	0	0	0	0	0	0	0	0	0	0	0	0	0	0	0	0	0	0	0	0	0	0	0	0	0
0	1	5	0	0	0	0	0	151	0	0	0	0	170	16	0	0	243	1	2	82	224	0	0	2	0	166	1	0	0	0	1	0	13	0	34	0	0	0	0	0	0	0	0	0	30	0	0	0	0	0	0	191	0	0	1	1	0	3	4	15	0	0	0	0	0	0	0	0	0	0	0	0	0	0
0	0	332	0	0	0	0	0	344	0	0	0	0	305	1	1	0	191	0	2	147	286	0	0	0	3	183	0	0	0	0	0	0	6	0	60	0	0	0	0	0	0	0	0	0	26	0	0	0	0	0	0	93	0	0	2	3	3	9	0	175	0	0	0	1	0	0	0	0	0	0	0	7	2	0
0	1	8	48	0	10	0	141	0	24	191	31	0	8	1	209	1	5	41	1	4	8	0	0	0	0	1	149	0	0	0	10	0	30	0	7	196	0	0	0	0	0	0	0	196	37	0	4	540	0	1	0	2	3	0	0	0	3	0	3	1	0	29	0	0	0	98	0	0	0	0	0	24	4	4
0	0	3	2	0	21	0	0	2	21	159	194	0	5	35	345	0	0	28	10	10	1	0	0	0	0	0	0	0	0	0	7	0	2	0	3	33	0	0	0	0	0	0	0	107	42	0	100	75	0	2	0	0	0	0	0	0	54	264	505	18	0	24	0	24	0	0	26	0	3	0	1	2	90	0
0	0	0	0	0	0	0	0	0	0	0	0	0	0	0	0	0	0	0	0	0	0	0	0	0	0	0	0	0	0	0	0	0	0	0	0	0	0	0	0	0	0	0	0	0	0	0	0	0	0	0	0	0	0	0	0	0	0	0	0	0	0	0	0	0	0	0	0	0	0	0	0	0	0	0
0	0	6	0	0	0	0	2	0	16	383	12	0	9	1	303	0	0	47	28	12	4	1	0	0	0	0	0	0	0	0	106	0	0	0	9	6	0	0	0	0	196	107	0	0	50	0	0	466	0	0	0	0	2	0	1	0	77	126	4	1	0	56	0	0	0	2	0	0	2	0	6	10	49	0
0	9	6	12	0	12	0	31	0	109	4	0	0	1	18	10	1	67	62	43	41	78	144	0	246	137	23	1	0	0	0	25	0	100	24	101	11	0	0	30	26	37	42	0	50	0	0	13	0	0	5	2	172	126	0	199	21	139	21	5	1	0	35	0	27	0	0	55	11	0	11	23	38	6	23
0	0	227	0	0	0	0	0	1	0	0	10	0	206	1	0	0	9	0	0	2	66	0	0	0	0	20	0	0	0	0	0	0	0	0	0	0	0	0	0	0	0	0	0	0	0	0	0	7	0	0	0	39	0	0	0	0	0	155	0	83	0	0	0	0	0	0	0	0	2	0	0	1	138	0
0	0	11	0	0	0	0	0	0	11	3	84	0	0	64	53	0	1	4	0	2	0	0	0	0	0	0	2	0	0	0	96	0	0	0	3	0	0	0	0	0	4	100	0	0	13	0	0	1	0	0	0	0	0	0	0	0	0	41	274	2	0	6	0	12	0	0	0	0	0	0	0	11	19	0
0	0	0	214	0	28	0	0	0	1	841	0	0	0	0	554	12	1	49	99	23	0	1	0	0	0	0	144	0	0	0	27	0	1	0	0	454	0	0	0	0	540	75	0	466	0	7	1	0	0	2	11	0	262	0	10	0	508	0	0	0	0	5	0	0	0	134	0	0	0	296	1	0	2	0
0	0	0	0	0	0	0	0	0	0	0	0	0	0	0	0	0	0	0	0	0	0	0	0	0	0	0	0	0	0	0	0	0	0	0	0	0	0	0	0	0	0	0	0	0	0	0	0	0	0	0	0	0	0	0	0	0	0	0	0	0	0	0	0	0	0	0	0	0	0	0	0	0	0	0
0	0	1	0	0	0	0	0	0	2	2	0	0	0	2	14	0	0	332	0	0	0	0	0	0	0	0	0	0	0	0	0	0	0	0	0	0	0	0	0	0	1	2	0	0	5	0	0	2	0	0	0	0	0	0	0	0	1	11	0	0	0	6	0	2	0	0	0	0	0	0	0	0	0	0
0	2	0	0	0	0	0	0	0	0	49	0	0	0	0	1	0	0	0	0	75	0	63	0	0	0	0	0	0	0	0	107	0	0	0	0	0	0	0	0	0	0	0	0	0	2	0	0	11	0	0	0	1	0	0	0	0	59	0	0	0	0	0	0	0	0	0	0	0	0	0	0	0	0	0
0	56	1	0	0	0	12	61	3	0	3	0	0	18	0	0	17	891	1	221	17	473	185	0	0	27	377	0	0	0	0	23	0	94	57	394	1	0	0	191	93	2	0	0	0	172	39	0	0	0	0	1	0	26	0	276	70	24	170	1	44	0	3	0	0	0	0	183	58	0	51	80	5	1	40
0	0	1	0	0	0	0	0	0	1	460	0	0	0	0	19	0	14	21	40	245	14	12	0	206	44	13	0	0	0	0	373	0	1	0	1	0	0	0	0	0	3	0	0	2	126	0	0	262	0	0	0	26	0	0	82	0	304	36	0	0	0	0	0	0	0	0	0	0	0	1	0	1	2	0
0	0	0	0	0	0	0	0	0	0	0	0	0	0	0	0	0	0	0	0	0	0	0	0	0	0	0	0	0	0	0	0	0	0	0	0	0	0	0	0	0	0	0	0	0	0	0	0	0	0	0	0	0	0	0	0	0	0	0	0	0	0	0	0	0	0	0	0	0	0	0	0	0	0	0
0	199	11	0	0	0	0	12	0	2	13	0	0	22	0	18	1	257	0	17	257	113	341	0	412	156	204	0	0	0	0	186	0	3	25	13	0	0	0	1	2	0	0	0	1	199	0	0	10	0	0	0	276	82	0	0	87	7	56	28	85	0	0	0	0	0	0	35	160	0	28	31	0	2	1
0	28	0	0	0	0	0	0	135	13	3	0	0	27	23	0	0	13	0	8	313	32	86	0	335	105	6	0	0	0	0	28	0	28	0	70	0	0	0	1	3	0	0	0	0	21	0	0	0	0	0	0	70	0	0	87	0	137	50	250	115	0	0	0	0	0	0	0	4	0	11	3	0	1	1
0	0	59	210	0	0	0	2	11	25	600	6	0	41	19	275	0	9	60	149	473	2	0	0	25	26	11	0	0	0	0	305	0	17	0	14	72	0	0	0	3	3	54	0	77	139	0	0	508	0	1	59	24	304	0	7	137	0	93	166	98	0	26	0	1	0	38	11	2	5	260	13	23	16	36
0	31	13	3	0	0	0	0	4	0	2	0	0	28	39	9	1	29	13	92	2	30	185	0	2	9	40	0	0	0	0	76	0	18	312	326	2	0	0	3	9	0	264	0	126	21	155	41	0	0	11	0	170	36	0	56	50	93	0	452	359	0	34	0	1	0	0	305	64	14	18	194	20	0	74
0	0	10	102	0	6	0	0	163	39	3	4	0	53	2	39	2	12	0	124	155	9	4	0	0	2	3	8	0	0	0	0	0	25	60	403	0	0	0	4	0	3	505	0	4	5	0	274	0	0	0	0	1	0	0	28	250	166	452	0	1189	0	16	0	0	0	0	774	4	8	533	572	6	82	2
0	0	132	1	0	2	0	3	764	42	0	0	0	455	0	2	16	11	0	253	180	44	244	0	0	1	48	0	0	0	0	1	0	79	140	390	0	0	0	15	175	1	18	0	1	1	83	2	0	0	0	0	44	0	0	85	115	98	359	1189	0	0	0	0	18	0	0	100	137	0	182	475	30	0	13
0	0	0	0	0	0	0	0	0	0	0	0	0	0	0	0	0	0	0	0	0	0	0	0	0	0	0	0	0	0	0	0	0	0	0	0	0	0	0	0	0	0	0	0	0	0	0	0	0	0	0	0	0	0	0	0	0	0	0	0	0	0	0	0	0	0	0	0	0	0	0	0	0	0	0
0	1	52	24	0	166	0	1	1	8	64	148	0	19	409	47	100	2	61	0	15	0	0	0	0	0	2	1	0	0	0	0	0	47	26	54	4	0	0	0	0	29	24	0	56	35	0	6	5	0	6	0	3	0	0	0	0	26	34	16	0	0	0	0	0	0	0	0	0	42	22	3	146	65	5
0	0	0	0	0	0	0	0	0	0	0	0	0	0	0	0	0	0	0	0	0	0	0	0	0	0	0	0	0	0	0	0	0	0	0	0	0	0	0	0	0	0	0	0	0	0	0	0	0	0	0	0	0	0	0	0	0	0	0	0	0	0	0	0	0	0	0	0	0	0	0	0	0	0	0
0	0	14	2	0	0	0	0	1	14	1	4	0	8	42	5	24	0	7	0	8	0	0	0	0	0	0	0	0	0	0	7	0	0	0	3	1	0	0	0	1	0	24	0	0	27	0	12	0	0	2	0	0	0	0	0	0	1	1	0	18	0	0	0	0	0	0	0	1	2	0	3	13	100	1
0	0	0	0	0	0	0	0	0	0	0	0	0	0	0	0	0	0	0	0	0	0	0	0	0	0	0	0	0	0	0	0	0	0	0	0	0	0	0	0	0	0	0	0	0	0	0	0	0	0	0	0	0	0	0	0	0	0	0	0	0	0	0	0	0	0	0	0	0	0	0	0	0	0	0
0	0	2	0	0	0	0	0	0	0	58	0	0	1	8	11	0	0	1	0	2	0	0	0	0	0	1	90	0	0	0	0	0	0	0	0	0	0	0	0	0	98	0	0	2	0	0	0	134	0	0	0	0	0	0	0	0	38	0	0	0	0	0	0	0	0	0	0	0	0	0	0	2	1	0
0	69	2	0	0	0	0	0	0	5	0	0	0	0	0	1	0	43	2	0	19	16	233	0	2	0	117	0	0	0	0	160	0	1	0	127	0	0	0	0	0	0	26	0	0	55	0	0	0	0	0	0	183	0	0	35	0	11	305	774	100	0	0	0	0	0	0	0	0	0	3	2	2	2	0
0	262	3	0	0	0	0	0	1	6	24	0	0	16	0	41	0	107	1	28	102	58	213	0	502	79	111	0	0	0	0	25	0	3	0	128	0	0	0	0	0	0	0	0	0	11	0	0	0	0	0	0	58	0	0	160	4	2	64	4	137	0	0	0	1	0	0	0	0	0	0	0	0	0	0
0	0	16	9	0	0	0	0	0	0	7	0	0	0	2	94	11	0	47	0	0	0	0	0	0	0	0	0	0	0	0	0	0	4	0	0	5	0	0	0	0	0	3	0	2	0	2	0	0	0	0	0	0	0	0	0	0	5	14	8	0	0	42	0	2	0	0	0	0	0	3	0	2	29	0
0	1	31	2	0	0	0	0	42	39	335	2	0	39	9	184	1	35	23	5	296	12	10	0	46	0	53	0	0	0	0	210	0	5	1	0	1	0	0	0	0	0	0	0	0	11	0	0	296	0	0	0	51	1	0	28	11	260	18	533	182	0	22	0	0	0	0	3	0	3	0	1	18	35	1
0	2	146	0	0	0	0	0	314	35	3	0	0	399	8	7	0	124	0	6	347	175	79	0	38	2	161	0	0	0	0	1	0	12	0	131	0	0	0	0	0	0	1	0	6	23	0	0	1	0	0	0	80	0	0	31	3	13	194	572	475	0	3	0	3	0	0	2	0	0	1	0	5	3	0
0	0	13	5	0	3	0	5	15	32	4	75	0	32	90	8	4	7	81	0	9	6	0	0	0	0	5	0	0	0	0	14	0	14	1	10	24	0	0	0	7	24	2	0	10	38	1	11	0	0	0	0	5	1	0	0	0	23	20	6	30	0	146	0	13	0	2	2	0	2	18	5	0	19	2
0	1	281	4	1	249	0	0	0	17	21	102	0	19	5	8	108	1	5	1	0	0	2	0	0	0	0	2	0	0	0	5	0	3	258	3	47	0	0	0	2	4	90	0	49	6	138	19	2	0	0	0	1	2	0	2	1	16	0	82	0	0	65	0	100	0	1	2	0	29	35	3	19	0	1
0	1	2	0	0	0	0	0	0	14	0	0	0	6	0	7	0	40	7	24	10	24	57	0	2	0	21	0	0	0	0	132	0	9	0	0	0	0	0	0	0	4	0	0	0	23	0	0	0	0	0	0	40	0	0	1	1	36	74	2	13	0	5	0	1	0	0	0	0	0	1	0	2	1	0
