0	0	0	0	0	0	0	0	0	0	0	0	0	0	0	0	0	0	0	0	0	0	0	0	0	0	0	0	0	0	0	0	0	0	0	0	0	0	0	0	0	0	0	0	0	0	0	0	0	0	0	0	0	0	0	0	0	0	0	0	0	0	0	0	0	0	0	0	0	0	0	0	0	0	0
0	0	0	0	0	0	0	40	1	1	0	0	0	0	0	16	0	104	28	2	0	110	347	0	128	9	38	0	0	41	0	19	0	194	1	204	0	0	0	0	119	23	4	0	32	10	21	0	0	0	0	4	288	21	0	180	31	9	11	11	0	8	18	0	7	0	0	149	0	0	0	42	13	0	3
0	0	0	1	0	66	0	0	65	0	1	0	0	52	1	0	4	0	1	0	0	2	0	0	0	0	0	0	0	2	0	1	0	1	55	3	0	0	0	0	17	0	1	0	0	6	2	0	1	0	0	0	1	0	0	0	0	1	1	50	3	1	1	0	65	0	0	0	0	0	1	31	0	2	0
0	0	1	0	0	18	0	0	0	0	197	24	0	0	87	19	4	0	23	0	3	11	0	0	0	0	0	182	0	0	0	49	0	0	0	0	0	0	0	0	0	103	11	15	0	0	0	16	10	0	0	0	0	0	0	4	6	172	2	3	0	0	148	0	16	0	47	0	0	0	1	0	6	24	0
0	0	0	0	0	0	0	0	47	0	10	0	0	37	0	1	0	6	0	2	42	0	0	0	12	0	0	0	0	26	0	0	0	0	17	45	0	0	0	0	82	4	0	0	0	0	0	0	0	0	0	0	0	0	0	0	21	22	0	70	26	0	0	0	0	0	1	3	0	0	4	53	2	0	0
0	0	66	18	0	0	0	0	1	4	5	571	0	294	49	0	56	3	6	1	0	3	1	0	0	0	0	0	0	1	0	1	0	0	325	0	0	0	0	0	11	1	155	0	0	0	123	1	2	0	0	0	1	0	0	12	2	2	4	1	0	18	837	0	274	0	8	1	0	0	0	1	195	734	0
0	0	0	0	0	0	0	0	0	0	0	0	0	0	0	0	0	0	0	0	0	0	0	0	0	0	0	0	0	0	0	0	0	0	0	0	0	0	0	0	0	0	0	0	0	0	0	0	0	0	0	0	0	0	0	0	0	0	0	0	0	0	0	0	0	0	0	0	0	0	0	0	0	0	0
0	40	0	0	0	0	0	0	0	0	0	0	0	0	0	0	0	58	7	0	0	6	4	0	2	0	1	0	0	0	0	0	0	0	0	0	0	0	0	0	0	135	0	2	0	0	0	0	0	0	0	1	9	0	0	8	1	0	16	0	0	0	1	0	0	0	9	0	0	0	0	0	0	1	0
0	1	65	0	47	1	0	0	0	0	0	0	0	382	0	0	0	1	0	0	9	121	1	0	24	1	52	0	0	6	0	0	0	2	56	3	0	0	0	0	58	0	0	0	0	0	0	0	0	0	0	0	66	0	0	0	3	2	10	0	260	0	0	0	0	0	0	0	0	0	0	0	0	0	0
0	1	0	0	0	4	0	0	0	0	0	9	0	19	1	0	0	0	11	0	0	0	0	0	0	0	0	0	0	1	0	1	0	0	0	0	0	0	0	0	0	0	0	0	0	0	0	0	0	0	0	1	0	0	0	4	0	0	27	0	21	0	6	0	0	0	0	0	0	0	2	0	0	11	0
0	0	1	197	10	5	0	0	0	0	0	33	0	0	64	299	2	16	81	218	9	0	1	0	0	0	0	13	0	0	0	111	0	3	0	0	0	0	0	0	2	114	176	7	255	16	0	18	277	0	0	56	0	202	0	1	6	477	34	6	0	47	129	0	0	0	225	0	0	0	272	2	18	36	0
0	0	0	24	0	571	0	0	0	9	33	0	0	1	413	0	83	12	32	0	13	20	0	0	0	0	17	1	0	0	0	9	0	5	52	0	0	0	0	0	2	5	132	0	0	2	1	0	0	0	0	0	0	0	0	0	0	42	18	0	0	174	711	0	86	0	1	0	0	0	0	23	114	460	0
0	0	0	0	0	0	0	0	0	0	0	0	0	0	0	0	0	0	0	0	0	0	0	0	0	0	0	0	0	0	0	0	0	0	0	0	0	0	0	0	0	0	0	0	0	0	0	0	0	0	0	0	0	0	0	0	0	0	0	0	0	0	0	0	0	0	0	0	0	0	0	0	0	0	0
0	0	52	0	37	294	0	0	382	19	0	1	0	0	3	0	58	6	0	14	16	160	7	0	37	5	1	0	0	91	0	1	0	316	397	141	0	0	0	0	406	8	2	1	0	2	241	0	0	0	0	0	13	0	0	9	18	16	29	65	459	0	5	0	38	0	1	1	0	0	13	319	140	1	1
0	0	1	87	0	49	0	0	0	1	64	413	0	3	0	10	1	2	14	0	0	6	0	0	0	0	0	2	0	1	0	84	0	2	8	0	0	0	0	0	0	3	2	0	2	0	0	9	2	0	0	0	2	0	0	11	0	1	4	5	0	200	1039	0	1	0	13	0	0	0	1	1	61	34	0
0	16	0	19	1	0	0	0	0	0	299	0	0	0	10	0	26	1	29	141	0	1	0	0	0	0	0	0	0	0	0	5	0	2	0	0	0	0	0	0	0	15	169	0	181	0	6	0	171	0	0	0	1	17	0	0	0	130	8	2	0	0	1	0	0	0	25	0	0	0	90	5	1	0	2
0	0	4	4	0	56	0	0	0	0	2	83	0	58	1	26	0	0	4	0	1	1	0	0	0	0	4	0	0	6	0	15	0	0	9	0	0	0	0	0	1	0	0	0	0	0	0	0	0	0	0	16	6	0	0	0	1	0	5	0	3	0	84	0	0	0	0	0	0	0	0	0	0	53	0
0	104	0	0	6	3	0	58	1	0	16	12	0	6	2	1	0	0	71	33	10	64	149	0	6	1	36	0	0	120	0	2	0	119	30	73	0	0	0	0	109	34	19	0	54	48	1	0	0	0	0	1	268	0	0	104	2	4	7	2	0	43	80	0	1	0	1	16	0	0	1	35	12	3	1
0	28	1	23	0	6	0	7	0	11	81	32	0	0	14	29	4	71	0	3	1	7	18	0	0	0	0	1	0	0	0	38	0	24	1	0	0	3	0	0	3	32	43	10	46	1	0	3	26	0	409	9	39	17	0	19	8	18	21	0	1	36	142	0	0	0	3	0	0	0	6	0	39	10	4
0	2	0	0	2	1	0	0	0	0	218	0	0	14	0	141	0	33	3	0	64	5	2	0	6	1	2	0	0	32	0	73	0	3	1	3	0	0	0	0	0	0	0	3	0	26	0	0	0	0	0	35	36	33	0	1	4	286	279	50	12	0	0	0	0	0	0	0	0	0	21	0	0	0	0
0	0	0	3	42	0	0	0	9	0	9	13	0	16	0	0	1	10	1	64	0	30	0	0	4	0	10	0	0	16	0	1	0	71	1	18	0	0	0	0	153	4	0	0	0	4	0	0	15	0	7	2	1	44	0	12	87	171	0	27	8	0	0	0	0	0	2	0	0	0	65	65	10	16	0
0	110	2	11	0	3	0	6	121	0	0	20	0	160	6	1	1	64	7	5	30	0	2	0	2	4	430	0	0	110	0	0	0	220	188	143	0	0	0	0	325	71	2	0	1	30	27	5	0	0	0	3	526	15	0	28	40	5	9	0	0	10	17	0	4	0	0	1	0	0	0	45	10	26	0
0	347	0	0	0	1	0	4	1	0	1	0	0	7	0	0	0	149	18	2	0	2	0	0	401	53	50	0	0	4	0	19	0	1	13	16	0	0	0	0	9	3	9	1	8	95	0	0	0	0	0	10	195	2	0	141	8	1	65	5	31	0	3	0	0	0	0	19	0	0	2	6	2	0	6
0	0	0	0	0	0	0	0	0	0	0	0	0	0	0	0	0	0	0	0	0	0	0	0	0	0	0	0	0	0	0	0	0	0	0	0	0	0	0	0	0	0	0	0	0	0	0	0	0	0	0	0	0	0	0	0	0	0	0	0	0	0	0	0	0	0	0	0	0	0	0	0	0	0	0
0	128	0	0	12	0	0	2	24	0	0	0	0	37	0	0	0	6	0	6	4	2	401	0	0	621	4	0	0	70	0	11	0	0	68	44	0	0	0	0	50	1	2	0	0	196	0	0	0	0	0	4	109	171	0	310	375	59	44	6	10	0	0	0	0	0	0	2	0	0	30	18	6	0	0
0	9	0	0	0	0	0	0	1	0	0	0	0	5	0	0	0	1	0	1	0	4	53	0	621	0	2	0	0	2	0	1	0	3	0	2	0	0	0	0	0	0	0	0	0	21	0	0	0	0	0	1	7	4	0	42	68	9	0	0	2	0	1	0	0	0	0	0	0	0	0	0	0	0	0
0	38	0	0	0	0	0	1	52	0	0	17	0	1	0	0	4	36	0	2	10	430	50	0	4	2	0	0	0	64	0	0	0	233	29	115	0	0	0	0	285	11	0	0	0	1	17	0	0	0	0	5	387	38	0	37	16	9	30	5	5	0	22	0	0	0	0	54	0	0	0	132	13	1	0
0	0	0	182	0	0	0	0	0	0	13	1	0	0	2	0	0	0	1	0	0	0	0	0	0	0	0	0	0	0	0	0	0	0	0	0	0	0	0	0	0	306	0	0	2	0	0	0	117	0	0	0	0	0	0	1	0	0	0	0	0	1	5	0	0	0	387	0	0	0	0	0	2	1	0
0	0	0	0	0	0	0	0	0	0	0	0	0	0	0	0	0	0	0	0	0	0	0	0	0	0	0	0	0	0	0	0	0	0	0	0	0	0	0	0	0	0	0	0	0	0	0	0	0	0	0	0	0	0	0	0	0	0	0	0	0	0	0	0	0	0	0	0	0	0	0	0	0	0	0
0	41	2	0	26	1	0	0	6	1	0	0	0	91	1	0	6	120	0	32	16	110	4	0	70	2	64	0	0	0	0	1	0	66	12	115	0	0	0	0	167	16	0	2	0	11	4	0	0	0	0	0	432	0	0	15	31	11	297	188	314	0	0	0	0	0	0	56	0	0	3	41	1	0	2
0	0	0	0	0	0	0	0	0	0	0	0	0	0	0	0	0	0	0	0	0	0	0	0	0	0	0	0	0	0	0	0	0	0	0	0	0	0	0	0	0	0	0	0	0	0	0	0	0	0	0	0	0	0	0	0	0	0	0	0	0	0	0	0	0	0	0	0	0	0	0	0	0	0	0
0	19	1	49	0	1	0	0	0	1	111	9	0	1	84	5	15	2	38	73	1	0	19	0	11	1	0	0	0	1	0	0	0	1	1	1	0	0	0	0	1	1	1	2	82	80	0	79	21	0	0	256	8	160	0	22	5	153	25	0	0	17	73	0	2	0	0	88	0	0	100	2	12	0	55
0	0	0	0	0	0	0	0	0	0	0	0	0	0	0	0	0	0	0	0	0	0	0	0	0	0	0	0	0	0	0	0	0	0	0	0	0	0	0	0	0	0	0	0	0	0	0	0	0	0	0	0	0	0	0	0	0	0	0	0	0	0	0	0	0	0	0	0	0	0	0	0	0	0	0
0	194	1	0	0	0	0	0	2	0	3	5	0	316	2	2	0	119	24	3	71	220	1	0	0	3	233	0	0	66	0	1	0	0	10	17	0	0	0	0	61	10	3	0	1	7	6	0	0	0	0	0	342	2	0	4	3	6	14	9	131	4	51	0	0	0	0	3	0	0	3	5	0	10	0
0	1	55	0	17	325	0	0	56	0	0	52	0	397	8	0	9	30	1	1	1	188	13	0	68	0	29	0	0	12	0	1	0	10	0	8	0	0	0	0	152	13	0	1	1	12	0	0	0	0	0	0	27	3	0	4	2	16	127	69	98	0	19	0	3	0	0	19	0	0	1	50	54	367	0
0	204	3	0	45	0	0	0	3	0	0	0	0	141	0	0	0	73	0	3	18	143	16	0	44	2	115	0	0	115	0	1	0	17	8	0	0	0	0	0	117	12	6	1	0	5	5	0	0	0	0	2	330	0	0	12	8	7	232	19	113	0	0	0	0	0	2	2	0	0	4	6	0	0	0
0	0	0	0	0	0	0	0	0	0	0	0	0	0	0	0	0	0	0	0	0	0	0	0	0	0	0	0	0	0	0	0	0	0	0	0	0	0	0	0	0	0	0	0	0	0	0	0	0	0	0	0	0	0	0	0	0	0	0	0	0	0	0	0	0	0	0	0	0	0	0	0	0	0	0
0	0	0	0	0	0	0	0	0	0	0	0	0	0	0	0	0	0	3	0	0	0	0	0	0	0	0	0	0	0	0	0	0	0	0	0	0	0	0	0	0	0	0	0	0	0	0	0	0	0	0	0	0	0	0	0	0	0	0	0	0	0	0	0	0	0	0	0	0	0	0	0	3	0	0
0	0	0	0	0	0	0	0	0	0	0	0	0	0	0	0	0	0	0	0	0	0	0	0	0	0	0	0	0	0	0	0	0	0	0	0	0	0	0	0	0	0	0	0	0	0	0	0	0	0	0	0	0	0	0	0	0	0	0	0	0	0	0	0	0	0	0	0	0	0	0	0	0	0	0
0	0	0	0	0	0	0	0	0	0	0	0	0	0	0	0	0	0	0	0	0	0	0	0	0	0	0	0	0	0	0	0	0	0	0	0	0	0	0	0	0	0	0	0	0	0	0	0	0	0	0	0	0	0	0	0	0	0	0	0	0	0	0	0	0	0	0	0	0	0	0	0	0	0	0
0	119	17	0	82	11	0	0	58	0	2	2	0	406	0	0	1	109	3	0	153	325	9	0	50	0	285	0	0	167	0	1	0	61	152	117	0	0	0	0	0	15	2	0	0	15	3	0	0	0	0	0	403	0	0	13	12	8	21	35	183	1	3	0	0	0	1	0	0	0	5	61	14	0	0
0	23	0	103	4	1	0	135	0	0	114	5	0	8	3	15	0	34	32	0	4	71	3	0	1	0	11	306	0	16	0	1	0	10	13	12	0	0	0	0	15	0	2	0	234	5	0	0	235	0	0	0	24	0	0	6	12	1	1	9	0	1	46	0	1	0	254	1	0	0	0	0	1	31	1
0	4	1	11	0	155	0	0	0	0	176	132	0	2	2	169	0	19	43	0	0	2	9	0	2	0	0	0	0	0	0	1	0	3	0	6	0	0	0	0	2	2	0	3	0	0	0	0	0	0	0	0	2	0	0	1	0	23	285	120	13	0	294	0	0	0	1	0	0	0	0	0	0	36	0
0	0	0	15	0	0	0	2	0	0	7	0	0	1	0	0	0	0	10	3	0	0	1	0	0	0	0	0	0	2	0	2	0	0	1	1	0	0	0	0	0	0	3	0	0	0	0	0	7	0	0	0	0	0	0	4	11	1	8	5	0	0	6	0	0	0	0	1	0	0	0	0	12	0	1
0	32	0	0	0	0	0	0	0	0	255	0	0	0	2	181	0	54	46	0	0	1	8	0	0	0	0	2	0	0	0	82	0	1	1	0	0	0	0	0	0	234	0	0	0	0	0	0	0	0	0	33	12	34	0	2	0	34	141	0	0	0	1	0	0	0	16	0	0	0	0	0	0	2	0
0	10	6	0	0	0	0	0	0	0	16	2	0	2	0	0	0	48	1	26	4	30	95	0	196	21	1	0	0	11	0	80	0	7	12	5	0	0	0	0	15	5	0	0	0	0	2	0	0	0	0	4	37	118	0	36	13	9	65	0	0	21	0	0	0	0	0	36	0	0	69	18	0	0	20
0	21	2	0	0	123	0	0	0	0	0	1	0	241	0	6	0	1	0	0	0	27	0	0	0	0	17	0	0	4	0	0	0	6	0	5	0	0	0	0	3	0	0	0	0	2	0	0	0	0	0	0	49	0	0	1	0	0	124	0	134	0	1	0	0	0	0	0	0	0	0	0	0	101	0
0	0	0	16	0	1	0	0	0	0	18	0	0	0	9	0	0	0	3	0	0	5	0	0	0	0	0	0	0	0	0	79	0	0	0	0	0	0	0	0	0	0	0	0	0	0	0	0	0	0	0	0	0	0	0	0	0	0	0	4	0	0	3	0	0	0	0	0	0	0	0	0	0	0	0
0	0	1	10	0	2	0	0	0	0	277	0	0	0	2	171	0	0	26	0	15	0	0	0	0	0	0	117	0	0	0	21	0	0	0	0	0	0	0	0	0	235	0	7	0	0	0	0	0	0	0	3	0	20	0	0	5	301	0	0	0	0	18	0	0	0	89	0	0	0	11	0	0	0	0
0	0	0	0	0	0	0	0	0	0	0	0	0	0	0	0	0	0	0	0	0	0	0	0	0	0	0	0	0	0	0	0	0	0	0	0	0	0	0	0	0	0	0	0	0	0	0	0	0	0	0	0	0	0	0	0	0	0	0	0	0	0	0	0	0	0	0	0	0	0	0	0	0	0	0
0	0	0	0	0	0	0	0	0	0	0	0	0	0	0	0	0	0	409	0	7	0	0	0	0	0	0	0	0	0	0	0	0	0	0	0	0	0	0	0	0	0	0	0	0	0	0	0	0	0	0	0	0	0	0	0	0	0	0	0	0	0	0	0	0	0	0	0	0	0	0	0	0	16	0
0	4	0	0	0	0	0	1	0	1	56	0	0	0	0	0	16	1	9	35	2	3	10	0	4	1	5	0	0	0	0	256	0	0	0	2	0	0	0	0	0	0	0	0	33	4	0	0	3	0	0	0	9	61	0	10	0	99	26	0	0	0	0	0	0	0	1	20	0	0	60	12	0	0	48
0	288	1	0	0	1	0	9	66	0	0	0	0	13	2	1	6	268	39	36	1	526	195	0	109	7	387	0	0	432	0	8	0	342	27	330	0	0	0	0	403	24	2	0	12	37	49	0	0	0	0	9	0	62	0	135	47	25	44	0	0	1	18	0	0	0	0	69	0	0	1	40	30	0	3
0	21	0	0	0	0	0	0	0	0	202	0	0	0	0	17	0	0	17	33	44	15	2	0	171	4	38	0	0	0	0	160	0	2	3	0	0	0	0	0	0	0	0	0	34	118	0	0	20	0	0	61	62	0	0	15	4	221	98	1	0	0	1	0	0	0	0	2	0	0	44	0	1	0	33
0	0	0	0	0	0	0	0	0	0	0	0	0	0	0	0	0	0	0	0	0	0	0	0	0	0	0	0	0	0	0	0	0	0	0	0	0	0	0	0	0	0	0	0	0	0	0	0	0	0	0	0	0	0	0	0	0	0	0	0	0	0	0	0	0	0	0	0	0	0	0	0	0	0	0
0	180	0	4	0	12	0	8	0	4	1	0	0	9	11	0	0	104	19	1	12	28	141	0	310	42	37	1	0	15	0	22	0	4	4	12	0	0	0	0	13	6	1	4	2	36	1	0	0	0	0	10	135	15	0	0	163	0	25	3	10	2	27	0	0	0	0	21	0	0	2	0	3	4	1
0	31	0	6	21	2	0	1	3	0	6	0	0	18	0	0	1	2	8	4	87	40	8	0	375	68	16	0	0	31	0	5	0	3	2	8	0	0	0	0	12	12	0	11	0	13	0	0	5	0	0	0	47	4	0	163	0	164	6	0	44	1	3	0	0	0	0	1	0	0	147	2	5	0	1
0	9	1	172	22	2	0	0	2	0	477	42	0	16	1	130	0	4	18	286	171	5	1	0	59	9	9	0	0	11	0	153	0	6	16	7	0	0	0	0	8	1	23	1	34	9	0	0	301	0	0	99	25	221	0	0	164	0	62	87	8	0	25	0	0	0	30	4	0	0	297	6	8	6	99
0	11	1	2	0	4	0	16	10	27	34	18	0	29	4	8	5	7	21	279	0	9	65	0	44	0	30	0	0	297	0	25	0	14	127	232	0	0	0	0	21	1	285	8	141	65	124	0	0	0	0	26	44	98	0	25	6	62	0	362	356	0	27	0	0	0	0	338	0	0	11	224	18	10	260
0	11	50	3	70	1	0	0	0	0	6	0	0	65	5	2	0	2	0	50	27	0	5	0	6	0	5	0	0	188	0	0	0	9	69	19	0	0	0	0	35	9	120	5	0	0	0	4	0	0	0	0	0	1	0	3	0	87	362	0	486	0	0	0	0	0	0	214	0	0	84	6	4	1	0
0	0	3	0	26	0	0	0	260	21	0	0	0	459	0	0	3	0	1	12	8	0	31	0	10	2	5	0	0	314	0	0	0	131	98	113	0	0	0	0	183	0	13	0	0	0	134	0	0	0	0	0	0	0	0	10	44	8	356	486	0	0	1	0	18	0	0	77	0	0	14	306	91	0	0
0	8	1	0	0	18	0	0	0	0	47	174	0	0	200	0	0	43	36	0	0	10	0	0	0	0	0	1	0	0	0	17	0	4	0	0	0	0	0	0	1	1	0	0	0	21	0	0	0	0	0	0	1	0	0	2	1	0	0	0	0	0	140	0	0	0	0	0	0	0	0	0	0	33	0
0	18	1	148	0	837	0	1	0	6	129	711	0	5	1039	1	84	80	142	0	0	17	3	0	0	1	22	5	0	0	0	73	0	51	19	0	0	0	0	0	3	46	294	6	1	0	1	3	18	0	0	0	18	1	0	27	3	25	27	0	1	140	0	0	2	0	5	1	0	0	0	0	143	367	4
0	0	0	0	0	0	0	0	0	0	0	0	0	0	0	0	0	0	0	0	0	0	0	0	0	0	0	0	0	0	0	0	0	0	0	0	0	0	0	0	0	0	0	0	0	0	0	0	0	0	0	0	0	0	0	0	0	0	0	0	0	0	0	0	0	0	0	0	0	0	0	0	0	0	0
0	7	65	16	0	274	0	0	0	0	0	86	0	38	1	0	0	1	0	0	0	4	0	0	0	0	0	0	0	0	0	2	0	0	3	0	0	0	0	0	0	1	0	0	0	0	0	0	0	0	0	0	0	0	0	0	0	0	0	0	18	0	2	0	0	0	0	0	0	0	0	0	0	203	0
0	0	0	0	0	0	0	0	0	0	0	0	0	0	0	0	0	0	0	0	0	0	0	0	0	0	0	0	0	0	0	0	0	0	0	0	0	0	0	0	0	0	0	0	0	0	0	0	0	0	0	0	0	0	0	0	0	0	0	0	0	0	0	0	0	0	0	0	0	0	0	0	0	0	0
0	0	0	47	1	8	0	9	0	0	225	1	0	1	13	25	0	1	3	0	2	0	0	0	0	0	0	387	0	0	0	0	0	0	0	2	0	0	0	0	1	254	1	0	16	0	0	0	89	0	0	1	0	0	0	0	0	30	0	0	0	0	5	0	0	0	0	0	0	0	0	0	4	3	0
0	149	0	0	3	1	0	0	0	0	0	0	0	1	0	0	0	16	0	0	0	1	19	0	2	0	54	0	0	56	0	88	0	3	19	2	0	0	0	0	0	1	0	1	0	36	0	0	0	0	0	20	69	2	0	21	1	4	338	214	77	0	1	0	0	0	0	0	0	0	0	0	0	0	0
0	0	0	0	0	0	0	0	0	0	0	0	0	0	0	0	0	0	0	0	0	0	0	0	0	0	0	0	0	0	0	0	0	0	0	0	0	0	0	0	0	0	0	0	0	0	0	0	0	0	0	0	0	0	0	0	0	0	0	0	0	0	0	0	0	0	0	0	0	0	0	0	0	0	0
0	0	0	0	0	0	0	0	0	0	0	0	0	0	0	0	0	0	0	0	0	0	0	0	0	0	0	0	0	0	0	0	0	0	0	0	0	0	0	0	0	0	0	0	0	0	0	0	0	0	0	0	0	0	0	0	0	0	0	0	0	0	0	0	0	0	0	0	0	0	0	0	0	0	0
0	0	1	1	4	0	0	0	0	2	272	0	0	13	1	90	0	1	6	21	65	0	2	0	30	0	0	0	0	3	0	100	0	3	1	4	0	0	0	0	5	0	0	0	0	69	0	0	11	0	0	60	1	44	0	2	147	297	11	84	14	0	0	0	0	0	0	0	0	0	0	3	0	0	2
0	42	31	0	53	1	0	0	0	0	2	23	0	319	1	5	0	35	0	0	65	45	6	0	18	0	132	0	0	41	0	2	0	5	50	6	0	0	0	0	61	0	0	0	0	18	0	0	0	0	0	12	40	0	0	0	2	6	224	6	306	0	0	0	0	0	0	0	0	0	3	0	0	8	0
0	13	0	6	2	195	0	0	0	0	18	114	0	140	61	1	0	12	39	0	10	10	2	0	6	0	13	2	0	1	0	12	0	0	54	0	0	3	0	0	14	1	0	12	0	0	0	0	0	0	0	0	30	1	0	3	5	8	18	4	91	0	143	0	0	0	4	0	0	0	0	0	0	126	0
0	0	2	24	0	734	0	1	0	11	36	460	0	1	34	0	53	3	10	0	16	26	0	0	0	0	1	1	0	0	0	0	0	10	367	0	0	0	0	0	0	31	36	0	2	0	101	0	0	0	16	0	0	0	0	4	0	6	10	1	0	33	367	0	203	0	3	0	0	0	0	8	126	0	0
0	3	0	0	0	0	0	0	0	0	0	0	0	1	0	2	0	1	4	0	0	0	6	0	0	0	0	0	0	2	0	55	0	0	0	0	0	0	0	0	0	1	0	1	0	20	0	0	0	0	0	48	3	33	0	1	1	99	260	0	0	0	4	0	0	0	0	0	0	0	2	0	0	0	0
