0	0	0	0	0	0	0	0	0	0	0	0	0	0	0	0	0	0	0	0	0	0	0	0	0	0	0	0	0	0	0	0	0	0	0	0	0	0	0	0	0	0	0	0	0	0	0	0	0	0	0	0	0	0	0	0	0	0	0	0	0	0	0	0	0	0	0	0	0	0	0	0	0	0	0
0	0	0	0	0	0	65	23	0	0	0	0	0	0	1	0	0	73	0	38	0	1	337	0	199	83	3	0	0	0	0	9	0	10	0	207	0	0	0	0	8	2	0	0	0	7	0	0	0	0	0	0	39	20	0	252	29	0	123	2	1	0	1	0	0	0	0	37	242	0	0	2	2	0	0
0	0	0	22	0	392	3	4	99	0	5	11	0	930	29	8	184	14	11	79	60	4	0	25	0	1	6	3	0	0	0	2	0	91	334	19	11	0	0	3	515	12	9	0	5	1	345	18	0	0	1	0	1	1	0	6	0	113	67	53	601	0	73	0	71	0	2	5	7	11	48	298	24	415	2
0	0	22	0	0	0	0	0	6	0	129	12	0	5	69	163	0	5	5	0	14	8	0	0	0	0	0	233	0	0	0	0	0	7	0	1	0	0	0	0	0	109	15	0	0	7	0	0	113	0	0	0	0	0	0	0	0	80	8	56	20	0	90	0	15	0	60	0	0	9	3	0	15	2	0
0	0	0	0	0	0	0	0	0	0	0	0	0	0	0	0	0	0	1	0	0	0	0	0	0	0	0	0	0	0	0	0	0	0	0	12	0	0	0	0	0	0	0	0	0	0	0	0	0	0	0	0	0	0	0	0	0	0	0	0	0	0	0	0	0	0	0	0	0	0	0	3	0	0	0
0	0	392	0	0	0	0	0	0	0	1	268	0	100	45	1	0	1	6	0	0	0	0	0	0	0	0	5	0	0	0	0	0	0	0	0	0	0	0	0	0	7	58	0	0	0	0	0	28	0	0	0	0	0	0	2	0	0	3	0	0	0	368	0	134	0	0	0	0	0	0	0	8	224	0
0	65	3	0	0	0	0	0	0	0	1	0	0	1	0	0	0	324	0	6	12	235	9	0	12	0	162	0	0	0	0	4	0	22	0	18	0	0	0	0	0	2	0	0	0	119	0	0	0	0	0	1	24	0	0	2	1	0	6	0	0	0	0	0	0	0	0	0	0	0	0	0	3	0	0
0	23	4	0	0	0	0	0	0	0	0	0	0	1	0	2	0	30	2	0	1	0	1	0	0	0	5	0	0	0	0	0	0	1	0	6	0	0	0	0	0	274	1	0	2	0	0	0	1	0	0	0	1	0	0	0	0	0	0	0	3	0	1	0	0	0	2	0	0	0	0	0	2	1	0
0	0	99	6	0	0	0	0	0	0	0	0	0	499	0	0	0	179	0	73	193	508	0	1	0	1	10	0	0	0	0	0	0	217	3	21	0	0	0	77	317	0	0	0	0	23	2	0	0	0	0	0	5	0	0	1	88	9	21	110	749	0	0	0	0	0	0	0	0	0	16	385	14	0	0
0	0	0	0	0	0	0	0	0	0	0	0	0	0	0	0	0	0	0	0	0	0	0	0	0	0	0	0	0	0	0	0	0	0	0	0	0	0	0	0	0	0	0	0	0	0	0	0	0	0	2	0	0	0	0	0	0	0	0	0	0	0	0	0	0	0	0	0	0	0	0	0	0	0	0
0	0	5	129	0	1	1	0	0	0	0	77	0	10	15	299	1	0	10	89	28	0	0	0	0	0	0	11	0	0	0	211	0	9	0	2	140	0	0	0	0	152	34	0	208	0	1	4	132	0	1	0	3	171	0	0	1	217	2	0	0	0	76	0	0	0	97	0	0	0	248	0	10	22	0
0	0	11	12	0	268	0	0	0	0	77	0	0	3	142	73	40	0	41	0	75	0	0	28	0	2	0	0	0	0	0	0	0	26	60	0	54	0	0	0	0	0	284	0	34	0	62	110	0	0	2	0	0	0	0	0	0	45	0	14	0	0	347	0	83	0	56	0	0	0	2	0	82	255	2
0	0	0	0	0	0	0	0	0	0	0	0	0	0	0	0	0	0	0	0	0	0	0	0	0	0	0	0	0	0	0	0	0	0	0	0	0	0	0	0	0	0	0	0	0	0	0	0	0	0	0	0	0	0	0	0	0	0	0	0	0	0	0	0	0	0	0	0	0	0	0	0	0	0	0
0	0	930	5	0	100	1	1	499	0	10	3	0	0	5	1	22	192	2	110	36	35	1	2	0	8	4	0	0	0	0	0	0	169	246	27	1	0	0	101	352	16	3	0	9	5	234	0	1	0	0	0	0	0	0	12	14	41	21	28	466	0	21	0	1	0	2	1	1	0	31	190	33	22	7
0	1	29	69	0	45	0	0	0	0	15	142	0	5	0	61	5	0	2	0	1	0	0	1	0	0	2	4	0	0	0	0	0	10	0	0	7	0	0	16	1	8	166	0	2	0	11	62	0	0	0	0	4	0	0	1	33	24	40	43	1	0	904	0	0	0	16	1	0	1	27	1	73	20	0
0	0	8	163	0	1	0	2	0	0	299	73	0	1	61	0	11	0	68	14	1	0	1	0	0	0	0	100	0	0	0	8	0	4	0	1	224	0	0	0	1	169	360	0	346	0	0	18	478	0	7	0	0	11	0	0	0	246	12	14	2	0	183	0	0	0	155	1	8	33	166	1	15	6	1
0	0	184	0	0	0	0	0	0	0	1	40	0	22	5	11	0	1	1	0	0	0	1	0	0	0	0	0	0	0	0	0	0	0	0	0	0	0	0	0	0	1	4	0	0	0	0	0	12	0	0	11	0	0	0	1	0	0	1	0	0	0	133	0	43	0	0	0	0	11	1	0	7	28	0
0	73	14	5	0	1	324	30	179	0	0	0	0	192	0	0	1	0	0	46	11	536	39	0	23	17	215	0	0	0	0	3	0	159	89	65	0	0	0	143	271	2	0	0	0	305	17	0	1	0	0	1	350	149	0	93	10	5	37	5	18	0	0	0	0	0	0	67	45	0	8	65	12	1	3
0	0	11	5	1	6	0	2	0	0	10	41	0	2	2	68	1	0	0	0	1	1	0	8	0	0	0	0	0	0	0	6	0	5	1	1	22	0	0	0	0	16	29	0	47	0	0	0	0	0	240	0	0	36	0	0	0	29	12	0	0	0	46	0	2	0	1	0	0	22	23	0	29	8	1
0	38	79	0	0	0	6	0	73	0	89	0	0	110	0	14	0	46	0	0	182	85	49	0	8	1	20	16	0	0	0	39	0	58	0	130	0	0	0	0	6	5	16	0	4	29	0	0	27	0	0	2	21	6	0	12	7	153	124	88	250	0	1	0	0	0	0	3	6	0	10	3	1	0	6
0	0	60	14	0	0	12	1	193	0	28	75	0	36	1	1	0	11	1	182	0	179	8	0	128	21	9	0	0	0	0	114	0	122	12	42	0	0	0	6	201	3	2	0	9	0	15	0	22	0	0	0	1	144	0	175	151	222	16	26	112	0	11	0	0	0	12	4	115	0	140	125	9	1	8
0	1	4	8	0	0	235	0	508	0	0	0	0	35	0	0	0	536	1	85	179	0	12	0	17	10	345	0	0	0	0	1	0	251	131	90	1	0	0	146	249	8	0	0	0	306	43	0	0	0	0	1	233	43	0	58	44	3	16	0	23	0	0	0	0	0	1	5	85	0	2	253	8	0	2
0	337	0	0	0	0	9	1	0	0	0	0	0	1	0	1	1	39	0	49	8	12	0	7	449	99	6	0	0	0	0	184	0	5	44	123	1	0	0	0	1	1	0	0	1	104	5	1	1	0	0	0	48	62	0	341	82	0	269	1	181	0	0	0	0	0	0	220	219	0	0	77	1	1	64
0	0	25	0	0	0	0	0	1	0	0	28	0	2	1	0	0	0	8	0	0	0	7	0	40	23	1	0	0	0	0	1	0	7	0	1	0	0	0	0	0	3	10	0	0	6	0	0	0	0	0	0	0	0	0	101	8	3	10	6	93	0	15	0	0	0	0	0	0	0	0	0	0	19	0
0	199	0	0	0	0	12	0	0	0	0	0	0	0	0	0	0	23	0	8	128	17	449	40	0	619	4	0	0	0	0	54	0	4	22	52	2	0	0	2	0	0	0	0	0	20	0	0	0	0	0	0	0	108	0	382	321	81	9	0	2	0	0	0	0	0	2	2	482	0	2	36	0	0	0
0	83	1	0	0	0	0	0	1	0	0	2	0	8	0	0	0	17	0	1	21	10	99	23	619	0	14	0	0	0	0	14	0	3	0	20	0	0	0	0	0	0	0	0	0	4	0	0	0	0	0	0	13	7	0	81	77	7	10	0	3	0	0	0	0	0	0	0	68	0	0	1	0	0	0
0	3	6	0	0	0	162	5	10	0	0	0	0	4	2	0	0	215	0	20	9	345	6	1	4	14	0	0	0	0	0	2	0	127	20	20	2	0	0	103	135	3	1	0	0	168	24	0	1	0	0	0	153	64	0	70	15	4	31	4	34	0	23	0	0	0	1	73	55	0	8	95	9	0	0
0	0	3	233	0	5	0	0	0	0	11	0	0	0	4	100	0	0	0	16	0	0	0	0	0	0	0	0	0	0	0	0	0	0	0	0	234	0	0	0	0	370	4	0	5	0	0	5	249	0	0	0	0	0	0	0	0	0	0	1	1	0	17	0	0	0	295	0	0	0	1	0	20	0	0
0	0	0	0	0	0	0	0	0	0	0	0	0	0	0	0	0	0	0	0	0	0	0	0	0	0	0	0	0	0	0	0	0	0	0	0	0	0	0	0	0	0	0	0	0	0	0	0	0	0	0	0	0	0	0	0	0	0	0	0	0	0	0	0	0	0	0	0	0	0	0	0	0	0	0
0	0	0	0	0	0	0	0	0	0	0	0	0	0	0	0	0	0	0	0	0	0	0	0	0	0	0	0	0	0	0	0	0	0	0	0	0	0	0	0	0	0	0	0	0	0	0	0	0	0	0	0	0	0	0	0	0	0	0	0	0	0	0	0	0	0	0	0	0	0	0	0	0	0	0
0	0	0	0	0	0	0	0	0	0	0	0	0	0	0	0	0	0	0	0	0	0	0	0	0	0	0	0	0	0	0	0	0	0	0	0	0	0	0	0	0	0	0	0	0	0	0	0	0	0	0	0	0	0	0	0	0	0	0	0	0	0	0	0	0	0	0	0	0	0	0	0	0	0	0
0	9	2	0	0	0	4	0	0	0	211	0	0	0	0	8	0	3	6	39	114	1	184	1	54	14	2	0	0	0	0	0	0	0	0	1	0	0	0	1	0	0	0	0	137	1	0	24	27	0	0	1	16	409	0	243	27	321	10	0	0	0	0	0	0	0	0	192	28	0	240	1	4	3	207
0	0	0	0	0	0	0	0	0	0	0	0	0	0	0	0	0	0	0	0	0	0	0	0	0	0	0	0	0	0	0	0	0	0	0	0	0	0	0	0	0	0	0	0	0	0	0	0	0	0	0	0	0	0	0	0	0	0	0	0	0	0	0	0	0	0	0	0	0	0	0	0	0	0	0
0	10	91	7	0	0	22	1	217	0	9	26	0	169	10	4	0	159	5	58	122	251	5	7	4	3	127	0	0	0	0	0	0	0	2	155	0	0	0	1	61	21	4	0	9	80	2	0	0	0	0	0	11	0	0	0	46	28	24	11	107	0	50	0	0	0	0	0	23	4	6	84	19	4	4
0	0	334	0	0	0	0	0	3	0	0	60	0	246	0	0	0	89	1	0	12	131	44	0	22	0	20	0	0	0	0	0	0	2	0	24	0	0	0	0	0	0	0	0	0	78	0	0	0	0	0	0	79	0	0	2	1	2	183	68	217	0	26	0	0	0	0	0	0	0	1	0	2	86	0
0	207	19	1	12	0	18	6	21	0	2	0	0	27	0	1	0	65	1	130	42	90	123	1	52	20	20	0	0	0	0	1	0	155	24	0	2	0	0	46	218	1	0	0	8	112	3	0	0	0	0	0	204	2	0	10	70	11	383	260	396	0	38	0	0	0	0	249	260	0	0	170	12	0	0
0	0	11	0	0	0	0	0	0	0	140	54	0	1	7	224	0	0	22	0	0	1	1	0	2	0	2	234	0	0	0	0	0	0	0	2	0	0	0	0	0	328	39	0	4	1	0	0	163	0	0	0	0	0	0	0	0	9	2	0	1	0	20	0	0	0	95	0	0	3	1	0	10	35	0
0	0	0	0	0	0	0	0	0	0	0	0	0	0	0	0	0	0	0	0	0	0	0	0	0	0	0	0	0	0	0	0	0	0	0	0	0	0	0	0	0	0	0	0	0	0	0	0	0	0	0	0	0	0	0	0	0	0	0	0	0	0	0	0	0	0	0	0	0	0	0	0	0	0	0
0	0	0	0	0	0	0	0	0	0	0	0	0	0	0	0	0	0	0	0	0	0	0	0	0	0	0	0	0	0	0	0	0	0	0	0	0	0	0	0	0	0	0	0	0	0	0	0	0	0	0	0	0	0	0	0	0	0	0	0	0	0	0	0	0	0	0	0	0	0	0	0	0	0	0
0	0	3	0	0	0	0	0	77	0	0	0	0	101	16	0	0	143	0	0	6	146	0	0	2	0	103	0	0	0	0	1	0	1	0	46	0	0	0	0	0	0	0	0	0	51	0	0	0	0	0	0	188	0	0	0	1	0	3	4	17	0	0	0	0	0	0	0	0	0	0	0	0	0	0
0	8	515	0	0	0	0	0	317	0	0	0	0	352	1	1	0	271	0	6	201	249	1	0	0	0	135	0	0	0	0	0	0	61	0	218	0	0	0	0	0	1	0	0	0	12	0	0	0	0	0	0	49	0	0	2	2	0	26	0	405	0	0	0	0	0	0	0	0	0	0	3	11	3	0
0	2	12	109	0	7	2	274	0	0	152	0	0	16	8	169	1	2	16	5	3	8	1	3	0	0	3	370	0	0	0	0	0	21	0	1	328	0	0	0	1	0	0	0	321	1	1	9	276	0	0	0	1	6	0	2	0	9	0	0	2	0	146	0	0	0	358	0	12	0	0	0	30	6	16
0	0	9	15	0	58	0	1	0	0	34	284	0	3	166	360	4	0	29	16	2	0	0	10	0	0	1	4	0	0	0	0	0	4	0	0	39	0	0	0	0	0	0	0	276	0	0	163	13	0	1	0	0	0	0	0	0	12	137	245	17	0	110	0	2	0	0	30	0	1	2	1	12	52	0
0	0	0	0	0	0	0	0	0	0	0	0	0	0	0	0	0	0	0	0	0	0	0	0	0	0	0	0	0	0	0	0	0	0	0	0	0	0	0	0	0	0	0	0	0	0	0	0	0	0	0	0	0	0	0	0	0	0	0	0	0	0	0	0	0	0	0	0	0	0	0	0	0	0	0
0	0	5	0	0	0	0	2	0	0	208	34	0	9	2	346	0	0	47	4	9	0	1	0	0	0	0	5	0	0	0	137	0	9	0	8	4	0	0	0	0	321	276	0	0	0	0	0	267	0	0	4	0	0	0	0	0	35	73	0	0	0	47	0	0	0	2	0	0	0	0	6	9	12	0
0	7	1	7	0	0	119	0	23	0	0	0	0	5	0	0	0	305	0	29	0	306	104	6	20	4	168	0	0	0	0	1	0	80	78	112	1	0	0	51	12	1	0	0	0	0	13	0	0	0	0	0	244	94	0	51	59	4	22	1	13	0	0	0	0	0	0	88	17	0	14	26	11	0	1
0	0	345	0	0	0	0	0	2	0	1	62	0	234	11	0	0	17	0	0	15	43	5	0	0	0	24	0	0	0	0	0	0	2	0	3	0	0	0	0	0	1	0	0	0	13	0	0	7	0	0	0	13	0	0	0	0	1	86	4	177	0	11	0	0	0	0	0	0	2	0	0	2	139	0
0	0	18	0	0	0	0	0	0	0	4	110	0	0	62	18	0	0	0	0	0	0	1	0	0	0	0	5	0	0	0	24	0	0	0	0	0	0	0	0	0	9	163	0	0	0	0	0	2	0	0	0	0	0	0	0	0	0	2	96	3	0	16	0	21	0	0	0	0	0	0	0	18	18	0
0	0	0	113	0	28	0	1	0	0	132	0	0	1	0	478	12	1	0	27	22	0	1	0	0	0	1	249	0	0	0	27	0	0	0	0	163	0	0	0	0	276	13	0	267	0	7	2	0	0	0	1	0	147	0	9	0	213	1	0	0	0	5	0	0	0	216	0	1	0	166	0	1	1	0
0	0	0	0	0	0	0	0	0	0	0	0	0	0	0	0	0	0	0	0	0	0	0	0	0	0	0	0	0	0	0	0	0	0	0	0	0	0	0	0	0	0	0	0	0	0	0	0	0	0	0	0	0	0	0	0	0	0	0	0	0	0	0	0	0	0	0	0	0	0	0	0	0	0	0
0	0	1	0	0	0	0	0	0	2	1	2	0	0	0	7	0	0	240	0	0	0	0	0	0	0	0	0	0	0	0	0	0	0	0	0	0	0	0	0	0	0	1	0	0	0	0	0	0	0	0	0	0	0	0	0	0	0	8	0	0	0	4	0	0	0	0	0	0	0	0	0	0	0	0
0	0	0	0	0	0	1	0	0	0	0	0	0	0	0	0	11	1	0	2	0	1	0	0	0	0	0	0	0	0	0	1	0	0	0	0	0	0	0	0	0	0	0	0	4	0	0	0	1	0	0	0	0	0	0	0	0	3	0	0	2	0	0	0	0	0	0	0	0	0	0	1	0	0	0
0	39	1	0	0	0	24	1	5	0	3	0	0	0	4	0	0	350	0	21	1	233	48	0	0	13	153	0	0	0	0	16	0	11	79	204	0	0	0	188	49	1	0	0	0	244	13	0	0	0	0	0	0	47	0	99	34	3	16	2	15	0	3	0	0	0	0	81	23	0	1	44	7	0	5
0	20	1	0	0	0	0	0	0	0	171	0	0	0	0	11	0	149	36	6	144	43	62	0	108	7	64	0	0	0	0	409	0	0	0	2	0	0	0	0	0	6	0	0	0	94	0	0	147	0	0	0	47	0	0	97	0	183	27	0	1	0	0	0	0	0	0	0	0	0	3	0	1	2	0
0	0	0	0	0	0	0	0	0	0	0	0	0	0	0	0	0	0	0	0	0	0	0	0	0	0	0	0	0	0	0	0	0	0	0	0	0	0	0	0	0	0	0	0	0	0	0	0	0	0	0	0	0	0	0	0	0	0	0	0	0	0	0	0	0	0	0	0	0	0	0	0	0	0	0
0	252	6	0	0	2	2	0	1	0	0	0	0	12	1	0	1	93	0	12	175	58	341	101	382	81	70	0	0	0	0	243	0	0	2	10	0	0	0	0	2	2	0	0	0	51	0	0	9	0	0	0	99	97	0	0	126	1	27	8	22	0	1	0	0	0	0	2	192	0	0	0	1	0	0
0	29	0	0	0	0	1	0	88	0	1	0	0	14	33	0	0	10	0	7	151	44	82	8	321	77	15	0	0	0	0	27	0	46	1	70	0	0	0	1	2	0	0	0	0	59	0	0	0	0	0	0	34	0	0	126	0	162	55	157	144	0	0	0	0	0	0	0	6	0	13	6	1	0	0
0	0	113	80	0	0	0	0	9	0	217	45	0	41	24	246	0	5	29	153	222	3	0	3	81	7	4	0	0	0	0	321	0	28	2	11	9	0	0	0	0	9	12	0	35	4	1	0	213	0	0	3	3	183	0	1	162	0	101	52	139	0	68	0	0	0	53	4	9	5	150	1	23	2	41
0	123	67	8	0	3	6	0	21	0	2	0	0	21	40	12	1	37	12	124	16	16	269	10	9	10	31	0	0	0	0	10	0	24	183	383	2	0	0	3	26	0	137	0	73	22	86	2	1	0	8	0	16	27	0	27	55	101	0	306	440	0	105	0	1	0	0	269	114	8	38	164	26	3	90
0	2	53	56	0	0	0	0	110	0	0	14	0	28	43	14	0	5	0	88	26	0	1	6	0	0	4	1	0	0	0	0	0	11	68	260	0	0	0	4	0	0	245	0	0	1	4	96	0	0	0	0	2	0	0	8	157	52	306	0	856	0	11	0	0	0	0	308	0	8	234	176	3	0	2
0	1	601	20	0	0	0	3	749	0	0	0	0	466	1	2	0	18	0	250	112	23	181	93	2	3	34	1	0	0	0	0	0	107	217	396	1	0	0	17	405	2	17	0	0	13	177	3	0	0	0	2	15	1	0	22	144	139	440	856	0	0	0	0	19	0	0	242	136	0	94	357	42	0	0
0	0	0	0	0	0	0	0	0	0	0	0	0	0	0	0	0	0	0	0	0	0	0	0	0	0	0	0	0	0	0	0	0	0	0	0	0	0	0	0	0	0	0	0	0	0	0	0	0	0	0	0	0	0	0	0	0	0	0	0	0	0	0	0	0	0	0	0	0	0	0	0	0	0	0
0	1	73	90	0	368	0	1	0	0	76	347	0	21	904	183	133	0	46	1	11	0	0	15	0	0	23	17	0	0	0	0	0	50	26	38	20	0	0	0	0	146	110	0	47	0	11	16	5	0	4	0	3	0	0	1	0	68	105	11	0	0	0	0	7	0	1	1	13	33	39	3	203	94	11
0	0	0	0	0	0	0	0	0	0	0	0	0	0	0	0	0	0	0	0	0	0	0	0	0	0	0	0	0	0	0	0	0	0	0	0	0	0	0	0	0	0	0	0	0	0	0	0	0	0	0	0	0	0	0	0	0	0	0	0	0	0	0	0	0	0	0	0	0	0	0	0	0	0	0
0	0	71	15	0	134	0	0	0	0	0	83	0	1	0	0	43	0	2	0	0	0	0	0	0	0	0	0	0	0	0	0	0	0	0	0	0	0	0	0	0	0	2	0	0	0	0	21	0	0	0	0	0	0	0	0	0	0	1	0	19	0	7	0	0	0	0	0	4	0	0	0	17	150	0
0	0	0	0	0	0	0	0	0	0	0	0	0	0	0	0	0	0	0	0	0	0	0	0	0	0	0	0	0	0	0	0	0	0	0	0	0	0	0	0	0	0	0	0	0	0	0	0	0	0	0	0	0	0	0	0	0	0	0	0	0	0	0	0	0	0	0	0	0	0	0	0	0	0	0
0	0	2	60	0	0	0	2	0	0	97	56	0	2	16	155	0	0	1	0	12	1	0	0	2	0	1	295	0	0	0	0	0	0	0	0	95	0	0	0	0	358	0	0	2	0	0	0	216	0	0	0	0	0	0	0	0	53	0	0	0	0	1	0	0	0	0	0	0	0	0	0	5	1	0
0	37	5	0	0	0	0	0	0	0	0	0	0	1	1	1	0	67	0	3	4	5	220	0	2	0	73	0	0	0	0	192	0	0	0	249	0	0	0	0	0	0	30	0	0	88	0	0	0	0	0	0	81	0	0	2	0	4	269	308	242	0	1	0	0	0	0	0	0	0	0	2	5	1	0
0	242	7	0	0	0	0	0	0	0	0	0	0	1	0	8	0	45	0	6	115	85	219	0	482	68	55	0	0	0	0	28	0	23	0	260	0	0	0	0	0	12	0	0	0	17	0	0	1	0	0	0	23	0	0	192	6	9	114	0	136	0	13	0	4	0	0	0	0	0	0	0	0	3	0
0	0	11	9	0	0	0	0	0	0	0	0	0	0	1	33	11	0	22	0	0	0	0	0	0	0	0	0	0	0	0	0	0	4	0	0	3	0	0	0	0	0	1	0	0	0	2	0	0	0	0	0	0	0	0	0	0	5	8	8	0	0	33	0	0	0	0	0	0	0	3	0	2	0	0
0	0	48	3	0	0	0	0	16	0	248	2	0	31	27	166	1	8	23	10	140	2	0	0	2	0	8	1	0	0	0	240	0	6	1	0	1	0	0	0	0	0	2	0	0	14	0	0	166	0	0	0	1	3	0	0	13	150	38	234	94	0	39	0	0	0	0	0	0	3	0	4	17	2	0
0	2	298	0	3	0	0	0	385	0	0	0	0	190	1	1	0	65	0	3	125	253	77	0	36	1	95	0	0	0	0	1	0	84	0	170	0	0	0	0	3	0	1	0	6	26	0	0	0	0	0	1	44	0	0	0	6	1	164	176	357	0	3	0	0	0	0	2	0	0	4	0	9	1	0
0	2	24	15	0	8	3	2	14	0	10	82	0	33	73	15	7	12	29	1	9	8	1	0	0	0	9	20	0	0	0	4	0	19	2	12	10	0	0	0	11	30	12	0	9	11	2	18	1	0	0	0	7	1	0	1	1	23	26	3	42	0	203	0	17	0	5	5	0	2	17	9	0	19	2
0	0	415	2	0	224	0	1	0	0	22	255	0	22	20	6	28	1	8	0	1	0	1	19	0	0	0	0	0	0	0	3	0	4	86	0	35	0	0	0	3	6	52	0	12	0	139	18	1	0	0	0	0	2	0	0	0	2	3	0	0	0	94	0	150	0	1	1	3	0	2	1	19	0	1
0	0	2	0	0	0	0	0	0	0	0	2	0	7	0	1	0	3	1	6	8	2	64	0	0	0	0	0	0	0	0	207	0	4	0	0	0	0	0	0	0	16	0	0	0	1	0	0	0	0	0	0	5	0	0	0	0	41	90	2	0	0	11	0	0	0	0	0	0	0	0	0	2	1	0
