0	0	0	0	0	0	0	0	0	0	0	0	0	0	0	0	0	0	0	0	0	0	0	0	0	0	0	0	0	0	0	0	0	0	0	0	0	0	0	0	0	0	0	0	0	0	0	0	0	0	0	0	0	0	0	0	0	0	0	0	0	0	0	0	0	0	0	0	0	0	0	0	0	0	0
0	0	0	0	0	0	85	23	0	0	0	0	0	0	1	0	2	53	0	48	2	1	315	0	245	147	12	0	0	0	0	8	0	16	0	191	0	0	0	0	15	1	0	0	0	16	1	0	0	0	0	1	5	23	0	252	1	0	149	2	1	0	0	0	0	0	0	70	247	0	1	2	4	0	6
0	0	0	23	0	284	3	2	91	0	4	2	0	674	21	7	215	14	0	75	83	4	2	25	0	0	4	5	0	0	0	0	0	84	218	12	5	0	0	0	442	4	9	0	4	1	257	14	0	0	0	0	0	0	0	1	2	108	72	51	507	4	31	0	81	0	0	4	7	0	18	166	20	349	0
0	0	23	0	0	0	0	0	5	0	159	8	0	2	86	155	0	4	2	0	13	6	0	0	0	0	0	257	0	0	0	0	0	7	0	1	0	0	0	0	0	91	16	0	0	7	0	0	164	0	0	0	0	0	0	0	0	86	5	22	20	0	127	0	36	0	61	0	0	0	1	0	17	29	0
0	0	0	0	0	0	0	0	0	0	0	0	0	0	0	0	0	5	1	0	0	0	0	0	0	0	0	0	0	0	0	0	0	0	0	19	0	0	0	0	0	0	0	0	0	0	0	0	0	0	0	0	0	0	0	0	0	0	0	0	0	8	0	0	0	0	1	0	3	0	0	3	0	0	0
0	0	284	0	0	0	0	0	0	0	0	162	0	101	62	1	0	1	6	0	1	0	0	0	0	0	2	11	0	0	0	0	0	0	0	0	0	0	0	0	0	9	37	0	0	0	0	0	7	0	0	0	0	0	0	2	0	0	3	0	0	0	412	0	170	0	0	0	0	0	0	0	17	208	0
0	85	3	0	0	0	0	0	0	0	0	0	0	1	0	0	0	340	0	6	13	248	24	0	12	0	174	0	0	0	0	0	0	24	0	19	0	0	0	0	0	2	0	0	0	119	0	0	0	0	0	1	12	0	0	2	1	0	7	0	0	0	0	0	0	0	0	0	0	0	0	0	3	0	0
0	23	2	0	0	0	0	0	0	0	0	0	0	1	0	60	0	31	2	0	1	0	1	0	0	0	1	0	0	0	0	0	0	1	0	6	0	0	0	0	0	294	1	0	6	0	0	0	1	0	0	0	0	0	0	0	0	1	0	0	0	0	0	0	0	0	2	0	0	0	0	0	2	1	0
0	0	91	5	0	0	0	0	0	0	0	0	0	343	0	0	0	337	0	68	196	333	0	1	0	0	13	9	0	0	0	0	0	287	3	22	0	0	0	6	334	0	0	0	0	23	1	0	0	0	0	0	3	0	0	1	96	9	25	60	558	0	0	0	0	0	0	0	0	0	23	380	14	0	0
0	0	0	0	0	0	0	0	0	0	0	0	0	0	0	0	0	0	0	0	0	0	0	0	0	0	0	0	0	0	0	0	0	0	0	0	0	0	0	0	0	0	0	0	0	0	0	0	0	0	2	0	0	0	0	0	0	0	0	0	0	0	0	0	0	0	0	0	0	0	0	0	0	0	0
0	0	4	159	0	0	0	0	0	0	0	41	0	3	13	181	25	0	10	79	82	0	0	0	0	0	0	3	0	0	0	55	0	7	0	0	133	0	0	0	0	116	89	0	255	0	2	1	249	0	0	14	0	166	0	0	0	242	0	0	0	0	21	0	0	0	183	0	0	0	201	0	12	1	0
0	0	2	8	0	162	0	0	0	0	41	0	0	0	137	73	32	0	41	0	75	0	0	28	0	2	0	0	0	0	0	0	0	4	58	0	4	0	0	0	0	0	161	0	28	0	52	30	0	0	2	0	0	0	0	0	0	39	0	14	0	0	275	0	79	0	56	0	0	0	2	0	28	153	2
0	0	0	0	0	0	0	0	0	0	0	0	0	0	0	0	0	0	0	0	0	0	0	0	0	0	0	0	0	0	0	0	0	0	0	0	0	0	0	0	0	0	0	0	0	0	0	0	0	0	0	0	0	0	0	0	0	0	0	0	0	0	0	0	0	0	0	0	0	0	0	0	0	0	0
0	0	674	2	0	101	1	1	343	0	3	0	0	0	3	0	19	196	0	107	33	13	2	2	0	0	0	0	0	0	0	1	0	146	111	14	0	0	0	0	232	8	1	0	0	5	155	2	1	0	0	0	0	0	0	1	14	33	27	22	215	0	6	0	4	0	2	2	0	0	16	72	12	21	4
0	1	21	86	0	62	0	0	0	0	13	137	0	3	0	35	4	0	0	0	1	0	0	1	0	0	1	14	0	0	0	1	0	1	0	0	7	0	0	0	0	8	134	0	2	13	10	106	0	0	0	0	4	0	0	2	25	8	1	43	1	103	931	0	15	0	8	1	0	0	18	1	60	71	0
0	0	7	155	0	1	0	60	0	0	181	73	0	0	35	0	8	0	46	49	0	0	1	0	0	0	0	81	0	0	0	2	0	4	0	0	206	0	0	0	0	253	328	0	458	0	0	15	439	0	0	0	0	7	0	0	0	195	3	6	1	0	154	0	0	0	224	0	8	0	99	0	17	3	0
0	2	215	0	0	0	0	0	0	0	25	32	0	19	4	8	0	1	2	0	1	0	1	0	0	0	0	0	0	0	0	1	0	0	0	0	0	0	0	0	0	0	4	0	0	0	0	0	0	0	0	11	0	0	0	0	0	0	1	0	0	0	108	0	60	0	0	0	0	0	0	0	10	43	0
0	53	14	4	5	1	340	31	337	0	0	0	0	196	0	0	1	0	0	45	7	436	49	2	24	9	233	0	0	0	0	3	0	236	104	55	1	0	0	5	341	2	29	0	0	344	25	1	1	0	0	1	103	156	0	73	11	5	38	10	19	11	69	0	0	0	0	112	67	0	8	53	9	11	5
0	0	0	2	1	6	0	2	0	0	10	41	0	0	0	46	2	0	0	3	1	0	0	8	0	0	0	0	0	0	0	8	0	0	0	0	12	0	0	0	0	12	37	0	63	0	0	1	7	0	211	4	0	41	0	0	0	7	2	1	0	1	22	0	2	0	0	1	0	0	0	0	3	11	3
0	48	75	0	0	0	6	0	68	0	79	0	0	107	0	49	0	45	3	0	159	85	29	0	6	0	16	16	0	0	0	41	0	58	0	50	0	0	0	0	6	5	11	0	4	29	0	0	24	0	0	8	17	6	0	2	6	128	137	12	134	0	1	0	0	0	0	3	4	0	9	1	2	0	4
0	2	83	13	0	1	13	1	196	0	82	75	0	33	1	0	1	7	1	159	0	177	17	57	186	52	11	1	0	0	0	21	0	128	15	26	0	0	0	0	213	2	6	0	0	0	25	1	126	0	0	16	0	113	0	36	182	191	47	41	130	0	30	0	0	0	12	10	21	0	113	38	5	1	40
0	1	4	6	0	0	248	0	333	0	0	0	0	13	0	0	0	436	0	85	177	0	7	0	17	3	274	0	0	0	0	0	0	254	122	67	2	0	0	24	168	1	0	0	0	254	28	0	0	0	0	1	75	43	0	29	31	1	4	0	11	0	0	0	0	0	1	5	69	0	1	240	4	0	2
0	315	2	0	0	0	24	1	0	0	0	0	0	2	0	1	1	49	0	29	17	7	0	7	446	165	16	0	0	0	0	101	0	22	18	195	1	0	0	0	8	1	0	0	1	92	9	1	0	0	0	14	16	63	0	366	3	0	294	39	47	0	0	0	0	0	0	231	221	0	10	8	5	0	19
0	0	25	0	0	0	0	0	1	0	0	28	0	2	1	0	0	2	8	0	57	0	7	0	348	31	2	0	0	0	0	1	0	7	0	1	0	0	0	0	0	3	10	0	0	6	0	0	0	0	0	0	0	0	0	174	111	11	10	6	93	0	15	0	0	0	0	0	0	0	0	0	0	19	0
0	245	0	0	0	0	12	0	0	0	0	0	0	0	0	0	0	24	0	6	186	17	446	348	0	630	3	0	0	0	0	76	0	4	14	62	2	0	0	0	0	0	0	0	0	20	0	0	0	0	0	0	0	144	0	498	452	89	41	0	2	0	0	0	0	0	2	0	574	0	2	0	0	0	0
0	147	0	0	0	0	0	0	0	0	0	2	0	0	0	0	0	9	0	0	52	3	165	31	630	0	6	0	0	0	0	15	0	2	0	18	0	0	0	0	0	0	0	0	0	4	0	0	0	0	0	4	0	4	0	134	160	8	4	0	2	0	0	0	0	0	0	0	71	0	0	0	0	0	0
0	12	4	0	0	2	174	1	13	0	0	0	0	0	1	0	0	233	0	16	11	274	16	2	3	6	0	0	0	0	0	0	0	217	20	28	2	0	0	19	147	3	1	0	0	170	6	0	1	0	0	0	18	66	0	35	26	3	3	4	3	0	22	0	0	0	1	11	51	0	2	82	6	0	2
0	0	5	257	0	11	0	0	9	0	3	0	0	0	14	81	0	0	0	16	1	0	0	0	0	0	0	0	0	0	0	1	0	5	1	5	254	0	0	0	4	360	6	0	8	0	1	9	252	0	0	0	0	0	0	0	0	1	2	1	8	3	28	0	4	0	328	0	0	0	4	0	29	8	0
0	0	0	0	0	0	0	0	0	0	0	0	0	0	0	0	0	0	0	0	0	0	0	0	0	0	0	0	0	0	0	0	0	0	0	0	0	0	0	0	0	0	0	0	0	0	0	0	0	0	0	0	0	0	0	0	0	0	0	0	0	0	0	0	0	0	0	0	0	0	0	0	0	0	0
0	0	0	0	0	0	0	0	0	0	0	0	0	0	0	0	0	0	0	0	0	0	0	0	0	0	0	0	0	0	0	0	0	0	0	0	0	0	0	0	0	0	0	0	0	0	0	0	0	0	0	0	0	0	0	0	0	0	0	0	0	0	0	0	0	0	0	0	0	0	0	0	0	0	0
0	0	0	0	0	0	0	0	0	0	0	0	0	0	0	0	0	0	0	0	0	0	0	0	0	0	0	0	0	0	0	0	0	0	0	0	0	0	0	0	0	0	0	0	0	0	0	0	0	0	0	0	0	0	0	0	0	0	0	0	0	0	0	0	0	0	0	0	0	0	0	0	0	0	0
0	8	0	0	0	0	0	0	0	0	55	0	0	1	1	2	1	3	8	41	21	0	101	1	76	15	0	1	0	0	0	0	0	0	0	0	2	0	0	0	0	0	3	0	55	1	0	26	3	0	0	19	0	186	0	136	0	141	0	1	0	0	2	0	2	0	0	62	5	0	59	0	3	0	122
0	0	0	0	0	0	0	0	0	0	0	0	0	0	0	0	0	0	0	0	0	0	0	0	0	0	0	0	0	0	0	0	0	0	0	0	0	0	0	0	0	0	0	0	0	0	0	0	0	0	0	0	0	0	0	0	0	0	0	0	0	0	0	0	0	0	0	0	0	0	0	0	0	0	0
0	16	84	7	0	0	24	1	287	0	7	4	0	146	1	4	0	236	0	58	128	254	22	7	4	2	217	5	0	0	0	0	0	0	2	208	0	0	0	0	73	5	2	0	9	83	4	0	0	0	0	0	1	0	0	0	44	14	22	7	129	0	14	0	0	0	0	0	25	0	8	84	10	2	0
0	0	218	0	0	0	0	0	3	0	0	58	0	111	0	0	0	104	0	0	15	122	18	0	14	0	20	1	0	0	0	0	0	2	0	11	0	0	0	0	0	0	0	0	0	54	0	0	0	0	0	0	50	0	0	2	2	3	100	14	168	0	1	0	0	0	0	0	0	0	0	0	1	24	0
0	191	12	1	19	0	19	6	22	0	0	0	0	14	0	0	0	55	0	50	26	67	195	1	62	18	28	5	0	0	0	0	0	208	11	0	2	0	0	14	196	1	0	0	0	111	7	0	0	0	0	0	30	2	0	5	27	14	315	202	166	0	0	0	0	0	0	145	157	0	1	44	4	0	0
0	0	5	0	0	0	0	0	0	0	133	4	0	0	7	206	0	1	12	0	0	2	1	0	2	0	2	254	0	0	0	2	0	0	0	2	0	0	0	0	0	286	8	0	2	2	0	0	171	0	0	0	0	0	0	0	0	18	0	0	1	0	17	0	1	0	112	0	0	0	0	0	4	20	0
0	0	0	0	0	0	0	0	0	0	0	0	0	0	0	0	0	0	0	0	0	0	0	0	0	0	0	0	0	0	0	0	0	0	0	0	0	0	0	0	0	0	0	0	0	0	0	0	0	0	0	0	0	0	0	0	0	0	0	0	0	0	0	0	0	0	0	0	0	0	0	0	0	0	0
0	0	0	0	0	0	0	0	0	0	0	0	0	0	0	0	0	0	0	0	0	0	0	0	0	0	0	0	0	0	0	0	0	0	0	0	0	0	0	0	0	0	0	0	0	0	0	0	0	0	0	0	0	0	0	0	0	0	0	0	0	0	0	0	0	0	0	0	0	0	0	0	0	0	0
0	0	0	0	0	0	0	0	6	0	0	0	0	0	0	0	0	5	0	0	0	24	0	0	0	0	19	0	0	0	0	0	0	0	0	14	0	0	0	0	0	0	0	0	0	22	0	0	0	0	0	0	23	0	0	0	0	0	0	0	2	0	0	0	0	0	0	0	0	0	0	0	0	0	0
0	15	442	0	0	0	0	0	334	0	0	0	0	232	0	0	0	341	0	6	213	168	8	0	0	0	147	4	0	0	0	0	0	73	0	196	0	0	0	0	0	1	0	0	0	10	0	0	0	0	0	0	0	0	0	2	3	1	32	0	310	0	0	0	0	0	0	0	0	0	0	3	9	3	0
0	1	4	91	0	9	2	294	0	0	116	0	0	8	8	253	0	2	12	5	2	1	1	3	0	0	3	360	0	0	0	0	0	5	0	1	286	0	0	0	1	0	0	0	406	0	1	6	277	0	0	0	0	3	0	2	0	6	2	0	1	2	136	0	0	0	339	0	12	0	0	0	23	7	12
0	0	9	16	0	37	0	1	0	0	89	161	0	1	134	328	4	29	37	11	6	0	0	10	0	0	1	6	0	0	0	3	0	2	0	0	8	0	0	0	0	0	0	0	176	0	0	63	102	0	0	0	0	0	0	0	0	14	124	148	19	0	280	0	1	0	0	4	0	0	3	0	13	53	0
0	0	0	0	0	0	0	0	0	0	0	0	0	0	0	0	0	0	0	0	0	0	0	0	0	0	0	0	0	0	0	0	0	0	0	0	0	0	0	0	0	0	0	0	0	0	0	0	0	0	0	0	0	0	0	0	0	0	0	0	0	0	0	0	0	0	0	0	0	0	0	0	0	0	0
0	0	4	0	0	0	0	6	0	0	255	28	0	0	2	458	0	0	63	4	0	0	1	0	0	0	0	8	0	0	0	55	0	9	0	0	2	0	0	0	0	406	176	0	0	0	0	0	304	0	0	11	0	0	0	0	0	46	68	0	0	0	37	0	0	0	0	0	0	0	0	0	4	7	0
0	16	1	7	0	0	119	0	23	0	0	0	0	5	13	0	0	344	0	29	0	254	92	6	20	4	170	0	0	0	0	1	0	83	54	111	2	0	0	22	10	0	0	0	0	0	13	0	0	0	0	0	190	94	0	26	70	3	22	1	13	0	0	0	0	0	0	91	17	0	14	9	8	0	1
0	1	257	0	0	0	0	0	1	0	2	52	0	155	10	0	0	25	0	0	25	28	9	0	0	0	6	1	0	0	0	0	0	4	0	7	0	0	0	0	0	1	0	0	0	13	0	0	0	0	0	0	8	0	0	0	0	2	65	4	142	0	12	0	0	0	0	0	0	0	0	0	2	92	0
0	0	14	0	0	0	0	0	0	0	1	30	0	2	106	15	0	1	1	0	1	0	1	0	0	0	0	9	0	0	0	26	0	0	0	0	0	0	0	0	0	6	63	0	0	0	0	0	2	0	0	0	0	0	0	0	0	0	2	14	1	0	21	0	25	0	0	0	0	0	0	0	14	16	0
0	0	0	164	0	7	0	1	0	0	249	0	0	1	0	439	0	1	7	24	126	0	0	0	0	0	1	252	0	0	0	3	0	0	0	0	171	0	0	0	0	277	102	0	304	0	0	2	0	0	0	8	0	185	0	0	0	276	1	0	0	1	6	0	0	0	253	0	1	0	133	0	1	0	0
0	0	0	0	0	0	0	0	0	0	0	0	0	0	0	0	0	0	0	0	0	0	0	0	0	0	0	0	0	0	0	0	0	0	0	0	0	0	0	0	0	0	0	0	0	0	0	0	0	0	0	0	0	0	0	0	0	0	0	0	0	0	0	0	0	0	0	0	0	0	0	0	0	0	0
0	0	0	0	0	0	0	0	0	2	0	2	0	0	0	0	0	0	211	0	0	0	0	0	0	0	0	0	0	0	0	0	0	0	0	0	0	0	0	0	0	0	0	0	0	0	0	0	0	0	0	0	0	0	0	0	0	0	1	0	0	0	0	0	0	0	0	0	0	0	0	0	0	0	0
0	1	0	0	0	0	1	0	0	0	14	0	0	0	0	0	11	1	4	8	16	1	14	0	0	4	0	0	0	0	0	19	0	0	0	0	0	0	0	0	0	0	0	0	11	0	0	0	8	0	0	0	0	11	0	0	0	4	0	0	2	0	0	0	0	0	0	2	0	0	0	1	0	0	8
0	5	0	0	0	0	12	0	3	0	0	0	0	0	4	0	0	103	0	17	0	75	16	0	0	0	18	0	0	0	0	0	0	1	50	30	0	0	0	23	0	0	0	0	0	190	8	0	0	0	0	0	0	38	0	19	33	1	2	2	3	0	0	0	0	0	0	28	17	0	0	16	3	0	2
0	23	0	0	0	0	0	0	0	0	166	0	0	0	0	7	0	156	41	6	113	43	63	0	144	4	66	0	0	0	0	186	0	0	0	2	0	0	0	0	0	3	0	0	0	94	0	0	185	0	0	11	38	0	0	69	0	159	27	0	1	0	2	0	0	0	0	0	0	0	6	0	0	1	0
0	0	0	0	0	0	0	0	0	0	0	0	0	0	0	0	0	0	0	0	0	0	0	0	0	0	0	0	0	0	0	0	0	0	0	0	0	0	0	0	0	0	0	0	0	0	0	0	0	0	0	0	0	0	0	0	0	0	0	0	0	0	0	0	0	0	0	0	0	0	0	0	0	0	0
0	252	1	0	0	2	2	0	1	0	0	0	0	1	2	0	0	73	0	2	36	29	366	174	498	134	35	0	0	0	0	136	0	0	2	5	0	0	0	0	2	2	0	0	0	26	0	0	0	0	0	0	19	69	0	0	157	1	1	0	0	0	14	0	0	0	0	0	197	0	0	0	1	17	0
0	1	2	0	0	0	1	0	96	0	0	0	0	14	25	0	0	11	0	6	182	31	3	111	452	160	26	0	0	0	0	0	0	44	2	27	0	0	0	0	3	0	0	0	0	70	0	0	0	0	0	0	33	0	0	157	0	187	5	42	113	0	0	0	1	0	0	0	4	0	61	4	1	1	0
0	0	108	86	0	0	0	1	9	0	242	39	0	33	8	195	0	5	7	128	191	1	0	11	89	8	3	1	0	0	0	141	0	14	3	14	18	0	0	0	1	6	14	0	46	3	2	0	276	0	0	4	1	159	0	1	187	0	82	35	116	0	85	0	1	0	90	2	9	0	121	0	16	29	46
0	149	72	5	0	3	7	0	25	0	0	0	0	27	1	3	1	38	2	137	47	4	294	10	41	4	3	2	0	0	0	0	0	22	100	315	0	0	0	0	32	2	124	0	68	22	65	2	1	0	1	0	2	27	0	1	5	82	0	168	332	5	88	0	0	0	0	261	132	0	47	89	8	4	139
0	2	51	22	0	0	0	0	60	0	0	14	0	22	43	6	0	10	1	12	41	0	39	6	0	0	4	1	0	0	0	1	0	7	14	202	0	0	0	0	0	0	148	0	0	1	4	14	0	0	0	0	2	0	0	0	42	35	168	0	553	2	37	0	0	0	0	98	0	0	76	2	5	1	0
0	1	507	20	0	0	0	0	558	0	0	0	0	215	1	1	0	19	0	134	130	11	47	93	2	2	3	8	0	0	0	0	0	129	168	166	1	0	0	2	310	1	19	0	0	13	142	1	0	0	0	2	3	1	0	0	113	116	332	553	0	0	0	0	34	0	0	175	39	0	92	175	25	0	0
0	0	4	0	8	0	0	0	0	0	0	0	0	0	103	0	0	11	1	0	0	0	0	0	0	0	0	3	0	0	0	0	0	0	0	0	0	0	0	0	0	2	0	0	0	0	0	0	1	0	0	0	0	0	0	0	0	0	5	2	0	0	140	0	0	0	0	0	0	0	0	0	4	40	0
0	0	31	127	0	412	0	0	0	0	21	275	0	6	931	154	108	69	22	1	30	0	0	15	0	0	22	28	0	0	0	2	0	14	1	0	17	0	0	0	0	136	280	0	37	0	12	21	6	0	0	0	0	2	0	14	0	85	88	37	0	140	0	0	12	0	1	1	13	0	17	0	172	217	11
0	0	0	0	0	0	0	0	0	0	0	0	0	0	0	0	0	0	0	0	0	0	0	0	0	0	0	0	0	0	0	0	0	0	0	0	0	0	0	0	0	0	0	0	0	0	0	0	0	0	0	0	0	0	0	0	0	0	0	0	0	0	0	0	0	0	0	0	0	0	0	0	0	0	0
0	0	81	36	0	170	0	0	0	0	0	79	0	4	15	0	60	0	2	0	0	0	0	0	0	0	0	4	0	0	0	2	0	0	0	0	1	0	0	0	0	0	1	0	0	0	0	25	0	0	0	0	0	0	0	0	1	1	0	0	34	0	12	0	0	0	0	0	4	0	0	0	28	176	0
0	0	0	0	0	0	0	0	0	0	0	0	0	0	0	0	0	0	0	0	0	0	0	0	0	0	0	0	0	0	0	0	0	0	0	0	0	0	0	0	0	0	0	0	0	0	0	0	0	0	0	0	0	0	0	0	0	0	0	0	0	0	0	0	0	0	0	0	0	0	0	0	0	0	0
0	0	0	61	1	0	0	2	0	0	183	56	0	2	8	224	0	0	0	0	12	1	0	0	2	0	1	328	0	0	0	0	0	0	0	0	112	0	0	0	0	339	0	0	0	0	0	0	253	0	0	0	0	0	0	0	0	90	0	0	0	0	1	0	0	0	0	0	0	0	0	0	3	0	0
0	70	4	0	0	0	0	0	0	0	0	0	0	2	1	0	0	112	1	3	10	5	231	0	0	0	11	0	0	0	0	62	0	0	0	145	0	0	0	0	0	0	4	0	0	91	0	0	0	0	0	2	28	0	0	0	0	2	261	98	175	0	1	0	0	0	0	0	0	0	0	2	4	0	0
0	247	7	0	3	0	0	0	0	0	0	0	0	0	0	8	0	67	0	4	21	69	221	0	574	71	51	0	0	0	0	5	0	25	0	157	0	0	0	0	0	12	0	0	0	17	0	0	1	0	0	0	17	0	0	197	4	9	132	0	39	0	13	0	4	0	0	0	0	0	0	0	0	4	0
0	0	0	0	0	0	0	0	0	0	0	0	0	0	0	0	0	0	0	0	0	0	0	0	0	0	0	0	0	0	0	0	0	0	0	0	0	0	0	0	0	0	0	0	0	0	0	0	0	0	0	0	0	0	0	0	0	0	0	0	0	0	0	0	0	0	0	0	0	0	0	0	0	0	0
0	1	18	1	0	0	0	0	23	0	201	2	0	16	18	99	0	8	0	9	113	1	10	0	2	0	2	4	0	0	0	59	0	8	0	1	0	0	0	0	0	0	3	0	0	14	0	0	133	0	0	0	0	6	0	0	61	121	47	76	92	0	17	0	0	0	0	0	0	0	0	4	0	1	0
0	2	166	0	3	0	0	0	380	0	0	0	0	72	1	0	0	53	0	1	38	240	8	0	0	0	82	0	0	0	0	0	0	84	0	44	0	0	0	0	3	0	0	0	0	9	0	0	0	0	0	1	16	0	0	0	4	0	89	2	175	0	0	0	0	0	0	2	0	0	4	0	8	0	0
0	4	20	17	0	17	3	2	14	0	12	28	0	12	60	17	10	9	3	2	5	4	5	0	0	0	6	29	0	0	0	3	0	10	1	4	4	0	0	0	9	23	13	0	4	8	2	14	1	0	0	0	3	0	0	1	1	16	8	5	25	4	172	0	28	0	3	4	0	0	0	8	0	47	0
0	0	349	29	0	208	0	1	0	0	1	153	0	21	71	3	43	11	11	0	1	0	0	19	0	0	0	8	0	0	0	0	0	2	24	0	20	0	0	0	3	7	53	0	7	0	92	16	0	0	0	0	0	1	0	17	1	29	4	1	0	40	217	0	176	0	0	0	4	0	1	0	47	0	0
0	6	0	0	0	0	0	0	0	0	0	2	0	4	0	0	0	5	3	4	40	2	19	0	0	0	2	0	0	0	0	122	0	0	0	0	0	0	0	0	0	12	0	0	0	1	0	0	0	0	0	8	2	0	0	0	0	46	139	0	0	0	11	0	0	0	0	0	0	0	0	0	0	0	0
