0	0	0	0	0	0	0	0	0	0	0	0	0	0	0	0	0	0	0	0	0	0	0	0	0	0	0	0	0	0	0	0	0	0	0	0	0	0	0	0	0	0	0	0	0	0	0	0	0	0	0	0	0	0	0	0	0	0	0	0	0	0	0	0	0	0	0	0	0	0	0	0	0	0	0
0	0	23	0	7	4	217	81	4	5	45	0	0	136	3	65	18	436	29	219	18	223	3227	9	2176	1048	249	0	0	537	0	191	0	325	139	1317	23	0	1	121	298	53	7	5	32	499	51	0	9	2	16	27	1381	166	0	2734	181	14	489	28	4	15	19	0	8	0	0	1062	2351	0	24	140	26	9	119
0	23	134	180	15	2935	7	22	1480	23	56	437	0	4248	173	191	1014	514	68	331	309	233	138	55	4	6	158	19	24	166	11	43	1894	757	1864	363	67	0	62	36	3042	87	302	723	190	70	919	83	20	3	12	0	331	78	6	137	37	517	443	459	1056	242	491	0	993	0	57	37	144	120	156	1334	696	2184	46
0	0	180	0	8	301	28	6	39	50	5160	192	0	94	2572	1688	125	40	348	18	161	84	0	37	0	0	48	2223	10	130	224	294	83	241	41	74	452	7	0	11	50	1591	290	35	1660	33	84	306	2459	0	3	0	68	13	17	19	16	3655	76	435	72	310	1548	3	195	0	882	1	4	80	565	48	361	269	30
0	7	15	8	0	9	0	0	47	6	185	0	0	37	6	204	97	15	7	2	46	1	0	0	13	1	5	521	0	26	2568	18	9	2	29	80	145	0	0	0	98	919	2	0	14	0	2	0	535	0	3	21	0	0	0	2	23	25	6	70	151	8	26	0	0	0	748	8	3	3	5	91	12	30	6
0	4	2935	301	9	0	1	4	123	46	137	3472	0	2978	925	283	743	59	165	22	67	44	1	22	2	3	26	61	389	51	104	103	2959	170	5341	21	53	1	0	12	725	131	957	10	168	22	756	26	137	0	4	9	10	1	0	48	4	101	228	22	50	181	6457	0	2282	0	9	5	2	337	45	87	1171	5014	16
0	217	7	28	0	1	0	0	1	7	1433	0	0	9	0	48	0	2807	68	382	508	1720	254	12	223	189	1711	0	0	451	0	1168	0	520	518	557	0	0	5	175	776	2	2	20	914	794	32	0	101	0	3	357	1204	757	0	325	86	909	533	0	4	1	5	0	0	0	6	239	277	0	152	99	16	11	1300
0	81	22	6	0	4	0	0	38	11	15	53	0	56	3	208	0	151	101	0	2	24	14	0	16	1	53	5	0	4	326	7	0	8	2	12	272	0	22	0	4	1418	41	2	941	131	0	2	6	0	1	1	139	11	0	25	2	16	67	0	3	0	21	7	0	0	46	2	0	8	0	2	7	31	0
0	4	1480	39	47	123	1	38	0	72	41	5	0	6488	27	59	53	1915	46	452	1186	2623	10	1	44	4	395	39	85	214	0	15	2535	1510	1678	172	3	0	0	164	1690	5	23	4	8	47	68	1	2	195	0	6	224	2	20	18	282	87	294	949	2755	0	11	0	121	0	0	1	2	31	146	1183	296	3	1
0	5	23	50	6	46	7	11	72	0	17	9	0	98	53	0	11	13	45	64	154	32	9	15	0	0	17	0	67	36	4	13	7	129	77	98	20	0	0	8	23	31	53	45	25	121	4	13	2	0	41	2	5	1	0	14	61	84	135	183	83	21	93	0	29	0	0	12	15	49	61	95	64	36	15
0	45	56	5160	185	137	1433	15	41	17	0	185	0	52	254	5753	116	59	825	2599	2137	38	8	41	3	0	47	322	0	25	34	2161	1	182	51	102	3044	1	21	2	102	2460	2765	116	8565	82	122	84	6334	37	60	985	94	5711	56	48	173	8476	361	71	3	275	934	3	12	0	4162	30	133	54	3725	299	272	157	6
0	0	437	192	0	3472	0	53	5	9	185	0	0	39	2541	102	715	29	186	7	210	28	4	30	0	2	23	15	35	5	0	42	0	83	395	56	153	0	10	0	37	119	1659	49	336	2	77	143	14	0	2	0	90	0	0	6	0	192	153	64	5	1265	4753	0	802	0	97	27	10	433	507	833	696	2815	2
0	0	0	0	0	0	0	0	0	0	0	0	0	0	0	0	0	0	0	0	0	0	0	0	0	0	0	0	0	0	0	0	0	0	0	0	0	0	0	0	0	0	0	0	0	0	0	0	0	0	0	0	0	0	0	0	0	0	0	0	0	0	0	0	0	0	0	0	0	0	0	0	0	0	0
0	136	4248	94	37	2978	9	56	6488	98	52	39	0	0	44	138	578	1908	39	1818	611	2267	118	96	63	20	180	9	1344	766	0	56	3124	5829	12933	1051	10	3	22	495	8112	219	65	518	22	40	3695	14	132	167	21	29	82	16	0	220	236	770	1024	788	3970	33	118	0	449	0	51	73	144	101	422	4275	1537	121	133
0	3	173	2572	6	925	0	3	27	53	254	2541	0	44	0	349	98	21	154	15	29	79	3	49	0	2	7	156	75	14	1	457	2364	159	126	25	274	0	477	51	52	150	1356	13	1187	88	73	1082	195	0	24	0	15	3	0	30	366	257	347	245	18	4582	12721	0	796	0	116	12	21	287	129	32	1109	589	6
0	65	191	1688	204	283	48	208	59	0	5753	102	0	138	349	14	142	36	315	1317	58	52	17	23	19	16	54	196	1	34	1	58	1	50	13	48	2755	2	33	9	60	940	3495	187	4929	40	22	108	3712	31	157	2	38	344	0	29	0	2677	707	177	10	61	362	2	17	0	1350	56	175	274	768	106	92	40	58
0	18	1014	125	97	743	0	0	53	11	116	715	0	578	98	142	0	37	49	39	13	24	2	5	0	1	61	7	3	13	0	114	10	16	159	16	24	0	18	13	44	17	17	10	9	51	5	13	23	0	150	27	72	14	0	21	1	29	47	9	23	25	1162	5	212	0	3	5	0	91	3	0	32	900	1
0	436	514	40	15	59	2807	151	1915	13	59	29	0	1908	21	36	37	0	98	1540	302	9142	1292	13	273	108	6191	11	0	928	1	366	0	4194	1834	1156	8	0	33	1937	5600	179	83	16	162	1310	286	25	6	3	6	74	5775	1240	0	2086	117	202	1178	130	137	166	371	2	4	5	14	1870	1805	19	132	1164	283	51	304
0	29	68	348	7	165	68	101	46	45	825	186	0	39	154	315	49	98	0	11	39	15	24	84	0	2	31	12	6	0	54	378	0	162	57	15	216	3	52	2	14	365	221	14	1120	113	105	122	479	0	6314	78	59	402	0	27	12	333	218	14	9	250	1035	1	10	0	62	32	14	247	93	120	358	336	42
0	219	331	18	2	22	382	0	452	64	2599	7	0	1818	15	1317	39	1540	11	0	2871	1681	540	14	228	44	1557	31	29	2125	7	1154	3	889	672	1260	11	61	38	488	743	14	143	770	496	350	164	10	963	8	0	371	1632	1102	80	92	810	3469	2552	2802	1350	0	15	0	0	0	9	103	402	14	690	200	36	47	1838
0	18	309	161	46	67	508	2	1186	154	2137	210	0	611	29	58	13	302	39	2871	0	1373	177	419	1721	1287	574	1	95	505	0	1527	16	1823	692	861	5	22	26	428	2248	81	145	184	69	1439	253	11	893	71	21	560	308	2319	23	1828	3529	6097	595	677	622	91	248	0	12	0	150	210	553	79	2312	2388	289	44	245
0	223	233	84	1	44	1720	24	2623	32	38	28	0	2267	79	52	24	9142	15	1681	1373	0	684	12	110	57	9311	28	4	769	4	88	0	7193	4009	1532	24	0	9	3968	7675	245	26	4	27	1034	477	41	7	4	3	17	5264	939	0	956	494	190	1100	102	128	44	95	0	10	0	6	82	1058	7	86	2574	84	47	241
0	3227	138	0	0	1	254	14	10	9	8	4	0	118	3	17	2	1292	24	540	177	684	0	14	6153	1899	1670	6	0	1243	0	2305	0	189	485	1578	4	0	1	168	194	16	10	19	12	1132	62	1	9	0	1	516	3703	376	0	3055	357	41	2520	218	1249	10	5	0	0	0	0	1673	1017	62	38	136	19	9	729
0	9	55	37	0	22	12	0	1	15	41	30	0	96	49	23	5	13	84	14	419	12	14	0	1757	216	30	3	3	39	10	33	0	27	58	10	0	1	0	19	10	24	10	3	0	9	75	0	0	34	0	1	127	14	1	521	717	80	145	136	391	0	86	2	1	0	3	0	1	81	6	2	6	27	13
0	2176	4	0	13	2	223	16	44	0	3	0	0	63	0	19	0	273	0	228	1721	110	6153	1757	0	12166	93	14	0	410	3	653	0	180	234	896	4	0	0	15	224	16	4	0	0	1752	24	0	2	0	0	116	1963	2419	3	5297	6537	550	301	14	32	4	18	0	4	0	6	50	4863	0	93	429	15	5	186
0	1048	6	0	1	3	189	1	4	0	0	2	0	20	2	16	1	108	2	44	1287	57	1899	216	12166	0	86	11	0	71	0	239	0	23	15	108	0	0	0	10	27	2	0	0	4	790	2	0	0	0	0	97	342	588	0	1695	2129	404	78	5	22	0	5	0	0	0	0	4	784	0	39	10	2	2	10
0	249	158	48	5	26	1711	53	395	17	47	23	0	180	7	54	61	6191	31	1557	574	9311	1670	30	93	86	0	23	42	880	2	172	0	6132	784	1447	8	0	4	1305	6369	150	27	70	30	1044	220	6	21	2	2	39	5499	1621	0	2151	292	248	1075	114	339	6	231	0	0	0	19	2173	1495	39	143	2094	140	54	96
0	0	19	2223	521	61	0	5	39	0	322	15	0	9	156	196	7	11	12	31	1	28	6	3	14	11	23	0	0	6	1196	14	0	22	32	32	2032	0	1	1	34	2790	71	5	47	3	4	99	1347	0	3	0	24	3	0	64	19	34	29	32	9	44	116	23	21	0	2451	8	22	30	18	20	110	21	2
0	0	24	10	0	389	0	0	85	67	0	35	0	1344	75	1	3	0	6	29	95	4	0	3	0	0	42	0	0	1	1	3	1	51	1346	7	0	1	1	0	31	0	1	4	4	9	841	1	113	3	7	0	11	0	2	0	18	24	79	747	142	2	23	3	728	0	3	3	0	55	14	143	17	6	21
0	537	166	130	26	51	451	4	214	36	25	5	0	766	14	34	13	928	0	2125	505	769	1243	39	410	71	880	6	1	0	4	73	2	2435	1177	4373	1	35	409	210	2860	57	41	268	18	237	217	1	24	7	0	1	2466	313	27	202	321	247	4019	2402	820	0	5	0	0	0	2	2281	1323	29	30	448	98	10	64
0	0	11	224	2568	104	0	326	0	4	34	0	0	0	1	1	0	1	54	7	0	4	0	10	3	0	2	1196	1	4	0	84	6	0	18	6	4206	0	10	0	0	1638	2	0	25	5	6	22	48	129	3	0	1	9	0	21	2	23	8	0	0	17	33	0	0	0	6129	11	4	0	1	27	82	177	1
0	191	43	294	18	103	1168	7	15	13	2161	42	0	56	457	58	114	366	378	1154	1527	88	2305	33	653	239	172	14	3	73	84	0	80	66	271	61	31	0	13	32	45	55	181	27	2673	3427	204	717	259	0	0	5397	106	6287	7	3475	38	5258	866	96	5	78	432	0	124	0	16	2757	300	96	1255	103	160	107	3471
0	0	1894	83	9	2959	0	0	2535	7	1	0	0	3124	2364	1	10	0	0	3	16	0	0	0	0	0	0	0	1	2	6	80	0	17	1538	2	0	0	1	0	2845	0	19	1	669	1	2184	136	0	1	0	0	0	0	0	0	2	100	56	4	0	9	1146	0	3688	0	1	0	0	889	16	2	409	22	1
0	325	757	241	2	170	520	8	1510	129	182	83	0	5829	159	50	16	4194	162	889	1823	7193	189	27	180	23	6132	22	51	2435	0	66	17	10	655	1747	26	0	34	2207	2743	129	43	50	40	348	71	4	22	84	47	6	2776	314	0	331	213	192	972	216	1329	14	908	0	6	0	5	48	178	145	74	2206	119	143	219
0	139	1864	41	29	5341	518	2	1678	77	51	395	0	12933	126	13	159	1834	57	672	692	4009	485	58	234	15	784	32	1346	1177	18	271	1538	655	0	435	2	3	65	382	4293	59	19	267	113	355	5771	0	62	1	185	61	1303	308	0	1023	34	496	6292	468	1026	109	227	1	152	0	84	1516	279	162	442	2583	632	3026	208
0	1317	363	74	80	21	557	12	172	98	102	56	0	1051	25	48	16	1156	15	1260	861	1532	1578	10	896	108	1447	32	7	4373	6	61	2	1747	435	0	4	35	302	276	1896	72	32	323	19	381	107	7	16	44	0	8	3736	305	24	172	276	370	5375	3047	2480	4	189	0	4	0	2	1111	665	88	106	416	106	27	124
0	23	67	452	145	53	0	272	3	20	3044	153	0	10	274	2755	24	8	216	11	5	24	4	0	4	0	8	2032	0	1	4206	31	0	26	2	4	0	1	1	4	0	1333	391	0	3073	14	1	6	1896	1	1	2	9	5	0	0	1	257	59	13	4	18	203	29	3	0	1506	6	0	38	11	1	78	249	45
0	0	0	7	0	1	0	0	0	0	1	0	0	3	0	2	0	0	3	61	22	0	0	1	0	0	0	0	1	35	0	0	0	0	3	35	1	0	33	0	29	7	3	0	8	0	1	20	1	2	0	0	0	0	0	1	10	22	57	69	63	9	17	0	0	0	0	73	0	25	0	3	8	50	0
0	1	62	0	0	0	5	22	0	0	21	10	0	22	477	33	18	33	52	38	26	9	1	0	0	0	4	1	1	409	10	13	1	34	65	302	1	33	0	3	0	57	1	33	10	3	31	0	10	7	3	0	4	0	22	0	18	18	729	220	2	0	86	0	0	0	0	2	0	36	11	88	53	32	6
0	121	36	11	0	12	175	0	164	8	2	0	0	495	51	9	13	1937	2	488	428	3968	168	19	15	10	1305	1	0	210	0	32	0	2207	382	276	4	0	3	0	393	44	0	3	0	189	202	4	18	47	0	1	762	270	1	424	19	12	188	24	19	0	1	0	1	0	3	21	59	1	10	967	7	4	23
0	298	3042	50	98	725	776	4	1690	23	102	37	0	8112	52	60	44	5600	14	743	2248	7675	194	10	224	27	6369	34	31	2860	0	45	2845	2743	4293	1896	0	29	0	393	0	55	8	125	15	443	154	10	32	168	1	2	3886	460	28	280	60	246	944	528	3444	1	64	0	3	0	2	2	21	64	55	992	286	34	156
0	53	87	1591	919	131	2	1418	5	31	2460	119	0	219	150	940	17	179	365	14	81	245	16	24	16	2	150	2790	0	57	1638	55	0	129	59	72	1333	7	57	44	55	0	74	11	2498	188	161	36	3076	1	16	15	164	101	0	31	77	139	168	37	16	47	856	22	3	0	2364	4	24	76	9	27	98	138	66
0	7	302	290	2	957	2	41	23	53	2765	1659	0	65	1356	3495	17	83	221	143	145	26	10	10	4	0	27	71	1	41	2	181	19	43	19	32	391	3	1	0	8	74	0	29	2022	51	44	464	1180	0	3	0	10	1	0	3	0	380	2710	3760	190	15	2755	55	41	0	212	91	0	140	40	84	282	542	21
0	5	723	35	0	10	20	2	4	45	116	49	0	518	13	187	10	16	14	770	184	4	19	3	0	0	70	5	4	268	0	27	1	50	267	323	0	0	33	3	125	11	29	0	10	16	158	42	94	233	3	0	13	4	0	19	26	686	1453	1010	72	5	25	0	1	0	3	282	11	145	46	21	36	56	50
0	32	190	1660	14	168	914	941	8	25	8565	336	0	22	1187	4929	9	162	1120	496	69	27	12	0	0	4	30	47	4	18	25	2673	669	40	113	19	3073	8	10	0	15	2498	2022	10	0	145	50	3	4843	8	33	620	68	1917	0	22	2	3139	1751	139	4	1938	1537	2	0	0	1079	22	67	108	140	6	251	341	2493
0	499	70	33	0	22	794	131	47	121	82	2	0	40	88	40	51	1310	113	350	1439	1034	1132	9	1752	790	1044	3	9	237	5	3427	1	348	355	381	14	0	3	189	443	188	51	16	145	428	102	15	32	2	5	505	848	1378	0	1658	195	1736	262	14	39	78	157	0	28	0	1	566	184	21	371	132	102	20	461
0	51	919	84	2	756	32	0	68	4	122	77	0	3695	73	22	5	286	105	164	253	477	62	75	24	2	220	4	841	217	6	204	2184	71	5771	107	1	1	31	202	154	161	44	158	50	102	0	2	51	5	18	2	162	90	0	115	16	164	1572	602	678	201	342	0	84	0	29	223	22	46	41	259	122	699	8
0	0	83	306	0	26	0	2	1	13	84	143	0	14	1082	108	13	25	122	10	11	41	1	0	0	0	6	99	1	1	22	717	136	4	0	7	6	20	0	4	10	36	464	42	3	15	2	0	18	0	4	0	4	0	0	7	2	21	90	2204	8	0	248	0	82	0	0	0	0	36	65	0	51	117	1
0	9	20	2459	535	137	101	6	2	2	6334	14	0	132	195	3712	23	6	479	963	893	7	9	0	2	0	21	1347	113	24	48	259	0	22	62	16	1896	1	10	18	32	3076	1180	94	4843	32	51	18	0	3	5	103	9	1088	60	50	32	4257	67	89	43	43	493	17	5	0	2609	31	3	103	1064	81	25	62	0
0	2	3	0	0	0	0	0	195	0	37	0	0	167	0	31	0	3	0	8	71	4	0	34	0	0	2	0	3	7	129	0	1	84	1	44	1	2	7	47	168	1	0	233	8	2	5	0	3	0	0	0	5	0	1	1	17	21	2	0	212	0	0	0	0	0	3	7	0	51	0	0	3	0	0
0	16	12	3	3	4	3	1	0	41	60	2	0	21	24	157	150	6	6314	0	21	3	1	0	0	0	2	3	7	0	3	0	0	47	185	0	1	0	3	0	1	16	3	3	33	5	18	4	5	0	0	0	0	0	0	0	0	5	19	0	0	13	61	4	3	0	4	7	0	26	5	0	11	20	4
0	27	0	0	21	9	357	1	6	2	985	0	0	29	0	2	27	74	78	371	560	17	516	1	116	97	39	0	0	1	0	5397	0	6	61	8	2	0	0	1	2	15	0	0	620	505	2	0	103	0	0	0	46	1128	0	544	5	1541	155	2	2	6	0	0	0	0	1	428	119	0	367	44	15	1	1003
0	1381	331	68	0	10	1204	139	224	5	94	90	0	82	15	38	72	5775	59	1632	308	5264	3703	127	1963	342	5499	24	11	2466	1	106	0	2776	1303	3736	9	0	4	762	3886	164	10	13	68	848	162	4	9	5	0	46	0	1392	0	3046	654	266	1602	35	85	7	40	0	0	0	0	2481	1120	155	118	799	129	9	186
0	166	78	13	0	1	757	11	2	1	5711	0	0	16	3	344	14	1240	402	1102	2319	939	376	14	2419	588	1621	3	0	313	9	6287	0	314	308	305	5	0	0	270	460	101	1	4	1917	1378	90	0	1088	0	0	1128	1392	0	41	691	42	4766	1372	15	33	1	16	0	1	0	1	224	114	18	469	69	35	9	2855
0	0	6	17	0	0	0	0	20	0	56	0	0	0	0	0	0	0	0	80	23	0	0	1	3	0	0	0	2	27	0	7	0	0	0	24	0	0	22	1	28	0	0	0	0	0	0	0	60	1	0	0	0	41	0	0	23	18	0	14	14	0	0	0	0	0	0	0	0	0	52	8	0	0	0
0	2734	137	19	2	48	325	25	18	14	48	6	0	220	30	29	21	2086	27	92	1828	956	3055	521	5297	1695	2151	64	0	202	21	3475	0	331	1023	172	0	1	0	424	280	31	3	19	22	1658	115	7	50	1	0	544	3046	691	0	0	2634	99	537	81	218	4	82	4	2	0	1	330	1178	5	58	140	34	62	55
0	181	37	16	23	4	86	2	282	61	173	0	0	236	366	0	1	117	12	810	3529	494	357	717	6537	2129	292	19	18	321	2	38	2	213	34	276	1	10	18	19	60	77	0	26	2	195	16	2	32	17	0	5	654	42	23	2634	0	3381	173	605	530	12	26	0	2	0	0	2	382	37	1719	73	35	10	24
0	14	517	3655	25	101	909	16	87	84	8476	192	0	770	257	2677	29	202	333	3469	6097	190	41	80	550	404	248	34	24	247	23	5258	100	192	496	370	257	22	18	12	246	139	380	686	3139	1736	164	21	4257	21	5	1541	266	4766	18	99	3381	0	1252	1977	554	34	917	1	12	0	832	134	35	63	3916	307	183	207	1706
0	489	443	76	6	228	533	67	294	135	361	153	0	1024	347	707	47	1178	218	2552	595	1100	2520	145	301	78	1075	29	79	4019	8	866	56	972	6292	5375	59	57	729	188	944	168	2710	1453	1751	262	1572	90	67	2	19	155	1602	1372	0	537	173	1252	0	7116	3740	244	854	2	39	0	37	5701	833	386	239	2083	366	191	3485
0	28	459	435	70	22	0	0	949	183	71	64	0	788	245	177	9	130	14	2802	677	102	218	136	14	5	114	32	747	2402	0	96	4	216	468	3047	13	69	220	24	528	37	3760	1010	139	14	602	2204	89	0	0	2	35	15	14	81	605	1977	7116	0	6766	52	247	0	140	0	18	6349	78	161	3177	1826	583	182	42
0	4	1056	72	151	50	4	3	2755	83	3	5	0	3970	18	10	23	137	9	1350	622	128	1249	391	32	22	339	9	142	820	0	5	0	1329	1026	2480	4	63	2	19	3444	16	190	72	4	39	678	8	43	212	0	2	85	33	14	218	530	554	3740	6766	0	0	1	0	396	0	1	1151	408	344	566	1682	347	1	39
0	15	242	310	8	181	1	0	0	21	275	1265	0	33	4582	61	25	166	250	0	91	44	10	0	4	0	6	44	2	0	17	78	9	14	109	4	18	9	0	0	1	47	15	5	1938	78	201	0	43	0	13	6	7	1	0	4	12	34	244	52	0	0	2490	1	3	0	7	2	0	21	9	2	213	438	36
0	19	491	1548	26	6457	5	21	11	93	934	4753	0	118	12721	362	1162	371	1035	15	248	95	5	86	18	5	231	116	23	5	33	432	1146	908	227	189	203	17	86	1	64	856	2755	25	1537	157	342	248	493	0	61	0	40	16	0	82	26	917	854	247	1	2490	0	1	115	0	112	10	106	808	196	95	1814	3084	346
0	0	0	3	0	0	0	7	0	0	3	0	0	0	0	2	5	2	1	0	0	0	0	2	0	0	0	23	3	0	0	0	0	0	1	0	29	0	0	0	0	22	55	0	2	0	0	0	17	0	4	0	0	0	0	4	0	1	2	0	0	1	1	0	0	0	58	6	0	0	0	0	0	0	0
0	8	993	195	0	2282	0	0	121	29	12	802	0	449	796	17	212	4	10	0	12	10	0	1	4	0	0	21	728	0	0	124	3688	6	152	4	3	0	0	1	3	3	41	1	0	28	84	82	5	0	3	0	0	1	0	2	2	12	39	140	396	3	115	0	0	0	0	0	5	156	2	21	175	1397	3
0	0	0	0	0	0	0	0	0	0	0	0	0	0	0	0	0	5	0	0	0	0	0	0	0	0	0	0	0	0	0	0	0	0	0	0	0	0	0	0	0	0	0	0	0	0	0	0	0	0	0	0	0	0	0	0	0	0	0	0	0	0	0	0	0	0	0	0	0	0	0	0	0	0	0
0	0	57	882	748	9	6	46	0	0	4162	97	0	51	116	1350	3	14	62	9	150	6	0	3	6	0	19	2451	3	2	6129	16	1	5	84	2	1506	0	0	3	2	2364	212	3	1079	1	29	0	2609	3	4	1	0	1	0	1	0	832	37	18	1	7	112	58	0	0	0	1	0	7	0	2	25	13	15
0	1062	37	1	8	5	239	2	1	12	30	27	0	73	12	56	5	1870	32	103	210	82	1673	0	50	4	2173	8	3	2281	11	2757	0	48	1516	1111	6	73	2	21	2	4	91	282	22	566	223	0	31	7	7	428	2481	224	0	330	2	134	5701	6349	1151	2	10	6	0	0	1	0	1	110	26	16	34	15	348
0	2351	144	4	3	2	277	0	2	15	133	10	0	144	21	175	0	1805	14	402	553	1058	1017	1	4863	784	1495	22	0	1323	4	300	0	178	279	665	0	0	0	59	21	24	0	11	67	184	22	0	3	0	0	119	1120	114	0	1178	382	35	833	78	408	0	106	0	5	0	0	1	0	0	3	5	44	14	1354
0	0	120	80	3	337	0	8	31	49	54	433	0	101	287	274	91	19	247	14	79	7	62	81	0	0	39	30	55	29	0	96	889	145	162	88	38	25	36	1	64	76	140	145	108	21	46	36	103	51	26	0	155	18	0	5	37	63	386	161	344	21	808	0	156	0	7	110	0	0	54	6	56	400	20
0	24	156	565	5	45	152	0	146	61	3725	507	0	422	129	768	3	132	93	690	2312	86	38	6	93	39	143	18	14	30	1	1255	16	74	442	106	11	0	11	10	55	9	40	46	140	371	41	65	1064	0	5	367	118	469	52	58	1719	3916	239	3177	566	9	196	0	2	0	0	26	3	54	0	86	75	72	172
0	140	1334	48	91	87	99	2	1183	95	299	833	0	4275	32	106	0	1164	120	200	2388	2574	136	2	429	10	2094	20	143	448	27	103	2	2206	2583	416	1	3	88	967	992	27	84	21	6	132	259	0	81	0	0	44	799	69	8	140	73	307	2083	1826	1682	2	95	0	21	0	2	16	5	6	86	0	247	56	41
0	26	696	361	12	1171	16	7	296	64	272	696	0	1537	1109	92	32	283	358	36	289	84	19	6	15	2	140	110	17	98	82	160	409	119	632	106	78	8	53	7	286	98	282	36	251	102	122	51	25	3	11	15	129	35	0	34	35	183	366	583	347	213	1814	0	175	0	25	34	44	56	75	247	0	911	64
0	9	2184	269	30	5014	11	31	3	36	157	2815	0	121	589	40	900	51	336	47	44	47	9	27	5	2	54	21	6	10	177	107	22	143	3026	27	249	50	32	4	34	138	542	56	341	20	699	117	62	0	20	1	9	9	0	62	10	207	191	182	1	438	3084	0	1397	0	13	15	14	400	72	56	911	0	11
0	119	46	30	6	16	1300	0	1	15	6	2	0	133	6	58	1	304	42	1838	245	241	729	13	186	10	96	2	21	64	1	3471	1	219	208	124	45	0	6	23	156	66	21	50	2493	461	8	1	0	0	4	1003	186	2855	0	55	24	1706	3485	42	39	36	346	0	3	0	15	348	1354	20	172	41	64	11	0
