0	0	0	0	0	0	0	0	0	0	0	0	0	0	0	0	0	0	0	0	0	0	0	0	0	0	0	0	0	0	0	0	0	0	0	0	0	0	0	0	0	0	0	0	0	0	0	0	0	0	0	0	0	0	0	0	0	0	0	0	0	0	0	0	0	0	0	0	0	0	0	0	0	0	0
0	0	14	0	0	0	0	0	0	0	0	0	0	0	0	0	6	4	0	17	0	6	125	7	229	51	7	0	0	0	0	8	0	4	7	157	21	0	0	0	14	1	0	0	0	228	1	0	0	0	0	1	239	14	0	286	1	1	13	0	0	0	0	0	1	0	0	115	455	0	0	3	0	0	17
0	14	0	0	0	302	0	1	147	0	1	215	0	484	1	1	147	235	0	1	31	91	107	0	0	0	59	0	0	0	0	2	0	206	367	18	3	0	0	0	375	12	1	2	0	28	190	1	0	0	0	0	6	71	0	39	2	87	79	62	0	1	7	0	94	0	0	0	80	0	1	480	186	609	21
0	0	0	0	0	17	0	1	0	0	245	15	0	0	79	88	2	0	1	0	29	1	0	0	0	0	0	267	0	0	0	0	0	0	0	0	19	0	0	0	0	172	2	7	33	0	2	8	30	0	0	0	0	7	0	0	1	79	0	23	0	31	99	0	0	0	0	0	0	3	72	0	17	5	0
0	0	0	0	0	0	0	0	0	0	20	0	0	0	0	2	0	0	0	0	0	0	0	0	1	0	0	5	0	0	0	0	0	1	4	0	0	0	0	0	0	1	0	0	0	0	0	0	0	0	0	0	0	0	0	0	0	0	0	0	0	0	0	0	0	0	0	0	0	0	0	0	0	0	2
0	0	302	17	0	0	0	0	0	0	5	297	0	127	41	0	6	11	0	0	0	4	0	0	0	0	2	1	0	0	0	0	0	1	3	0	0	0	0	0	2	5	5	1	27	0	2	0	0	0	0	0	0	0	0	0	1	7	34	4	0	0	500	0	1	0	0	0	0	0	3	2	5	340	0
0	0	0	0	0	0	0	0	0	0	0	0	0	0	0	0	0	0	0	0	0	0	0	0	0	0	0	0	0	0	0	0	0	0	0	0	0	0	0	0	0	0	0	0	0	0	0	0	0	0	0	0	0	0	0	0	0	0	0	0	0	0	0	0	0	0	0	0	0	0	0	0	0	0	0
0	0	1	1	0	0	0	0	0	0	0	0	0	0	0	1	0	1	23	0	0	0	0	0	0	0	3	3	0	0	0	0	0	0	0	0	9	0	0	0	0	131	0	0	45	0	0	0	0	0	0	0	61	4	0	0	0	2	0	0	0	0	4	0	0	0	0	0	0	0	0	0	0	0	0
0	0	147	0	0	0	0	0	0	0	0	0	0	19	1	0	0	15	0	0	6	91	0	0	0	0	1	0	0	0	0	0	0	12	0	12	0	0	0	0	26	0	0	1	0	0	0	0	0	0	0	0	0	1	0	0	1	2	18	14	0	0	1	0	0	0	0	0	0	0	0	0	0	0	0
0	0	0	0	0	0	0	0	0	0	0	0	0	0	0	0	0	0	0	0	0	0	0	0	0	0	0	0	0	0	0	0	0	0	0	0	0	0	0	0	0	0	0	0	0	0	0	0	0	0	2	0	0	0	0	0	0	0	0	0	0	0	0	0	0	0	0	0	0	0	0	0	0	0	0
0	0	1	245	20	5	0	0	0	0	0	11	0	0	12	308	0	0	1	52	73	0	0	0	1	0	1	9	0	0	0	56	0	2	0	0	117	0	0	0	0	149	79	0	168	5	2	0	222	0	0	0	0	181	0	1	0	261	4	0	0	0	40	0	0	0	0	0	0	2	195	0	1	3	0
0	0	215	15	0	297	0	0	0	0	11	0	0	1	480	2	64	8	36	0	3	2	0	0	0	0	0	1	0	0	0	0	0	2	48	0	16	0	0	0	0	44	205	4	130	0	0	1	5	0	0	0	1	0	0	0	0	34	7	35	0	91	957	0	61	0	0	1	0	120	36	0	201	625	0
0	0	0	0	0	0	0	0	0	0	0	0	0	0	0	0	0	0	0	0	0	0	0	0	0	0	0	0	0	0	0	0	0	0	0	0	0	0	0	0	0	0	0	0	0	0	0	0	0	0	0	0	0	0	0	0	0	0	0	0	0	0	0	0	0	0	0	0	0	0	0	0	0	0	0
0	0	484	0	0	127	0	0	19	0	0	1	0	0	1	0	22	214	0	1	5	108	74	0	0	0	7	0	0	0	0	2	0	215	207	41	0	0	0	0	238	1	0	0	0	0	107	0	0	0	0	0	0	0	0	3	1	13	9	83	0	0	2	0	1	0	0	0	3	0	1	210	170	2	0
0	0	1	79	0	41	0	0	1	0	12	480	0	1	0	0	7	1	2	0	0	1	0	0	0	0	0	4	0	0	0	1	0	0	0	1	17	0	0	0	0	11	49	4	131	32	1	37	4	0	0	0	0	0	0	0	15	32	9	29	0	159	1050	0	8	0	0	0	1	11	2	1	70	35	0
0	0	1	88	2	0	0	1	0	0	308	2	0	0	0	0	18	0	0	68	0	1	0	0	2	0	0	2	0	0	0	1	0	0	0	0	64	0	0	0	0	22	209	0	155	0	1	3	89	0	0	0	0	58	0	0	0	116	79	21	0	0	2	0	0	0	0	0	1	59	26	0	1	1	0
0	6	147	2	0	6	0	0	0	0	0	64	0	22	7	18	0	9	0	0	0	0	0	0	0	0	8	0	0	0	0	15	0	2	0	1	0	0	0	0	4	2	0	0	3	4	0	0	0	0	0	0	0	11	0	1	0	3	9	2	0	0	108	0	0	0	0	0	0	0	0	0	0	120	0
0	4	235	0	0	11	0	1	15	0	0	8	0	214	1	0	9	0	0	2	11	499	148	1	4	1	349	1	0	13	0	6	0	336	67	64	0	0	0	0	370	39	2	2	33	116	13	15	0	0	0	0	166	256	0	197	1	21	41	9	0	36	114	0	0	0	0	41	98	1	3	263	27	4	3
0	0	0	1	0	0	0	23	0	0	1	36	0	0	2	0	0	0	0	0	0	3	0	0	0	0	1	1	0	0	0	1	0	0	0	0	11	0	0	0	0	34	4	0	58	1	0	0	30	0	151	0	19	32	0	0	0	8	8	0	0	0	74	0	0	0	0	0	0	30	0	0	19	17	1
0	17	1	0	0	0	0	0	0	0	52	0	0	1	0	68	0	2	0	0	0	0	10	0	40	2	3	0	0	16	0	67	0	1	0	53	0	0	0	0	0	1	0	0	0	84	0	0	0	0	0	0	0	134	0	0	208	6	135	416	0	0	0	0	0	0	0	0	0	0	5	0	0	0	0
0	0	31	29	0	0	0	0	6	0	73	3	0	5	0	0	0	11	0	0	0	4	0	0	174	70	0	0	0	10	0	18	0	4	0	5	0	0	0	0	28	0	0	0	0	25	0	1	0	0	0	0	0	108	0	3	198	20	2	22	0	0	1	0	0	0	0	1	1	1	7	5	6	1	0
0	6	91	1	0	4	0	0	91	0	0	2	0	108	1	1	0	499	3	0	4	0	13	0	4	0	370	0	0	2	0	2	0	211	124	84	0	0	0	0	189	45	1	1	0	55	0	18	0	0	0	0	143	159	0	54	26	19	12	0	0	0	1	0	0	0	0	0	11	0	2	201	23	5	0
0	125	107	0	0	0	0	0	0	0	0	0	0	74	0	0	0	148	0	10	0	13	0	0	177	3	138	0	0	8	0	89	0	3	2	34	0	0	0	0	18	5	0	0	0	89	8	0	0	0	0	0	149	171	0	40	2	1	144	87	0	8	1	0	0	0	0	19	19	0	0	0	3	2	3
0	7	0	0	0	0	0	0	0	0	0	0	0	0	0	0	0	1	0	0	0	0	0	0	572	74	0	0	0	0	0	0	0	0	0	0	0	0	0	0	0	0	0	0	0	0	0	0	0	0	0	0	92	14	0	51	262	0	0	0	0	0	0	0	0	0	0	0	0	0	0	0	0	0	0
0	229	0	0	1	0	0	0	0	0	1	0	0	0	0	2	0	4	0	40	174	4	177	572	0	432	7	0	0	8	0	109	0	3	6	60	0	0	0	0	0	0	0	0	0	178	18	0	0	0	0	0	503	239	0	252	455	26	4	0	0	0	0	0	0	0	0	2	524	0	0	4	0	0	0
0	51	0	0	0	0	0	0	0	0	0	0	0	0	0	0	0	1	0	2	70	0	3	74	432	0	5	1	0	5	0	6	0	1	0	0	0	0	0	0	0	0	0	0	0	5	0	0	0	0	0	0	123	106	0	123	231	12	0	1	0	0	1	0	0	0	0	1	52	0	0	0	0	0	1
0	7	59	0	0	2	0	3	1	0	1	0	0	7	0	0	8	349	1	3	0	370	138	0	7	5	0	0	0	5	0	1	0	262	72	55	0	0	0	1	400	22	1	0	4	87	53	2	0	0	0	0	135	237	0	199	9	22	28	18	0	2	1	0	0	0	0	133	91	0	2	148	11	0	2
0	0	0	267	5	1	0	3	0	0	9	1	0	0	4	2	0	1	1	0	0	0	0	0	0	1	0	0	0	0	0	0	0	3	0	0	212	0	0	0	0	389	1	1	0	0	0	6	16	0	0	0	0	0	0	2	0	2	0	2	0	0	7	0	0	0	0	0	0	0	0	0	4	1	0
0	0	0	0	0	0	0	0	0	0	0	0	0	0	0	0	0	0	0	0	0	0	0	0	0	0	0	0	0	0	0	0	0	0	0	0	0	0	0	0	0	0	0	0	0	0	0	0	0	0	0	0	0	0	0	0	0	0	0	0	0	0	0	0	0	0	0	0	0	0	0	0	0	0	0
0	0	0	0	0	0	0	0	0	0	0	0	0	0	0	0	0	13	0	16	10	2	8	0	8	5	5	0	0	0	0	0	0	11	0	24	0	0	0	0	48	0	0	0	0	5	0	0	0	0	0	0	0	0	0	2	0	2	0	1	0	0	0	0	0	0	0	14	17	0	2	7	1	0	0
0	0	0	0	0	0	0	0	0	0	0	0	0	0	0	0	0	0	0	0	0	0	0	0	0	0	0	0	0	0	0	0	0	0	0	0	0	0	0	0	0	0	0	0	0	0	0	0	0	0	0	0	0	0	0	0	0	0	0	0	0	0	0	0	0	0	0	0	0	0	0	0	0	0	0
0	8	2	0	0	0	0	0	0	0	56	0	0	2	1	1	15	6	1	67	18	2	89	0	109	6	1	0	0	0	0	0	0	1	7	0	0	0	0	0	3	0	0	0	97	298	15	1	6	0	0	26	1	328	0	41	1	75	30	0	0	1	3	0	0	0	0	83	3	0	82	0	2	1	128
0	0	0	0	0	0	0	0	0	0	0	0	0	0	0	0	0	0	0	0	0	0	0	0	0	0	0	0	0	0	0	0	0	0	0	0	0	0	0	0	0	0	0	0	0	0	0	0	0	0	0	0	0	0	0	0	0	0	0	0	0	0	0	0	0	0	0	0	0	0	0	0	0	0	0
0	4	206	0	1	1	0	0	12	0	2	2	0	215	0	0	2	336	0	1	4	211	3	0	3	1	262	3	0	11	0	1	0	0	3	33	1	0	0	0	96	13	1	1	0	18	5	1	0	0	0	0	105	142	0	18	5	7	56	22	0	0	15	0	0	0	0	1	20	0	0	74	16	2	0
0	7	367	0	4	3	0	0	0	0	0	48	0	207	0	0	0	67	0	0	0	124	2	0	6	0	72	0	0	0	0	7	0	3	0	1	0	0	0	0	41	4	0	0	0	15	0	0	0	0	0	0	6	138	0	14	0	2	202	62	0	0	2	0	0	0	0	0	0	0	0	0	0	342	0
0	157	18	0	0	0	0	0	12	0	0	0	0	41	1	0	1	64	0	53	5	84	34	0	60	0	55	0	0	24	0	0	0	33	1	0	1	0	0	0	177	20	0	1	0	20	8	2	0	0	0	0	70	100	0	24	0	16	230	175	0	0	1	0	0	0	0	47	59	0	1	33	6	3	0
0	21	3	19	0	0	0	9	0	0	117	16	0	0	17	64	0	0	11	0	0	0	0	0	0	0	0	212	0	0	0	0	0	1	0	1	0	0	0	0	0	136	11	0	36	0	0	0	0	0	0	0	6	2	0	0	1	6	2	2	0	0	22	0	0	0	0	0	0	0	2	0	0	32	0
0	0	0	0	0	0	0	0	0	0	0	0	0	0	0	0	0	0	0	0	0	0	0	0	0	0	0	0	0	0	0	0	0	0	0	0	0	0	0	0	0	0	0	0	0	0	0	0	0	0	0	0	0	0	0	0	0	0	0	0	0	0	0	0	0	0	0	0	0	0	0	0	0	0	0
0	0	0	0	0	0	0	0	0	0	0	0	0	0	0	0	0	0	0	0	0	0	0	0	0	0	0	0	0	0	0	0	0	0	0	0	0	0	0	0	0	0	0	0	0	0	0	0	0	0	0	0	0	0	0	0	0	0	0	0	0	0	0	0	0	0	0	0	0	0	0	0	0	0	0
0	0	0	0	0	0	0	0	0	0	0	0	0	0	0	0	0	0	0	0	0	0	0	0	0	0	1	0	0	0	0	0	0	0	0	0	0	0	0	0	0	0	0	0	0	0	0	0	0	0	0	0	0	0	0	0	0	0	0	0	0	0	0	0	0	0	0	0	0	0	0	0	0	0	0
0	14	375	0	0	2	0	0	26	0	0	0	0	238	0	0	4	370	0	0	28	189	18	0	0	0	400	0	0	48	0	3	0	96	41	177	0	0	0	0	0	15	2	2	0	156	9	10	0	0	0	0	119	237	0	74	1	11	23	163	0	0	0	0	0	0	0	2	0	0	2	117	25	1	2
0	1	12	172	1	5	0	131	0	0	149	44	0	1	11	22	2	39	34	1	0	45	5	0	0	0	22	389	0	0	0	0	0	13	4	20	136	0	0	0	15	0	2	0	271	39	3	1	266	0	0	0	41	20	0	17	9	21	12	1	0	7	78	0	0	0	0	0	8	9	1	4	14	10	1
0	0	1	2	0	5	0	0	0	0	79	205	0	0	49	209	0	2	4	0	0	1	0	0	0	0	1	1	0	0	0	0	0	1	0	0	11	0	0	0	2	2	0	1	146	0	0	54	1	0	0	0	1	0	0	1	0	11	220	622	0	0	156	0	0	0	0	32	0	9	1	0	1	27	0
0	0	2	7	0	1	0	0	1	0	0	4	0	0	4	0	0	2	0	0	0	1	0	0	0	0	0	1	0	0	0	0	0	1	0	1	0	0	0	0	2	0	1	0	5	0	0	1	0	0	0	0	0	0	0	0	0	0	1	0	0	4	8	0	1	0	0	0	0	3	0	1	0	1	0
0	0	0	33	0	27	0	45	0	0	168	130	0	0	131	155	3	33	58	0	0	0	0	0	0	0	4	0	0	0	0	97	0	0	0	0	36	0	0	0	0	271	146	5	0	1	0	0	39	0	0	0	56	25	0	1	0	40	64	2	0	0	320	0	0	0	0	1	0	7	0	0	39	42	1
0	228	28	0	0	0	0	0	0	0	5	0	0	0	32	0	4	116	1	84	25	55	89	0	178	5	87	0	0	5	0	298	0	18	15	20	0	0	0	0	156	39	0	0	1	0	0	2	0	0	0	1	27	97	0	214	18	150	13	0	0	17	4	0	0	0	0	42	15	0	31	37	12	0	24
0	1	190	2	0	2	0	0	0	0	2	0	0	107	1	1	0	13	0	0	0	0	8	0	18	0	53	0	0	0	0	15	0	5	0	8	0	0	0	0	9	3	0	0	0	0	0	0	0	0	0	0	14	32	0	9	1	5	106	372	0	0	6	0	0	0	0	0	0	0	3	0	0	21	0
0	0	1	8	0	0	0	0	0	0	0	1	0	0	37	3	0	15	0	0	1	18	0	0	0	0	2	6	0	0	0	1	0	1	0	2	0	0	0	0	10	1	54	1	0	2	0	0	0	0	0	0	0	0	0	2	2	9	21	514	0	0	12	0	0	0	0	0	0	0	23	0	0	1	0
0	0	0	30	0	0	0	0	0	0	222	5	0	0	4	89	0	0	30	0	0	0	0	0	0	0	0	16	0	0	0	6	0	0	0	0	0	0	0	0	0	266	1	0	39	0	0	0	0	0	0	0	3	48	0	0	0	62	15	2	0	0	29	0	0	0	0	0	0	0	18	0	0	2	0
0	0	0	0	0	0	0	0	0	0	0	0	0	0	0	0	0	0	0	0	0	0	0	0	0	0	0	0	0	0	0	0	0	0	0	0	0	0	0	0	0	0	0	0	0	0	0	0	0	0	0	0	0	0	0	0	0	0	0	0	0	0	0	0	0	0	0	0	0	0	0	0	0	0	0
0	0	0	0	0	0	0	0	0	2	0	0	0	0	0	0	0	0	151	0	0	0	0	0	0	0	0	0	0	0	0	0	0	0	0	0	0	0	0	0	0	0	0	0	0	0	0	0	0	0	0	0	0	0	0	0	0	0	0	0	0	0	0	0	0	0	0	0	0	0	0	0	0	0	0
0	1	0	0	0	0	0	0	0	0	0	0	0	0	0	0	0	0	0	0	0	0	0	0	0	0	0	0	0	0	0	26	0	0	0	0	0	0	0	0	0	0	0	0	0	1	0	0	0	0	0	0	0	0	0	0	0	0	0	0	0	0	0	0	0	0	0	0	0	0	0	0	0	0	0
0	239	6	0	0	0	0	61	0	0	0	1	0	0	0	0	0	166	19	0	0	143	149	92	503	123	135	0	0	0	0	1	0	105	6	70	6	0	0	0	119	41	1	0	56	27	14	0	3	0	0	0	0	208	0	233	54	33	3	0	0	1	10	0	0	0	0	2	226	0	0	3	18	1	8
0	14	71	7	0	0	0	4	1	0	181	0	0	0	0	58	11	256	32	134	108	159	171	14	239	106	237	0	0	0	0	328	0	142	138	100	2	0	0	0	237	20	0	0	25	97	32	0	48	0	0	0	208	0	0	132	25	98	352	2	0	1	5	0	0	0	0	126	26	1	94	64	16	1	135
0	0	0	0	0	0	0	0	0	0	0	0	0	0	0	0	0	0	0	0	0	0	0	0	0	0	0	0	0	0	0	0	0	0	0	0	0	0	0	0	0	0	0	0	0	0	0	0	0	0	0	0	0	0	0	0	0	0	0	0	0	0	0	0	0	0	0	0	0	0	0	0	0	0	0
0	286	39	0	0	0	0	0	0	0	1	0	0	3	0	0	1	197	0	0	3	54	40	51	252	123	199	2	0	2	0	41	0	18	14	24	0	0	0	0	74	17	1	0	1	214	9	2	0	0	0	0	233	132	0	0	79	16	38	14	0	1	4	0	0	0	0	30	112	0	0	0	3	4	0
0	1	2	1	0	1	0	0	1	0	0	0	0	1	15	0	0	1	0	208	198	26	2	262	455	231	9	0	0	0	0	1	0	5	0	0	1	0	0	0	1	9	0	0	0	18	1	2	0	0	0	0	54	25	0	79	0	196	3	91	0	0	0	0	0	0	0	0	13	0	92	1	1	0	0
0	1	87	79	0	7	0	2	2	0	261	34	0	13	32	116	3	21	8	6	20	19	1	0	26	12	22	2	0	2	0	75	0	7	2	16	6	0	0	0	11	21	11	0	40	150	5	9	62	0	0	0	33	98	0	16	196	0	119	389	0	1	107	0	0	0	0	5	0	8	106	6	10	18	9
0	13	79	0	0	34	0	0	18	0	4	7	0	9	9	79	9	41	8	135	2	12	144	0	4	0	28	0	0	0	0	30	0	56	202	230	2	0	0	0	23	12	220	1	64	13	106	21	15	0	0	0	3	352	0	38	3	119	0	959	0	1	94	0	1	0	0	314	25	41	12	54	27	4	68
0	0	62	23	0	4	0	0	14	0	0	35	0	83	29	21	2	9	0	416	22	0	87	0	0	1	18	2	0	1	0	0	0	22	62	175	2	0	0	0	163	1	622	0	2	0	372	514	2	0	0	0	0	2	0	14	91	389	959	0	0	12	49	0	6	0	0	856	0	38	678	50	182	0	0
0	0	0	0	0	0	0	0	0	0	0	0	0	0	0	0	0	0	0	0	0	0	0	0	0	0	0	0	0	0	0	0	0	0	0	0	0	0	0	0	0	0	0	0	0	0	0	0	0	0	0	0	0	0	0	0	0	0	0	0	0	0	0	0	0	0	0	0	0	0	0	0	0	0	0
0	0	1	31	0	0	0	0	0	0	0	91	0	0	159	0	0	36	0	0	0	0	8	0	0	0	2	0	0	0	0	1	0	0	0	0	0	0	0	0	0	7	0	4	0	17	0	0	0	0	0	0	1	1	0	1	0	1	1	12	0	0	174	0	0	0	0	0	0	0	0	0	0	172	0
0	0	7	99	0	500	0	4	1	0	40	957	0	2	1050	2	108	114	74	0	1	1	1	0	0	1	1	7	0	0	0	3	0	15	2	1	22	0	0	0	0	78	156	8	320	4	6	12	29	0	0	0	10	5	0	4	0	107	94	49	0	174	0	0	0	0	0	1	0	164	18	2	227	411	36
0	0	0	0	0	0	0	0	0	0	0	0	0	0	0	0	0	0	0	0	0	0	0	0	0	0	0	0	0	0	0	0	0	0	0	0	0	0	0	0	0	0	0	0	0	0	0	0	0	0	0	0	0	0	0	0	0	0	0	0	0	0	0	0	0	0	0	0	0	0	0	0	0	0	0
0	1	94	0	0	1	0	0	0	0	0	61	0	1	8	0	0	0	0	0	0	0	0	0	0	0	0	0	0	0	0	0	0	0	0	0	0	0	0	0	0	0	0	1	0	0	0	0	0	0	0	0	0	0	0	0	0	0	1	6	0	0	0	0	0	0	0	0	0	0	0	0	0	101	0
0	0	0	0	0	0	0	0	0	0	0	0	0	0	0	0	0	0	0	0	0	0	0	0	0	0	0	0	0	0	0	0	0	0	0	0	0	0	0	0	0	0	0	0	0	0	0	0	0	0	0	0	0	0	0	0	0	0	0	0	0	0	0	0	0	0	0	0	0	0	0	0	0	0	0
0	0	0	0	0	0	0	0	0	0	0	0	0	0	0	0	0	0	0	0	0	0	0	0	0	0	0	0	0	0	0	0	0	0	0	0	0	0	0	0	0	0	0	0	0	0	0	0	0	0	0	0	0	0	0	0	0	0	0	0	0	0	0	0	0	0	0	0	0	0	0	0	0	0	0
0	115	0	0	0	0	0	0	0	0	0	1	0	0	0	0	0	41	0	0	1	0	19	0	2	1	133	0	0	14	0	83	0	1	0	47	0	0	0	0	2	0	32	0	1	42	0	0	0	0	0	0	2	126	0	30	0	5	314	856	0	0	1	0	0	0	0	0	0	0	1	0	0	2	0
0	455	80	0	0	0	0	0	0	0	0	0	0	3	1	1	0	98	0	0	1	11	19	0	524	52	91	0	0	17	0	3	0	20	0	59	0	0	0	0	0	8	0	0	0	15	0	0	0	0	0	0	226	26	0	112	13	0	25	0	0	0	0	0	0	0	0	0	0	0	0	0	0	0	0
0	0	0	3	0	0	0	0	0	0	2	120	0	0	11	59	0	1	30	0	1	0	0	0	0	0	0	0	0	0	0	0	0	0	0	0	0	0	0	0	0	9	9	3	7	0	0	0	0	0	0	0	0	1	0	0	0	8	41	38	0	0	164	0	0	0	0	0	0	0	1	0	0	117	0
0	0	1	72	0	3	0	0	0	0	195	36	0	1	2	26	0	3	0	5	7	2	0	0	0	0	2	0	0	2	0	82	0	0	0	1	2	0	0	0	2	1	1	0	0	31	3	23	18	0	0	0	0	94	0	0	92	106	12	678	0	0	18	0	0	0	0	1	0	1	0	0	0	2	2
0	3	480	0	0	2	0	0	0	0	0	0	0	210	1	0	0	263	0	0	5	201	0	0	4	0	148	0	0	7	0	0	0	74	0	33	0	0	0	0	117	4	0	1	0	37	0	0	0	0	0	0	3	64	0	0	1	6	54	50	0	0	2	0	0	0	0	0	0	0	0	0	1	0	0
0	0	186	17	0	5	0	0	0	0	1	201	0	170	70	1	0	27	19	0	6	23	3	0	0	0	11	4	0	1	0	2	0	16	0	6	0	0	0	0	25	14	1	0	39	12	0	0	0	0	0	0	18	16	0	3	1	10	27	182	0	0	227	0	0	0	0	0	0	0	0	1	0	105	0
0	0	609	5	0	340	0	0	0	0	3	625	0	2	35	1	120	4	17	0	1	5	2	0	0	0	0	1	0	0	0	1	0	2	342	3	32	0	0	0	1	10	27	1	42	0	21	1	2	0	0	0	1	1	0	4	0	18	4	0	0	172	411	0	101	0	0	2	0	117	2	0	105	0	0
0	17	21	0	2	0	0	0	0	0	0	0	0	0	0	0	0	3	1	0	0	0	3	0	0	1	2	0	0	0	0	128	0	0	0	0	0	0	0	0	2	1	0	0	1	24	0	0	0	0	0	0	8	135	0	0	0	9	68	0	0	0	36	0	0	0	0	0	0	0	2	0	0	0	0
