0	0	0	0	0	0	0	0	0	0	0	0	0	0	0	0	0	0	0	0	0	0	0	0	0	0	0	0	0	0	0	0	0	0	0	0	0	0	0	0	0	0	0	0	0	0	0	0	0	0	0	0	0	0	0	0	0	0	0	0	0	0	0	0	0	0	0	0	0	0	0	0	0	0	0
0	0	6	0	0	0	101	0	0	0	0	0	0	2	0	0	2	62	0	33	3	0	323	2	133	101	11	0	0	0	0	6	0	46	15	138	0	0	0	0	40	0	0	0	0	29	5	0	4	0	4	1	28	3	0	256	2	0	103	0	3	0	0	0	0	0	0	81	302	0	13	0	3	0	6
0	6	0	11	0	37	0	0	103	0	3	38	0	128	16	0	96	10	2	2	43	1	2	0	0	0	0	2	0	0	0	3	0	12	30	1	6	0	0	0	183	0	4	0	4	0	57	3	0	0	0	0	0	1	0	1	5	35	79	14	192	11	9	0	141	0	0	2	2	0	1	13	16	160	0
0	0	11	0	0	0	0	0	1	0	196	16	0	0	129	78	0	0	12	0	1	0	0	0	0	0	0	184	0	0	0	57	0	0	0	0	4	0	0	0	0	0	2	0	38	0	0	0	258	0	0	0	2	0	0	0	4	133	2	48	4	0	73	0	23	0	5	0	0	1	0	0	11	54	0
0	0	0	0	0	0	0	0	0	0	0	0	0	0	0	0	0	5	0	0	0	0	0	0	0	0	0	0	0	0	0	0	0	0	0	7	0	0	0	0	0	0	0	0	0	0	0	0	0	0	0	0	0	0	0	0	0	0	0	0	0	8	0	0	0	0	1	0	3	0	0	0	0	0	0
0	0	37	0	0	0	0	0	31	0	1	274	0	33	37	0	0	7	0	0	3	0	0	0	2	0	4	6	0	0	0	11	0	0	0	0	0	0	0	0	0	2	14	0	0	0	0	0	0	0	0	0	0	0	0	0	0	1	23	0	11	0	303	0	200	0	0	0	0	14	0	0	15	206	0
0	101	0	0	0	0	0	0	0	0	0	0	0	0	0	0	0	190	0	0	4	49	17	0	2	0	174	0	0	0	0	2	0	10	0	1	0	0	0	0	0	0	0	0	0	0	0	0	0	0	0	2	106	0	0	1	0	0	27	0	2	0	0	0	0	0	0	0	0	0	0	0	0	0	0
0	0	0	0	0	0	0	0	0	0	1	0	0	0	0	88	0	1	5	0	0	0	0	0	0	0	0	0	0	0	0	0	0	0	0	0	25	0	0	0	0	113	0	0	344	0	0	0	0	0	0	0	0	0	0	0	0	2	0	0	0	0	0	0	0	0	0	0	0	2	0	0	0	0	0
0	0	103	1	0	31	0	0	0	0	1	1	0	123	10	0	0	387	0	0	7	105	0	0	0	0	13	9	0	0	0	0	0	449	1	12	0	0	0	0	610	0	0	0	0	0	6	0	0	0	0	0	1	0	0	0	21	1	62	269	440	0	0	0	6	0	0	0	0	0	33	143	113	1	0
0	0	0	0	0	0	0	0	0	0	0	0	0	0	0	0	0	0	2	0	0	0	0	0	0	0	0	0	0	0	0	0	0	0	0	0	0	0	0	0	0	0	0	0	0	0	0	0	0	0	0	0	0	0	0	0	0	0	0	0	0	0	0	0	0	0	0	0	0	0	0	0	0	0	0
0	0	3	196	0	1	0	1	1	0	0	36	0	0	4	323	36	2	54	119	235	0	0	0	0	0	0	3	0	0	0	96	0	4	0	0	192	0	0	0	2	19	248	0	346	0	1	10	622	0	0	21	1	283	0	0	0	300	4	4	0	3	15	0	0	0	239	0	5	1	241	1	12	15	0
0	0	38	16	0	274	0	0	1	0	36	0	0	0	219	2	78	0	11	0	0	0	0	0	0	0	0	0	0	0	0	2	0	4	82	0	14	0	0	0	0	0	160	0	52	0	0	0	0	0	0	0	0	0	0	0	0	2	0	0	0	134	298	0	55	0	16	0	0	69	2	0	58	160	0
0	0	0	0	0	0	0	0	0	0	0	0	0	0	0	0	0	0	0	0	0	0	0	0	0	0	0	0	0	0	0	0	0	0	0	0	0	0	0	0	0	0	0	0	0	0	0	0	0	0	0	0	0	0	0	0	0	0	0	0	0	0	0	0	0	0	0	0	0	0	0	0	0	0	0
0	2	128	0	0	33	0	0	123	0	0	0	0	0	2	0	27	43	0	0	4	3	1	0	0	0	0	0	0	0	0	1	0	17	8	2	0	0	0	0	78	0	1	0	0	0	54	2	0	0	0	0	0	0	0	0	0	2	29	7	21	0	4	0	3	0	0	1	0	0	10	0	4	7	1
0	0	16	129	0	37	0	0	10	0	4	219	0	2	0	24	4	9	4	5	2	4	0	0	0	0	0	21	0	0	0	44	0	14	2	0	10	0	0	0	14	0	99	0	2	13	1	108	1	0	0	0	0	3	0	1	15	14	3	10	0	202	571	0	64	0	12	6	0	0	12	9	66	76	0
0	0	0	78	0	0	0	88	0	0	323	2	0	0	24	0	1	1	19	64	0	0	0	0	0	0	1	3	0	0	0	0	0	0	0	0	172	0	0	0	0	112	260	0	376	0	0	2	329	0	0	0	0	2	0	0	0	93	1	0	1	0	30	0	0	0	198	0	2	6	72	0	3	2	0
0	2	96	0	0	0	0	0	0	0	36	78	0	27	4	1	0	1	12	0	1	0	0	0	0	0	0	0	0	0	0	27	0	0	0	0	0	0	0	0	0	0	0	0	0	0	0	0	10	0	0	0	0	0	0	1	0	4	10	0	0	0	70	0	83	0	0	0	0	6	0	0	9	38	0
0	62	10	0	5	7	190	1	387	0	2	0	0	43	9	1	1	0	0	4	13	112	38	3	6	3	290	0	0	0	0	14	0	331	103	24	1	0	0	0	478	0	31	0	4	49	25	2	1	0	0	6	220	56	0	52	3	11	121	11	42	13	70	0	0	0	0	172	63	2	7	30	11	13	6
0	0	2	12	0	0	0	5	0	2	54	11	0	0	4	19	12	0	0	3	0	0	0	0	0	0	0	0	0	0	0	2	0	1	12	0	10	0	0	0	0	0	15	0	62	0	0	1	20	0	352	4	0	23	0	0	0	23	16	1	0	2	18	0	0	0	14	1	0	15	2	0	23	13	2
0	33	2	0	0	0	0	0	0	0	119	0	0	0	5	64	0	4	3	0	336	0	31	0	4	0	0	0	0	0	0	63	0	0	0	9	0	0	0	0	0	0	11	0	36	0	0	0	185	0	0	27	0	6	0	0	15	283	121	192	22	0	0	0	0	0	0	0	0	0	8	0	2	0	2
0	3	43	1	0	3	4	0	7	0	235	0	0	4	2	0	1	13	0	336	0	2	10	141	186	52	4	1	0	0	0	102	0	38	21	20	0	0	0	0	50	0	7	0	0	160	34	1	201	0	0	185	9	198	0	275	359	624	77	99	114	7	31	0	0	0	4	15	2	0	347	15	3	0	41
0	0	1	0	0	0	49	0	105	0	0	0	0	3	4	0	0	112	0	0	2	0	0	0	0	0	115	0	0	0	0	0	0	142	10	5	1	0	0	0	116	0	0	0	0	0	4	0	0	0	0	0	0	15	0	0	5	0	10	0	0	0	0	0	0	0	0	0	37	0	2	1	0	0	0
0	323	2	0	0	0	17	0	0	0	0	0	0	1	0	0	0	38	0	31	10	0	0	0	337	124	24	0	0	0	0	74	0	22	2	139	0	0	0	0	7	0	0	0	0	6	13	0	2	0	0	64	9	3	0	338	8	0	272	63	48	0	0	0	0	0	0	141	132	0	15	0	4	0	6
0	2	0	0	0	0	0	0	0	0	0	0	0	0	0	0	0	3	0	0	141	0	0	0	344	8	1	0	0	0	0	0	0	0	0	0	0	0	0	0	0	0	0	0	0	0	0	0	0	0	0	0	0	0	0	117	126	14	0	14	28	0	0	0	0	0	0	0	0	0	0	0	0	0	0
0	133	0	0	0	2	2	0	0	0	0	0	0	0	0	0	0	6	0	4	186	0	337	344	0	394	0	0	0	0	0	28	0	6	14	34	0	0	0	0	2	0	0	0	0	0	0	0	0	0	0	0	0	60	0	314	307	8	37	0	0	0	0	0	0	0	0	0	308	0	0	0	0	0	0
0	101	0	0	0	0	0	0	0	0	0	0	0	0	0	0	0	3	0	0	52	0	124	8	394	0	4	3	0	0	0	15	0	0	0	2	0	0	0	0	0	0	0	0	0	0	0	0	0	0	0	7	0	0	0	69	106	4	3	0	0	0	0	0	0	0	0	0	8	0	0	0	0	0	0
0	11	0	0	0	4	174	0	13	0	0	0	0	0	0	1	0	290	0	0	4	115	24	1	0	4	0	0	0	0	0	5	0	283	21	12	0	0	0	0	341	0	0	0	0	14	5	0	6	0	0	3	106	19	0	44	11	8	31	2	1	0	0	0	0	0	0	25	39	0	7	0	4	11	2
0	0	2	184	0	6	0	0	9	0	3	0	0	0	21	3	0	0	0	0	1	0	0	0	0	3	0	0	0	0	0	2	0	5	1	5	219	0	0	0	4	47	8	0	9	0	1	4	51	0	0	0	0	0	0	0	0	1	2	0	7	3	12	0	4	0	219	0	0	0	3	0	9	8	0
0	0	0	0	0	0	0	0	0	0	0	0	0	0	0	0	0	0	0	0	0	0	0	0	0	0	0	0	0	0	0	0	0	0	0	0	0	0	0	0	0	0	0	0	0	0	0	0	0	0	0	0	0	0	0	0	0	0	0	0	0	0	0	0	0	0	0	0	0	0	0	0	0	0	0
0	0	0	0	0	0	0	0	0	0	0	0	0	0	0	0	0	0	0	0	0	0	0	0	0	0	0	0	0	0	0	0	0	0	0	0	0	0	0	0	0	0	0	0	0	0	0	0	0	0	0	0	0	0	0	0	0	0	0	0	0	0	0	0	0	0	0	0	0	0	0	0	0	0	0
0	0	0	0	0	0	0	0	0	0	0	0	0	0	0	0	0	0	0	0	0	0	0	0	0	0	0	0	0	0	0	0	0	0	0	0	0	0	0	0	0	0	0	0	0	0	0	0	0	0	0	0	0	0	0	0	0	0	0	0	0	0	0	0	0	0	0	0	0	0	0	0	0	0	0
0	6	3	57	0	11	2	0	0	0	96	2	0	1	44	0	27	14	2	63	102	0	74	0	28	15	5	2	0	0	0	0	0	3	2	1	11	0	0	0	4	0	83	0	54	160	13	84	4	0	0	277	2	181	0	111	0	259	7	52	2	0	23	0	63	0	2	51	7	11	62	0	9	9	50
0	0	0	0	0	0	0	0	0	0	0	0	0	0	0	0	0	0	0	0	0	0	0	0	0	0	0	0	0	0	0	0	0	0	0	0	0	0	0	0	0	0	0	0	0	0	0	0	0	0	0	0	0	0	0	0	0	0	0	0	0	0	0	0	0	0	0	0	0	0	0	0	0	0	0
0	46	12	0	0	0	10	0	449	0	4	4	0	17	14	0	0	331	1	0	38	142	22	0	6	0	283	5	0	0	0	3	0	0	1	135	0	0	0	0	89	0	0	0	0	3	5	0	1	0	0	2	106	10	0	0	4	4	110	23	164	1	29	0	0	0	0	1	17	0	9	8	6	1	0
0	15	30	0	0	0	0	0	1	0	0	82	0	8	2	0	0	103	12	0	21	10	2	0	14	0	21	1	0	0	0	2	0	1	0	5	0	0	0	0	0	0	0	0	0	0	0	0	0	0	0	1	15	0	0	1	1	9	86	26	129	0	4	0	72	0	0	0	0	0	0	0	5	95	0
0	138	1	0	7	0	1	0	12	0	0	0	0	2	0	0	0	24	0	9	20	5	139	0	34	2	12	5	0	0	0	1	0	135	5	0	0	0	0	0	150	0	0	0	0	16	5	0	0	0	0	2	33	0	0	5	25	7	298	329	99	0	0	0	0	0	0	115	148	0	1	41	1	0	0
0	0	6	4	0	0	0	25	0	0	192	14	0	0	10	172	0	1	10	0	0	1	0	0	0	0	0	219	0	0	0	11	0	0	0	0	0	0	0	0	0	59	26	0	16	1	0	3	221	0	0	0	0	0	0	0	0	18	0	0	0	8	1	0	1	0	39	0	0	26	1	0	13	22	0
0	0	0	0	0	0	0	0	0	0	0	0	0	0	0	0	0	0	0	0	0	0	0	0	0	0	0	0	0	0	0	0	0	0	0	0	0	0	0	0	0	0	0	0	0	0	0	0	0	0	0	0	0	0	0	0	0	0	0	0	0	0	0	0	0	0	0	0	0	0	0	0	0	0	0
0	0	0	0	0	0	0	0	0	0	0	0	0	0	0	0	0	0	0	0	0	0	0	0	0	0	0	0	0	0	0	0	0	0	0	0	0	0	0	0	0	0	0	0	0	0	0	0	0	0	0	0	0	0	0	0	0	0	0	0	0	0	0	0	0	0	0	0	0	0	0	0	0	0	0
0	0	0	0	0	0	0	0	0	0	0	0	0	0	0	0	0	0	0	0	0	0	0	0	0	0	0	0	0	0	0	0	0	0	0	0	0	0	0	0	0	0	0	0	0	0	0	0	0	0	0	0	0	0	0	0	0	0	0	0	0	0	0	0	0	0	0	0	0	0	0	0	0	0	0
0	40	183	0	0	0	0	0	610	0	2	0	0	78	14	0	0	478	0	0	50	116	7	0	2	0	341	4	0	0	0	4	0	89	0	150	0	0	0	0	0	0	0	0	0	7	0	0	0	0	0	0	67	0	0	3	6	6	112	8	352	0	0	0	1	0	0	0	0	0	0	2	13	4	0
0	0	0	0	0	2	0	113	0	0	19	0	0	0	0	112	0	0	0	0	0	0	0	0	0	0	0	47	0	0	0	0	0	0	0	0	59	0	0	0	0	0	0	0	182	0	0	0	104	0	0	0	0	0	0	0	0	0	2	0	0	7	1	0	0	0	72	0	0	0	0	0	2	5	0
0	0	4	2	0	14	0	0	0	0	248	160	0	1	99	260	0	31	15	11	7	0	0	0	0	0	0	8	0	0	0	83	0	0	0	0	26	0	0	0	0	0	0	0	358	0	0	71	261	0	0	0	0	0	0	0	0	38	344	607	14	0	270	0	1	0	0	2	0	18	19	64	4	116	0
0	0	0	0	0	0	0	0	0	0	0	0	0	0	0	0	0	0	0	0	0	0	0	0	0	0	0	0	0	0	0	0	0	0	0	0	0	0	0	0	0	0	0	0	0	0	0	0	0	0	0	0	0	0	0	0	0	0	0	0	0	0	0	0	0	0	0	0	0	0	0	0	0	0	0
0	0	4	38	0	0	0	344	0	0	346	52	0	0	2	376	0	4	62	36	0	0	0	0	0	0	0	9	0	0	0	54	0	0	0	0	16	0	0	0	0	182	358	0	0	0	0	0	523	0	0	91	0	48	0	0	0	50	182	0	0	0	25	0	0	0	1	0	0	0	0	0	12	28	0
0	29	0	0	0	0	0	0	0	0	0	0	0	0	13	0	0	49	0	0	160	0	6	0	0	0	14	0	0	0	0	160	0	3	0	16	1	0	0	0	7	0	0	0	0	0	0	0	0	0	0	98	10	0	0	126	11	44	4	2	0	0	0	0	0	0	0	15	0	0	0	0	0	2	0
0	5	57	0	0	0	0	0	6	0	1	0	0	54	1	0	0	25	0	0	34	4	13	0	0	0	5	1	0	0	0	13	0	5	0	5	0	0	0	0	0	0	0	0	0	0	0	0	0	0	0	0	0	0	0	0	2	4	84	54	117	0	1	0	0	0	0	0	0	0	0	0	2	29	0
0	0	3	0	0	0	0	0	0	0	10	0	0	2	108	2	0	2	1	0	1	0	0	0	0	0	0	4	0	0	0	84	0	0	0	0	3	0	0	0	0	0	71	0	0	0	0	0	1	0	0	0	0	0	0	0	0	0	0	340	0	0	11	0	22	0	0	0	0	0	0	0	3	16	0
0	4	0	258	0	0	0	0	0	0	622	0	0	0	1	329	10	1	20	185	201	0	2	0	0	0	6	51	0	0	0	4	0	1	0	0	221	0	0	0	0	104	261	0	523	0	0	1	0	0	0	13	2	219	0	9	0	546	2	1	0	2	10	0	0	0	264	0	1	0	370	0	1	0	0
0	0	0	0	0	0	0	0	0	0	0	0	0	0	0	0	0	0	0	0	0	0	0	0	0	0	0	0	0	0	0	0	0	0	0	0	0	0	0	0	0	0	0	0	0	0	0	0	0	0	0	0	0	0	0	0	0	0	0	0	0	0	0	0	0	0	0	0	0	0	0	0	0	0	0
0	4	0	0	0	0	0	0	0	0	0	0	0	0	0	0	0	0	352	0	0	0	0	0	0	0	0	0	0	0	0	0	0	0	0	0	0	0	0	0	0	0	0	0	0	0	0	0	0	0	0	0	0	0	0	0	0	0	0	0	0	0	0	0	0	0	0	0	0	0	0	0	0	0	0
0	1	0	0	0	0	2	0	0	0	21	0	0	0	0	0	0	6	4	27	185	0	64	0	0	7	3	0	0	0	0	277	0	2	1	2	0	0	0	0	0	0	0	0	91	98	0	0	13	0	0	0	0	76	0	131	0	167	26	0	0	0	0	0	0	0	0	54	0	0	98	0	0	0	59
0	28	0	2	0	0	106	0	1	0	1	0	0	0	0	0	0	220	0	0	9	0	9	0	0	0	106	0	0	0	0	2	0	106	15	33	0	0	0	0	67	0	0	0	0	10	0	0	2	0	0	0	0	12	0	31	1	5	64	2	0	1	0	0	0	0	0	110	6	0	1	0	1	0	0
0	3	1	0	0	0	0	0	0	0	283	0	0	0	3	2	0	56	23	6	198	15	3	0	60	0	19	0	0	0	0	181	0	10	0	0	0	0	0	0	0	0	0	0	48	0	0	0	219	0	0	76	12	0	0	2	1	166	28	0	0	0	2	0	0	0	0	0	0	0	4	1	1	2	0
0	0	0	0	0	0	0	0	0	0	0	0	0	0	0	0	0	0	0	0	0	0	0	0	0	0	0	0	0	0	0	0	0	0	0	0	0	0	0	0	0	0	0	0	0	0	0	0	0	0	0	0	0	0	0	0	0	0	0	0	0	0	0	0	0	0	0	0	0	0	0	0	0	0	0
0	256	1	0	0	0	1	0	0	0	0	0	0	0	1	0	1	52	0	0	275	0	338	117	314	69	44	0	0	0	0	111	0	0	1	5	0	0	0	0	3	0	0	0	0	126	0	0	9	0	0	131	31	2	0	0	238	0	27	0	5	0	13	0	1	0	0	6	221	0	0	0	1	18	0
0	2	5	4	0	0	0	0	21	0	0	0	0	0	15	0	0	3	0	15	359	5	8	126	307	106	11	0	0	0	0	0	0	4	1	25	0	0	0	0	6	0	0	0	0	11	2	0	0	0	0	0	1	1	0	238	0	196	4	20	8	1	0	0	1	0	0	0	6	0	81	2	2	1	0
0	0	35	133	0	1	0	2	1	0	300	2	0	2	14	93	4	11	23	283	624	0	0	14	8	4	8	1	0	0	0	259	0	4	9	7	18	0	0	0	6	0	38	0	50	44	4	0	546	0	0	167	5	166	0	0	196	0	95	385	69	0	51	0	4	0	79	8	1	6	226	8	16	60	71
0	103	79	2	0	23	27	0	62	0	4	0	0	29	3	1	10	121	16	121	77	10	272	0	37	3	31	2	0	0	0	7	0	110	86	298	0	0	0	0	112	2	344	0	182	4	84	0	2	0	0	26	64	28	0	27	4	95	0	799	343	5	17	0	1	0	1	322	147	0	58	147	19	34	90
0	0	14	48	0	0	0	0	269	0	4	0	0	7	10	0	0	11	1	192	99	0	63	14	0	0	2	0	0	0	0	52	0	23	26	329	0	0	0	0	8	0	607	0	0	2	54	340	1	0	0	0	2	0	0	0	20	385	799	0	755	4	52	0	12	0	0	588	0	52	510	297	162	4	0
0	3	192	4	0	11	2	0	440	0	0	0	0	21	0	1	0	42	0	22	114	0	48	28	0	0	1	7	0	0	0	2	0	164	129	99	0	0	0	0	352	0	14	0	0	0	117	0	0	0	0	0	0	0	0	5	8	69	343	755	0	0	0	0	126	0	0	122	47	0	123	84	72	0	0
0	0	11	0	8	0	0	0	0	0	3	134	0	0	202	0	0	13	2	0	7	0	0	0	0	0	0	3	0	0	0	0	0	1	0	0	8	0	0	0	0	7	0	0	0	0	0	0	2	0	0	0	1	0	0	0	1	0	5	4	0	0	229	0	0	0	0	0	0	0	0	0	11	81	0
0	0	9	73	0	303	0	0	0	0	15	298	0	4	571	30	70	70	18	0	31	0	0	0	0	0	0	12	0	0	0	23	0	29	4	0	1	0	0	0	0	1	270	0	25	0	1	11	10	0	0	0	0	2	0	13	0	51	17	52	0	229	0	0	7	0	12	0	7	24	6	0	122	242	4
0	0	0	0	0	0	0	0	0	0	0	0	0	0	0	0	0	0	0	0	0	0	0	0	0	0	0	0	0	0	0	0	0	0	0	0	0	0	0	0	0	0	0	0	0	0	0	0	0	0	0	0	0	0	0	0	0	0	0	0	0	0	0	0	0	0	0	0	0	0	0	0	0	0	0
0	0	141	23	0	200	0	0	6	0	0	55	0	3	64	0	83	0	0	0	0	0	0	0	0	0	0	4	0	0	0	63	0	0	72	0	1	0	0	0	1	0	1	0	0	0	0	22	0	0	0	0	0	0	0	1	1	4	1	12	126	0	7	0	0	0	0	0	0	38	0	0	23	193	0
0	0	0	0	0	0	0	0	0	0	0	0	0	0	0	0	0	0	0	0	0	0	0	0	0	0	0	0	0	0	0	0	0	0	0	0	0	0	0	0	0	0	0	0	0	0	0	0	0	0	0	0	0	0	0	0	0	0	0	0	0	0	0	0	0	0	0	0	0	0	0	0	0	0	0
0	0	0	5	1	0	0	0	0	0	239	16	0	0	12	198	0	0	14	0	4	0	0	0	0	0	0	219	0	0	0	2	0	0	0	0	39	0	0	0	0	72	0	0	1	0	0	0	264	0	0	0	0	0	0	0	0	79	1	0	0	0	12	0	0	0	0	0	0	7	0	0	0	0	0
0	81	2	0	0	0	0	0	0	0	0	0	0	1	6	0	0	172	1	0	15	0	141	0	0	0	25	0	0	0	0	51	0	1	0	115	0	0	0	0	0	0	2	0	0	15	0	0	0	0	0	54	110	0	0	6	0	8	322	588	122	0	0	0	0	0	0	0	0	0	0	1	2	1	0
0	302	2	0	3	0	0	0	0	0	5	0	0	0	0	2	0	63	0	0	2	37	132	0	308	8	39	0	0	0	0	7	0	17	0	148	0	0	0	0	0	0	0	0	0	0	0	0	1	0	0	0	6	0	0	221	6	1	147	0	47	0	7	0	0	0	0	0	0	0	0	0	0	1	0
0	0	0	1	0	14	0	2	0	0	1	69	0	0	0	6	6	2	15	0	0	0	0	0	0	0	0	0	0	0	0	11	0	0	0	0	26	0	0	0	0	0	18	0	0	0	0	0	0	0	0	0	0	0	0	0	0	6	0	52	0	0	24	0	38	0	7	0	0	0	3	0	0	5	0
0	13	1	0	0	0	0	0	33	0	241	2	0	10	12	72	0	7	2	8	347	2	15	0	0	0	7	3	0	0	0	62	0	9	0	1	1	0	0	0	0	0	19	0	0	0	0	0	370	0	0	98	1	4	0	0	81	226	58	510	123	0	6	0	0	0	0	0	0	3	0	0	1	2	0
0	0	13	0	0	0	0	0	143	0	1	0	0	0	9	0	0	30	0	0	15	1	0	0	0	0	0	0	0	0	0	0	0	8	0	41	0	0	0	0	2	0	64	0	0	0	0	0	0	0	0	0	0	1	0	0	2	8	147	297	84	0	0	0	0	0	0	1	0	0	0	0	9	0	0
0	3	16	11	0	15	0	0	113	0	12	58	0	4	66	3	9	11	23	2	3	0	4	0	0	0	4	9	0	0	0	9	0	6	5	1	13	0	0	0	13	2	4	0	12	0	2	3	1	0	0	0	1	1	0	1	2	16	19	162	72	11	122	0	23	0	0	2	0	0	1	9	0	65	0
0	0	160	54	0	206	0	0	1	0	15	160	0	7	76	2	38	13	13	0	0	0	0	0	0	0	11	8	0	0	0	9	0	1	95	0	22	0	0	0	4	5	116	0	28	2	29	16	0	0	0	0	0	2	0	18	1	60	34	4	0	81	242	0	193	0	0	1	1	5	2	0	65	0	5
0	6	0	0	0	0	0	0	0	0	0	0	0	1	0	0	0	6	2	2	41	0	6	0	0	0	2	0	0	0	0	50	0	0	0	0	0	0	0	0	0	0	0	0	0	0	0	0	0	0	0	59	0	0	0	0	0	71	90	0	0	0	4	0	0	0	0	0	0	0	0	0	0	5	0
