0	0	0	0	0	0	0	0	0	0	0	0	0	0	0	0	0	0	0	0	0	0	0	0	0	0	0	0	0	0	0	0	0	0	0	0	0	0	0	0	0	0	0	0	0	0	0	0	0	0	0	0	0	0	0	0	0	0	0	0	0	0	0	0	0	0	0	0	0	0	0	0	0	0	0
0	0	0	0	0	0	0	2	0	0	0	0	0	2	0	0	0	36	0	4	4	4	293	0	146	83	3	0	0	0	0	2	0	4	1	67	0	0	0	1	0	0	0	0	0	9	0	0	0	0	0	2	26	7	0	182	0	1	19	1	0	0	0	0	0	0	0	56	346	0	5	10	0	1	1
0	0	0	0	0	4	0	7	52	9	2	1	0	159	14	3	2	0	19	1	0	1	0	0	0	0	1	0	0	0	0	6	0	7	67	1	19	0	0	2	85	0	1	0	5	6	85	4	4	0	0	0	0	0	0	7	1	29	0	1	7	0	5	0	1	0	0	0	1	7	4	9	1	132	0
0	0	0	0	0	0	0	0	10	13	236	10	0	17	113	128	0	0	13	0	3	0	0	0	0	0	0	41	0	0	0	32	0	0	0	1	0	0	0	0	0	42	2	0	2	12	0	0	256	0	0	0	9	0	0	0	0	229	0	96	26	0	33	0	2	0	0	0	0	2	1	0	0	32	0
0	0	0	0	0	0	0	0	0	0	3	0	0	0	0	1	0	0	1	0	0	0	0	0	0	0	0	0	0	0	0	0	0	0	0	0	0	0	0	0	0	0	0	0	0	0	0	0	0	0	0	0	0	0	0	0	0	0	0	0	0	0	0	0	0	0	0	0	0	0	0	0	0	1	0
0	0	4	0	0	0	0	0	2	9	17	148	0	58	30	7	0	1	13	0	1	0	0	0	0	0	1	0	0	0	0	49	0	0	0	0	0	0	0	0	0	12	0	0	0	12	0	0	8	0	0	0	0	0	0	0	0	3	0	6	2	0	214	0	0	0	0	0	0	7	1	0	2	296	0
0	0	0	0	0	0	0	0	0	0	0	0	0	0	0	0	0	0	0	0	0	0	0	0	0	0	0	0	0	0	0	1	0	0	0	0	0	0	0	0	0	0	0	0	0	0	0	0	0	0	0	0	0	0	0	0	0	0	0	0	0	0	0	0	0	0	0	0	0	0	0	0	0	0	0
0	2	7	0	0	0	0	0	0	11	0	0	0	0	0	8	0	16	10	0	0	0	9	0	0	0	15	0	0	0	0	6	0	2	0	0	0	0	0	0	2	71	0	0	0	31	0	0	1	0	0	0	61	0	0	13	0	6	0	0	0	0	0	0	0	0	0	0	0	4	0	0	5	3	0
0	0	52	10	0	2	0	0	0	33	0	0	0	832	0	0	0	336	0	335	237	389	6	0	0	0	52	0	0	0	0	0	0	419	4	42	0	0	0	80	181	0	23	0	0	0	1	0	0	0	0	0	1	1	0	0	150	30	33	101	834	0	1	0	1	0	0	0	1	0	53	395	11	0	0
0	0	9	13	0	9	0	11	33	0	1	0	0	10	6	0	4	3	13	5	58	4	0	0	0	0	1	0	0	0	0	11	0	68	19	44	3	0	0	0	0	24	21	0	16	109	0	11	1	0	2	0	0	1	0	2	13	25	0	39	42	0	8	0	14	0	0	5	6	0	39	35	32	17	14
0	0	2	236	3	17	0	0	0	1	0	0	0	2	4	453	30	0	55	100	40	1	0	0	0	0	17	117	0	0	0	120	0	3	0	0	278	0	0	0	0	136	151	0	293	4	0	8	856	0	1	69	0	315	0	13	2	556	0	5	1	0	45	0	1	0	24	0	24	22	189	3	5	41	0
0	0	1	10	0	148	0	0	0	0	0	0	0	1	261	1	126	0	40	0	3	0	0	0	0	0	0	0	0	0	0	0	0	2	0	0	10	0	0	0	0	35	197	0	6	0	6	4	0	0	0	0	0	0	0	0	0	1	2	4	0	0	407	0	0	0	0	0	0	0	3	0	27	186	0
0	0	0	0	0	0	0	0	0	0	0	0	0	0	0	0	0	0	0	0	0	0	0	0	0	0	0	0	0	0	0	0	0	0	0	0	0	0	0	0	0	0	0	0	0	0	0	0	0	0	0	0	0	0	0	0	0	0	0	0	0	0	0	0	0	0	0	0	0	0	0	0	0	0	0
0	2	159	17	0	58	0	0	832	10	2	1	0	0	2	7	52	200	1	207	38	211	0	0	0	0	8	0	0	0	0	2	0	240	307	49	1	0	0	69	133	0	5	0	0	1	189	1	0	0	0	0	21	2	0	14	29	64	68	59	431	0	7	0	8	0	1	1	16	0	41	393	7	13	3
0	0	14	113	0	30	0	0	0	6	4	261	0	2	0	88	6	1	71	0	7	2	0	0	0	0	1	8	0	0	0	101	0	11	0	1	4	0	0	0	0	2	56	0	4	19	0	62	0	0	2	0	0	0	0	0	0	2	8	21	7	0	339	0	42	0	0	0	0	7	11	8	69	8	0
0	0	3	128	1	7	0	8	0	0	453	1	0	7	88	0	9	0	43	50	3	0	0	0	0	0	35	64	0	0	0	1	0	1	0	0	289	0	0	0	0	183	177	0	207	10	0	49	380	0	7	1	0	13	0	18	0	160	0	31	1	0	18	0	5	0	1	0	41	61	60	6	8	5	6
0	0	2	0	0	0	0	0	0	4	30	126	0	52	6	9	0	2	2	2	1	2	0	0	0	0	11	0	0	0	0	12	0	1	0	1	0	0	0	0	0	0	0	0	0	1	0	0	0	0	0	0	17	0	0	0	0	0	0	2	16	0	48	0	20	0	0	0	0	0	1	0	1	111	0
0	36	0	0	0	1	0	16	336	3	0	0	0	200	1	0	2	0	1	242	47	767	149	0	47	22	478	0	0	0	0	11	0	347	118	136	1	0	0	105	107	5	21	0	0	67	31	1	1	0	0	13	799	77	0	298	19	12	87	25	37	0	3	0	0	0	0	78	117	0	36	159	4	1	42
0	0	19	13	1	13	0	10	0	13	55	40	0	1	71	43	2	1	0	2	1	2	0	0	0	0	0	1	0	0	0	43	0	3	7	3	51	0	0	1	0	44	32	0	112	63	1	6	102	0	310	13	1	46	0	0	0	47	5	0	0	0	58	0	7	0	0	2	1	43	11	0	61	28	9
0	4	1	0	0	0	0	0	335	5	100	0	0	207	0	50	2	242	2	0	63	191	9	0	8	0	183	0	0	0	0	5	0	22	0	57	0	0	0	2	2	1	5	0	28	43	0	0	75	0	0	0	337	40	0	16	7	69	86	48	324	0	1	0	0	0	0	0	26	0	6	8	0	1	22
0	4	0	3	0	1	0	0	237	58	40	3	0	38	7	3	1	47	1	63	0	139	6	0	266	75	74	0	0	0	0	124	0	137	10	49	0	0	0	76	140	3	10	0	8	41	2	4	46	0	0	91	42	207	0	190	338	497	0	158	190	0	6	0	8	0	0	17	7	0	194	290	2	1	5
0	4	1	0	0	0	0	0	389	4	1	0	0	211	2	0	2	767	2	191	139	0	39	0	4	12	503	0	0	0	0	1	0	352	179	29	1	0	0	102	190	27	1	0	4	26	71	0	0	0	0	0	320	30	0	103	35	1	24	9	38	0	1	0	0	0	0	16	42	0	11	162	2	1	24
0	293	0	0	0	0	0	9	6	0	0	0	0	0	0	0	0	149	0	9	6	39	0	0	492	183	71	0	0	0	0	101	0	10	4	155	0	0	0	0	0	0	0	0	1	132	3	0	0	0	0	113	224	16	0	257	18	5	127	32	158	0	0	0	0	0	0	167	147	0	13	14	0	1	8
0	0	0	0	0	0	0	0	0	0	0	0	0	0	0	0	0	0	0	0	0	0	0	0	0	0	0	0	0	0	0	0	0	0	0	0	0	0	0	0	0	0	0	0	0	0	0	0	0	0	0	0	0	0	0	0	0	0	0	0	0	0	0	0	0	0	0	0	0	0	0	0	0	0	0
0	146	0	0	0	0	0	0	0	0	0	0	0	0	0	0	0	47	0	8	266	4	492	0	0	1119	1	0	0	0	0	9	0	15	0	128	0	0	0	0	0	0	0	0	0	246	0	0	0	0	0	6	10	322	0	444	526	80	0	0	0	0	0	0	0	0	0	0	691	0	46	60	0	0	18
0	83	0	0	0	0	0	0	0	0	0	0	0	0	0	0	0	22	0	0	75	12	183	0	1119	0	12	0	0	0	0	4	0	0	0	11	0	0	0	0	3	0	0	0	0	137	0	0	0	0	0	1	19	46	0	195	230	27	0	2	0	0	0	0	0	0	0	0	149	0	0	3	0	0	1
0	3	1	0	0	1	0	15	52	1	17	0	0	8	1	35	11	478	0	183	74	503	71	0	1	12	0	0	0	0	0	3	0	287	9	47	1	0	0	82	103	3	12	0	1	17	2	0	0	0	0	0	314	43	0	190	6	17	20	3	17	0	1	0	0	0	1	64	116	0	46	148	0	1	21
0	0	0	41	0	0	0	0	0	0	117	0	0	0	8	64	0	0	1	0	0	0	0	0	0	0	0	0	0	0	0	0	0	0	0	0	59	0	0	1	0	149	0	0	0	1	0	2	167	0	0	0	0	0	0	0	0	0	0	8	0	0	2	0	0	0	31	0	0	0	0	0	0	2	0
0	0	0	0	0	0	0	0	0	0	0	0	0	0	0	0	0	0	0	0	0	0	0	0	0	0	0	0	0	0	0	0	0	0	0	0	0	0	0	0	0	0	0	0	0	0	0	0	0	0	0	0	0	0	0	0	0	0	0	0	0	0	0	0	0	0	0	0	0	0	0	0	0	0	0
0	0	0	0	0	0	0	0	0	0	0	0	0	0	0	0	0	0	0	0	0	0	0	0	0	0	0	0	0	0	0	0	0	0	0	0	0	0	0	0	0	0	0	0	0	0	0	0	0	0	0	0	0	0	0	0	0	0	0	0	0	0	0	0	0	0	0	0	0	0	0	0	0	0	0
0	0	0	0	0	0	0	0	0	0	0	0	0	0	0	0	0	0	0	0	0	0	0	0	0	0	0	0	0	0	0	0	0	0	0	0	0	0	0	0	0	0	0	0	0	0	0	0	0	0	0	0	0	0	0	0	0	0	0	0	0	0	0	0	0	0	0	0	0	0	0	0	0	0	0
0	2	6	32	0	49	1	6	0	11	120	0	0	2	101	1	12	11	43	5	124	1	101	0	9	4	3	0	0	0	0	0	0	4	36	6	0	0	0	0	0	15	8	0	154	25	0	127	30	0	0	289	7	237	0	145	1	271	87	0	2	0	58	0	7	0	0	58	3	23	38	0	32	78	62
0	0	0	0	0	0	0	0	0	0	0	0	0	0	0	0	0	0	0	0	0	0	0	0	0	0	0	0	0	0	0	0	0	0	0	0	0	0	0	0	0	0	0	0	0	0	0	0	0	0	0	0	0	0	0	0	0	0	0	0	0	0	0	0	0	0	0	0	0	0	0	0	0	0	0
0	4	7	0	0	0	0	2	419	68	3	2	0	240	11	1	1	347	3	22	137	352	10	0	15	0	287	0	0	0	0	4	0	0	1	58	0	0	0	12	5	18	0	0	2	100	1	0	1	0	0	0	134	1	0	4	31	11	13	25	124	0	14	0	0	0	0	2	5	2	5	13	7	7	5
0	1	67	0	0	0	0	0	4	19	0	0	0	307	0	0	0	118	7	0	10	179	4	0	0	0	9	0	0	0	0	36	0	1	0	1	0	0	0	0	0	0	0	0	0	1	0	0	0	0	0	0	29	0	0	26	0	4	309	6	127	0	2	0	0	0	0	0	0	2	1	0	0	234	0
0	67	1	1	0	0	0	0	42	44	0	0	0	49	1	0	1	136	3	57	49	29	155	0	128	11	47	0	0	0	0	6	0	58	1	0	0	0	0	2	2	7	3	0	1	84	0	3	0	0	0	0	262	18	0	13	5	17	299	402	263	0	16	0	3	0	0	15	26	0	10	13	3	3	0
0	0	19	0	0	0	0	0	0	3	278	10	0	1	4	289	0	1	51	0	0	1	0	0	0	0	1	59	0	0	0	0	0	0	0	0	0	0	0	0	0	157	1	0	2	11	0	0	461	0	0	0	1	0	0	0	0	77	4	0	3	0	4	0	1	0	0	0	0	2	0	0	18	33	0
0	0	0	0	0	0	0	0	0	0	0	0	0	0	0	0	0	0	0	0	0	0	0	0	0	0	0	0	0	0	0	0	0	0	0	0	0	0	0	0	0	0	0	0	0	0	0	0	0	0	0	0	0	0	0	0	0	0	0	0	0	0	0	0	0	0	0	0	0	0	0	0	0	0	0
0	0	0	0	0	0	0	0	0	0	0	0	0	0	0	0	0	0	0	0	0	0	0	0	0	0	0	0	0	0	0	0	0	0	0	0	0	0	0	0	0	0	0	0	0	0	0	0	0	0	0	0	0	0	0	0	0	0	0	0	0	0	0	0	0	0	0	0	0	0	0	0	0	0	0
0	1	2	0	0	0	0	0	80	0	0	0	0	69	0	0	0	105	1	2	76	102	0	0	0	0	82	1	0	0	0	0	0	12	0	2	0	0	0	0	0	0	0	0	0	1	0	0	0	0	0	0	26	0	0	1	0	0	0	0	0	0	0	0	0	0	0	0	0	0	0	0	0	0	0
0	0	85	0	0	0	0	2	181	0	0	0	0	133	0	0	0	107	0	2	140	190	0	0	0	3	103	0	0	0	0	0	0	5	0	2	0	0	0	0	0	0	0	0	0	17	0	0	0	0	0	0	44	0	0	2	3	7	0	0	35	0	4	0	1	0	0	0	0	0	0	0	3	0	0
0	0	0	42	0	12	0	71	0	24	136	35	0	0	2	183	0	5	44	1	3	27	0	0	0	0	3	149	0	0	0	15	0	18	0	7	157	0	0	0	0	0	1	0	178	36	0	1	523	0	1	0	2	0	0	1	10	1	1	3	2	0	42	0	0	0	7	1	0	0	2	2	17	6	0
0	0	1	2	0	0	0	0	23	21	151	197	0	5	56	177	0	21	32	5	10	1	0	0	0	0	12	0	0	0	0	8	0	0	0	3	1	0	0	0	0	1	0	0	7	42	0	0	174	0	1	0	5	0	0	0	0	61	251	512	31	0	133	0	22	0	0	0	0	2	0	0	1	47	0
0	0	0	0	0	0	0	0	0	0	0	0	0	0	0	0	0	0	0	0	0	0	0	0	0	0	0	0	0	0	0	0	0	0	0	0	0	0	0	0	0	0	0	0	0	0	0	0	0	0	0	0	0	0	0	0	0	0	0	0	0	0	0	0	0	0	0	0	0	0	0	0	0	0	0
0	0	5	2	0	0	0	0	0	16	293	6	0	0	4	207	0	0	112	28	8	4	1	0	0	0	1	0	0	0	0	154	0	2	0	1	2	0	0	0	0	178	7	0	0	51	0	0	509	0	0	48	0	2	0	2	0	158	190	4	4	0	58	0	0	0	0	0	0	4	0	0	5	47	0
0	9	6	12	0	12	0	31	0	109	4	0	0	1	19	10	1	67	63	43	41	26	132	0	246	137	17	1	0	0	0	25	0	100	1	84	11	0	0	1	17	36	42	0	51	0	0	13	0	0	5	2	118	126	0	172	21	138	21	5	1	0	35	0	27	0	0	43	11	0	12	6	35	7	23
0	0	85	0	0	0	0	0	1	0	0	6	0	189	0	0	0	31	1	0	2	71	3	0	0	0	2	0	0	0	0	0	0	1	0	0	0	0	0	0	0	0	0	0	0	0	0	0	0	0	0	0	46	0	0	0	0	0	168	18	53	0	1	0	0	0	0	0	0	0	0	0	0	109	0
0	0	4	0	0	0	0	0	0	11	8	4	0	1	62	49	0	1	6	0	4	0	0	0	0	0	0	2	0	0	0	127	0	0	0	3	0	0	0	0	0	1	0	0	0	13	0	0	2	0	0	0	0	0	0	0	0	1	47	230	0	0	24	0	11	0	0	0	0	0	1	0	4	24	0
0	0	4	256	0	8	0	1	0	1	856	0	0	0	0	380	0	1	102	75	46	0	0	0	0	0	0	167	0	0	0	30	0	1	0	0	461	0	0	0	0	523	174	0	509	0	0	2	0	0	2	17	0	262	0	2	0	543	0	0	0	0	8	0	0	0	55	0	0	14	161	10	0	20	0
0	0	0	0	0	0	0	0	0	0	0	0	0	0	0	0	0	0	0	0	0	0	0	0	0	0	0	0	0	0	0	0	0	0	0	0	0	0	0	0	0	0	0	0	0	0	0	0	0	0	0	0	0	0	0	0	0	0	0	0	0	0	0	0	0	0	0	0	0	0	0	0	0	0	0
0	0	0	0	0	0	0	0	0	2	1	0	0	0	2	7	0	0	310	0	0	0	0	0	0	0	0	0	0	0	0	0	0	0	0	0	0	0	0	0	0	1	1	0	0	5	0	0	2	0	0	0	0	0	0	0	0	1	4	0	0	0	2	0	2	0	0	0	0	0	0	0	0	0	0
0	2	0	0	0	0	0	0	0	0	69	0	0	0	0	1	0	13	13	0	91	0	113	0	6	1	0	0	0	0	0	289	0	0	0	0	0	0	0	0	0	0	0	0	48	2	0	0	17	0	0	0	1	52	0	9	0	144	8	0	0	0	0	0	0	0	0	42	0	0	0	0	0	1	26
0	26	0	9	0	0	0	61	1	0	0	0	0	21	0	0	17	799	1	337	42	320	224	0	10	19	314	0	0	0	0	7	0	134	29	262	1	0	0	26	44	2	5	0	0	118	46	0	0	0	0	1	0	67	0	263	84	26	167	1	34	0	0	0	0	0	0	151	58	0	68	106	3	1	37
0	7	0	0	0	0	0	0	1	1	315	0	0	2	0	13	0	77	46	40	207	30	16	0	322	46	43	0	0	0	0	237	0	1	0	18	0	0	0	0	0	0	0	0	2	126	0	0	262	0	0	52	67	0	0	61	0	255	51	0	3	0	0	0	0	0	0	0	0	0	0	0	0	0	0
0	0	0	0	0	0	0	0	0	0	0	0	0	0	0	0	0	0	0	0	0	0	0	0	0	0	0	0	0	0	0	0	0	0	0	0	0	0	0	0	0	0	0	0	0	0	0	0	0	0	0	0	0	0	0	0	0	0	0	0	0	0	0	0	0	0	0	0	0	0	0	0	0	0	0
0	182	7	0	0	0	0	13	0	2	13	0	0	14	0	18	0	298	0	16	190	103	257	0	444	195	190	0	0	0	0	145	0	4	26	13	0	0	0	1	2	1	0	0	2	172	0	0	2	0	0	9	263	61	0	0	144	9	39	22	67	0	0	0	0	0	0	37	93	2	30	32	0	2	1
0	0	1	0	0	0	0	0	150	13	2	0	0	29	0	0	0	19	0	7	338	35	18	0	526	230	6	0	0	0	0	1	0	31	0	5	0	0	0	0	3	10	0	0	0	21	0	0	0	0	0	0	84	0	0	144	0	191	0	136	106	0	0	0	0	0	0	0	32	0	5	1	0	2	1
0	1	29	229	0	3	0	6	30	25	556	1	0	64	2	160	0	12	47	69	497	1	5	0	80	27	17	0	0	0	0	271	0	11	4	17	77	0	0	0	7	1	61	0	158	138	0	1	543	0	1	144	26	255	0	9	191	0	82	155	130	0	18	0	1	0	2	12	3	0	164	26	17	25	67
0	19	0	0	0	0	0	0	33	0	0	2	0	68	8	0	0	87	5	86	0	24	127	0	0	0	20	0	0	0	0	87	0	13	309	299	4	0	0	0	0	1	251	0	190	21	168	47	0	0	4	8	167	51	0	39	0	82	0	411	382	0	11	0	0	0	0	298	45	6	7	226	7	2	137
0	1	1	96	0	6	0	0	101	39	5	4	0	59	21	31	2	25	0	48	158	9	32	0	0	2	3	8	0	0	0	0	0	25	6	402	0	0	0	0	0	3	512	0	4	5	18	230	0	0	0	0	1	0	0	22	136	155	411	0	1137	0	5	0	0	0	0	670	4	0	386	494	6	82	0
0	0	7	26	0	2	0	0	834	42	1	0	0	431	7	1	16	37	0	324	190	38	158	0	0	0	17	0	0	0	0	2	0	124	127	263	3	0	0	0	35	2	31	0	4	1	53	0	0	0	0	0	34	3	0	67	106	130	382	1137	0	0	0	0	16	0	0	26	39	0	177	460	14	0	13
0	0	0	0	0	0	0	0	0	0	0	0	0	0	0	0	0	0	0	0	0	0	0	0	0	0	0	0	0	0	0	0	0	0	0	0	0	0	0	0	0	0	0	0	0	0	0	0	0	0	0	0	0	0	0	0	0	0	0	0	0	0	0	0	0	0	0	0	0	0	0	0	0	0	0
0	0	5	33	0	214	0	0	1	8	45	407	0	7	339	18	48	3	58	1	6	1	0	0	0	0	1	2	0	0	0	58	0	14	2	16	4	0	0	0	4	42	133	0	58	35	1	24	8	0	2	0	0	0	0	0	0	18	11	5	0	0	0	0	0	0	0	0	0	23	7	0	82	123	5
0	0	0	0	0	0	0	0	0	0	0	0	0	0	0	0	0	0	0	0	0	0	0	0	0	0	0	0	0	0	0	0	0	0	0	0	0	0	0	0	0	0	0	0	0	0	0	0	0	0	0	0	0	0	0	0	0	0	0	0	0	0	0	0	0	0	0	0	0	0	0	0	0	0	0
0	0	1	2	0	0	0	0	1	14	1	0	0	8	42	5	20	0	7	0	8	0	0	0	0	0	0	0	0	0	0	7	0	0	0	3	1	0	0	0	1	0	22	0	0	27	0	11	0	0	2	0	0	0	0	0	0	1	0	0	16	0	0	0	0	0	0	0	1	2	0	3	1	91	1
0	0	0	0	0	0	0	0	0	0	0	0	0	0	0	0	0	0	0	0	0	0	0	0	0	0	0	0	0	0	0	0	0	0	0	0	0	0	0	0	0	0	0	0	0	0	0	0	0	0	0	0	0	0	0	0	0	0	0	0	0	0	0	0	0	0	0	0	0	0	0	0	0	0	0
0	0	0	0	0	0	0	0	0	0	24	0	0	1	0	1	0	0	0	0	0	0	0	0	0	0	1	31	0	0	0	0	0	0	0	0	0	0	0	0	0	7	0	0	0	0	0	0	55	0	0	0	0	0	0	0	0	2	0	0	0	0	0	0	0	0	0	0	0	0	0	0	0	0	0
0	56	0	0	0	0	0	0	0	5	0	0	0	1	0	0	0	78	2	0	17	16	167	0	0	0	64	0	0	0	0	58	0	2	0	15	0	0	0	0	0	1	0	0	0	43	0	0	0	0	0	42	151	0	0	37	0	12	298	670	26	0	0	0	0	0	0	0	0	0	4	2	0	2	0
0	346	1	0	0	0	0	0	1	6	24	0	0	16	0	41	0	117	1	26	7	42	147	0	691	149	116	0	0	0	0	3	0	5	0	26	0	0	0	0	0	0	0	0	0	11	0	0	0	0	0	0	58	0	0	93	32	3	45	4	39	0	0	0	1	0	0	0	0	0	0	0	0	0	0
0	0	7	2	0	7	0	4	0	0	22	0	0	0	7	61	0	0	43	0	0	0	0	0	0	0	0	0	0	0	0	23	0	2	2	0	2	0	0	0	0	0	2	0	4	0	0	0	14	0	0	0	0	0	0	2	0	0	6	0	0	0	23	0	2	0	0	0	0	0	4	0	12	49	0
0	5	4	1	0	1	0	0	53	39	189	3	0	41	11	60	1	36	11	6	194	11	13	0	46	0	46	0	0	0	0	38	0	5	1	10	0	0	0	0	0	2	0	0	0	12	0	1	161	0	0	0	68	0	0	30	5	164	7	386	177	0	7	0	0	0	0	4	0	4	0	4	2	40	1
0	10	9	0	0	0	0	0	395	35	3	0	0	393	8	6	0	159	0	8	290	162	14	0	60	3	148	0	0	0	0	0	0	13	0	13	0	0	0	0	0	2	0	0	0	6	0	0	10	0	0	0	106	0	0	32	1	26	226	494	460	0	0	0	3	0	0	2	0	0	4	0	2	2	0
0	0	1	0	0	2	0	5	11	32	5	27	0	7	69	8	1	4	61	0	2	2	0	0	0	0	0	0	0	0	0	32	0	7	0	3	18	0	0	0	3	17	1	0	5	35	0	4	0	0	0	0	3	0	0	0	0	17	7	6	14	0	82	0	1	0	0	0	0	12	2	2	0	25	0
0	1	132	32	1	296	0	3	0	17	41	186	0	13	8	5	111	1	28	1	1	1	1	0	0	0	1	2	0	0	0	78	0	7	234	3	33	0	0	0	0	6	47	0	47	7	109	24	20	0	0	1	1	0	0	2	2	25	2	82	0	0	123	0	91	0	0	2	0	49	40	2	25	0	0
0	1	0	0	0	0	0	0	0	14	0	0	0	3	0	6	0	42	9	22	5	24	8	0	18	1	21	0	0	0	0	62	0	5	0	0	0	0	0	0	0	0	0	0	0	23	0	0	0	0	0	26	37	0	0	1	1	67	137	0	13	0	5	0	1	0	0	0	0	0	1	0	0	0	0
