0	0	0	0	0	0	0	0	0	0	0	0	0	0	0	0	0	0	0	0	0	0	0	0	0	0	0	0	0	0	0	0	0	0	0	0	0	0	0	0	0	0	0	0	0	0	0	0	0	0	0	0	0	0	0	0	0	0	0	0	0	0	0	0	0	0	0	0	0	0	0	0	0	0	0
0	0	0	0	0	0	0	0	0	0	0	0	0	0	0	0	0	11	0	17	0	1	129	7	230	51	4	0	0	4	0	8	0	0	1	82	16	0	0	9	11	1	2	0	0	168	2	0	0	0	0	1	221	1	0	161	2	0	12	0	0	0	0	0	1	0	0	78	285	0	0	1	0	0	6
0	0	0	1	0	348	0	0	147	0	2	271	0	194	2	1	137	188	0	1	40	57	14	0	0	0	27	0	0	1	0	2	0	208	336	8	5	0	0	5	413	11	1	38	0	10	124	1	0	0	0	0	0	10	0	31	2	127	71	48	0	1	0	0	150	0	0	0	25	35	5	483	190	708	0
0	0	1	0	0	19	0	1	0	0	196	15	0	0	84	88	9	0	84	0	51	1	0	12	0	0	0	161	0	0	31	50	0	13	0	0	75	0	0	0	0	276	14	7	120	0	0	20	10	0	0	0	0	7	0	0	1	95	0	12	0	31	183	0	0	0	0	0	0	3	89	23	29	18	0
0	0	0	0	0	0	0	0	0	0	20	0	0	0	0	2	0	0	0	0	0	0	0	0	1	0	0	0	0	0	0	0	0	0	4	0	0	0	0	0	0	0	0	0	0	0	0	0	0	0	0	0	0	0	0	0	0	0	0	0	0	0	0	0	0	0	0	0	0	0	0	0	0	0	2
0	0	348	19	0	0	0	0	0	0	6	258	0	74	40	0	29	0	0	0	0	1	0	1	0	0	0	0	0	0	12	0	0	0	0	1	14	0	0	0	43	5	10	1	27	0	0	0	0	0	0	0	0	0	0	0	1	3	13	5	0	2	458	0	9	0	0	0	0	3	7	0	13	214	0
0	0	0	0	0	0	0	0	0	0	0	0	0	0	0	0	0	0	0	0	0	0	0	0	0	0	0	0	0	0	0	0	0	0	0	0	0	0	0	0	0	0	0	0	0	0	0	0	0	0	0	0	0	0	0	0	0	0	0	0	0	0	0	0	0	0	0	0	0	0	0	0	0	0	0
0	0	0	1	0	0	0	0	0	0	0	0	0	0	0	1	0	1	0	0	0	0	0	0	0	0	3	0	0	0	0	0	0	0	0	0	117	0	0	0	0	136	0	0	50	0	0	0	0	0	0	0	0	1	0	0	0	0	0	0	0	0	3	0	0	0	0	0	0	0	0	0	0	0	0
0	0	147	0	0	0	0	0	0	0	0	0	0	19	1	0	0	15	0	0	6	91	0	0	0	0	1	0	0	0	0	0	0	12	0	12	0	0	0	0	26	0	0	1	0	0	0	0	0	0	0	0	0	1	0	0	1	2	18	14	0	0	1	0	0	0	0	0	0	0	0	0	0	0	0
0	0	0	0	0	0	0	0	0	0	0	0	0	0	0	0	0	0	0	0	0	0	0	0	0	0	0	0	0	0	0	0	0	0	0	0	0	0	0	0	0	0	0	0	0	0	0	0	0	0	2	0	0	0	0	0	0	0	0	0	0	0	0	0	0	0	0	0	0	0	0	0	0	0	0
0	0	2	196	20	6	0	0	0	0	0	11	0	0	13	308	1	0	26	53	72	0	0	2	1	0	1	7	0	0	12	60	0	2	0	0	91	0	0	0	1	110	35	1	72	5	0	4	145	0	0	0	0	201	0	2	0	122	45	0	0	4	56	0	1	0	0	0	0	1	52	15	6	6	0
0	0	271	15	0	258	0	0	0	0	11	0	0	0	410	2	59	8	15	0	3	0	0	0	0	0	0	0	0	0	0	0	0	2	37	0	9	0	0	0	0	33	166	4	124	0	0	0	0	0	0	0	0	0	0	0	0	11	2	35	0	90	776	0	61	0	0	1	1	69	36	0	181	468	0
0	0	0	0	0	0	0	0	0	0	0	0	0	0	0	0	0	0	0	0	0	0	0	0	0	0	0	0	0	0	0	0	0	0	0	0	0	0	0	0	0	0	0	0	0	0	0	0	0	0	0	0	0	0	0	0	0	0	0	0	0	0	0	0	0	0	0	0	0	0	0	0	0	0	0
0	0	194	0	0	74	0	0	19	0	0	0	0	0	0	0	4	103	0	1	5	10	3	0	0	0	2	0	0	0	0	2	0	96	124	2	0	0	0	0	48	0	0	0	0	0	7	0	0	0	0	0	0	0	0	1	1	5	6	7	0	0	0	0	1	0	0	0	0	0	1	131	100	0	0
0	0	2	84	0	40	0	0	1	0	13	410	0	0	0	0	0	3	4	0	0	1	1	0	0	0	0	3	0	0	0	1	0	0	0	1	12	0	0	17	1	13	65	4	101	33	1	32	2	0	0	0	0	0	0	0	29	1	3	34	0	159	808	0	11	0	0	0	1	2	2	4	44	39	0
0	0	1	88	2	0	0	1	0	0	308	2	0	0	0	0	18	0	0	68	0	1	0	0	2	0	0	2	0	0	0	1	0	0	0	0	65	0	0	0	0	22	210	0	155	0	1	3	89	0	0	0	0	58	0	0	0	116	79	21	0	0	4	0	0	0	0	0	2	59	26	0	2	1	0
0	0	137	9	0	29	0	0	0	0	1	59	0	4	0	18	0	0	0	0	0	0	0	0	0	0	3	0	0	0	0	30	0	0	0	0	0	0	0	0	4	1	0	0	3	2	0	0	0	0	0	0	0	0	0	0	0	0	5	0	0	0	87	0	0	0	0	0	0	0	0	0	0	79	0
0	11	188	0	0	0	0	1	15	0	0	8	0	103	3	0	0	0	1	2	25	435	165	2	5	1	367	1	0	89	0	21	0	292	67	115	0	0	0	93	351	38	2	8	33	200	31	15	0	0	0	0	43	37	0	233	1	19	58	12	0	36	114	0	0	0	0	113	169	13	3	278	32	4	3
0	0	0	84	0	0	0	0	0	0	26	15	0	0	4	0	0	1	0	0	17	2	0	18	0	0	1	1	0	0	50	68	0	13	1	0	2	0	0	0	0	42	0	0	30	0	0	15	22	0	198	0	0	15	0	0	0	4	5	0	0	5	85	0	0	0	0	0	0	9	12	55	14	37	0
0	17	1	0	0	0	0	0	0	0	53	0	0	1	0	68	0	2	0	0	0	0	12	0	98	5	3	0	0	153	0	59	0	1	0	54	0	0	0	0	0	1	0	22	0	86	0	0	0	0	0	0	0	228	0	1	211	20	143	420	0	0	0	0	0	0	0	0	0	0	5	0	0	0	0
0	0	40	51	0	0	0	0	6	0	72	3	0	5	0	0	0	25	17	0	0	23	16	0	174	70	42	0	0	75	0	18	0	47	12	28	0	0	0	22	86	5	2	0	0	73	0	1	3	0	0	0	22	107	0	3	193	27	2	52	0	0	2	0	0	0	0	4	17	10	8	17	9	4	0
0	1	57	1	0	1	0	0	91	0	0	0	0	10	1	1	0	435	2	0	23	0	3	0	8	0	397	0	0	4	0	2	0	154	112	66	0	0	0	38	163	28	1	1	0	120	0	18	0	0	0	0	7	3	0	37	27	5	7	0	0	0	0	0	0	0	0	0	36	0	2	165	24	1	0
0	129	14	0	0	0	0	0	0	0	0	0	0	3	1	0	0	165	0	12	16	3	0	1	310	12	65	0	0	130	0	76	0	4	6	39	0	0	0	9	18	2	0	0	0	151	0	0	0	0	0	0	48	22	0	107	2	1	66	53	0	0	1	0	0	0	0	16	29	2	0	0	0	2	3
0	7	0	12	0	1	0	0	0	0	2	0	0	0	0	0	0	2	18	0	0	0	1	0	746	78	0	0	0	0	10	15	0	0	0	0	0	0	0	0	0	0	0	0	0	0	0	0	0	0	0	0	80	14	0	123	262	0	0	0	0	0	10	0	0	0	0	0	0	0	0	0	0	0	0
0	230	0	0	1	0	0	0	0	0	1	0	0	0	0	2	0	5	0	98	174	8	310	746	0	554	7	0	0	33	0	111	0	11	14	66	0	0	0	2	2	0	0	0	0	178	20	0	0	0	0	0	519	304	0	336	716	30	4	0	0	0	0	0	0	0	0	4	612	0	0	6	0	0	0
0	51	0	0	0	0	0	0	0	0	0	0	0	0	0	0	0	1	0	5	70	0	12	78	554	0	5	1	0	7	0	6	0	2	1	2	0	0	0	0	1	0	0	0	0	5	0	0	0	0	0	0	123	109	0	182	241	12	0	1	0	0	1	0	0	0	0	1	53	0	0	0	0	0	1
0	4	27	0	0	0	0	3	1	0	1	0	0	2	0	0	3	367	1	3	42	397	65	0	7	5	0	0	0	12	0	1	0	259	57	37	0	0	0	107	313	10	2	3	5	136	7	1	0	0	0	0	31	6	0	125	9	10	16	11	0	1	21	0	0	0	0	52	166	0	3	167	4	0	1
0	0	0	161	0	0	0	0	0	0	7	0	0	0	3	2	0	1	1	0	0	0	0	0	0	1	0	0	0	0	0	0	0	0	0	0	92	0	0	0	0	288	1	1	0	0	0	6	10	0	0	0	0	0	0	0	0	0	0	2	0	0	4	0	0	0	0	0	1	0	0	1	0	0	0
0	0	0	0	0	0	0	0	0	0	0	0	0	0	0	0	0	0	0	0	0	0	0	0	0	0	0	0	0	0	0	0	0	0	0	0	0	0	0	0	0	0	0	0	0	0	0	0	0	0	0	0	0	0	0	0	0	0	0	0	0	0	0	0	0	0	0	0	0	0	0	0	0	0	0
0	4	1	0	0	0	0	0	0	0	0	0	0	0	0	0	0	89	0	153	75	4	130	0	33	7	12	0	0	0	0	5	0	88	29	242	0	0	0	24	299	0	0	34	0	29	17	0	0	0	0	0	26	0	0	20	5	10	22	104	0	0	0	0	0	0	0	194	151	10	4	34	6	0	1
0	0	0	31	0	12	0	0	0	0	12	0	0	0	0	0	0	0	50	0	0	0	0	10	0	0	0	0	0	0	0	51	0	0	0	0	1	0	0	0	0	4	2	0	0	0	0	21	3	0	0	0	0	0	0	0	0	2	3	0	0	5	32	0	0	0	0	0	0	0	0	26	14	10	0
0	8	2	50	0	0	0	0	0	0	60	0	0	2	1	1	30	21	68	59	18	2	76	15	111	6	1	0	0	5	51	0	0	1	6	0	0	0	0	0	5	8	1	0	106	295	1	49	13	0	0	2	1	349	0	44	2	86	30	0	0	4	63	0	4	0	0	74	5	0	76	7	14	1	142
0	0	0	0	0	0	0	0	0	0	0	0	0	0	0	0	0	0	0	0	0	0	0	0	0	0	0	0	0	0	0	0	0	0	0	0	0	0	0	0	0	0	0	0	0	0	0	0	0	0	0	0	0	0	0	0	0	0	0	0	0	0	0	0	0	0	0	0	0	0	0	0	0	0	0
0	0	208	13	0	0	0	0	12	0	2	2	0	96	0	0	0	292	13	1	47	154	4	0	11	2	259	0	0	88	0	1	0	0	0	27	3	0	0	10	65	8	1	6	0	56	3	1	1	0	0	0	4	0	0	6	1	6	45	16	0	0	2	0	0	0	0	0	3	0	4	27	7	8	0
0	1	336	0	4	0	0	0	0	0	0	37	0	124	0	0	0	67	1	0	12	112	6	0	14	1	57	0	0	29	0	6	0	0	0	3	0	0	0	8	44	3	0	13	0	53	0	0	0	0	0	0	12	123	0	3	1	2	204	20	0	0	2	0	0	0	0	0	0	0	0	0	0	322	0
0	82	8	0	0	1	0	0	12	0	0	0	0	2	1	0	0	115	0	54	28	66	39	0	66	2	37	0	0	242	0	0	0	27	3	0	1	0	0	2	207	10	0	15	0	55	7	2	0	0	0	0	19	9	0	12	0	9	160	81	0	0	0	0	0	0	0	48	59	0	1	32	6	1	0
0	16	5	75	0	14	0	117	0	0	91	9	0	0	12	65	0	0	2	0	0	0	0	0	0	0	0	92	0	0	1	0	0	3	0	1	0	0	0	0	0	286	115	0	172	0	0	0	5	0	0	0	0	0	0	0	1	7	2	0	0	1	19	0	0	0	0	0	0	0	1	0	0	6	0
0	0	0	0	0	0	0	0	0	0	0	0	0	0	0	0	0	0	0	0	0	0	0	0	0	0	0	0	0	0	0	0	0	0	0	0	0	0	0	0	0	0	0	0	0	0	0	0	0	0	0	0	0	0	0	0	0	0	0	0	0	0	0	0	0	0	0	0	0	0	0	0	0	0	0
0	0	0	0	0	0	0	0	0	0	0	0	0	0	0	0	0	0	0	0	0	0	0	0	0	0	0	0	0	0	0	0	0	0	0	0	0	0	0	0	0	0	0	0	0	0	0	0	0	0	0	0	0	0	0	0	0	0	0	0	0	0	0	0	0	0	0	0	0	0	0	0	0	0	0
0	9	5	0	0	0	0	0	0	0	0	0	0	0	17	0	0	93	0	0	22	38	9	0	2	0	107	0	0	24	0	0	0	10	8	2	0	0	0	0	16	0	0	0	0	98	1	0	0	0	0	0	33	0	0	1	0	2	1	0	0	0	0	0	0	0	0	0	12	0	0	7	0	4	0
0	11	413	0	0	43	0	0	26	0	1	0	0	48	1	0	4	351	0	0	86	163	18	0	2	1	313	0	0	299	0	5	0	65	44	207	0	0	0	16	0	7	2	20	0	244	16	10	0	0	0	0	14	33	0	85	0	13	15	128	0	0	0	0	0	0	0	2	20	0	2	143	29	4	2
0	1	11	276	0	5	0	136	0	0	110	33	0	0	13	22	1	38	42	1	5	28	2	0	0	0	10	288	0	0	4	8	0	8	3	10	286	0	0	0	7	0	2	7	307	66	1	1	178	0	0	0	1	16	0	4	10	3	15	1	0	5	98	0	0	0	0	0	6	4	1	4	3	11	1
0	2	1	14	0	10	0	0	0	0	35	166	0	0	65	210	0	2	0	0	2	1	0	0	0	0	2	1	0	0	2	1	0	1	0	0	115	0	0	0	2	2	0	6	152	0	0	53	0	0	0	0	1	0	0	1	0	7	187	569	0	0	182	0	0	0	0	32	0	9	0	0	1	24	0
0	0	38	7	0	1	0	0	1	0	1	4	0	0	4	0	0	8	0	22	0	1	0	0	0	0	3	1	0	34	0	0	0	6	13	15	0	0	0	0	20	7	6	0	5	0	0	1	0	0	0	0	0	0	0	5	0	24	30	24	0	4	8	0	1	0	0	24	0	19	4	1	2	1	0
0	0	0	120	0	27	0	50	0	0	72	124	0	0	101	155	3	33	30	0	0	0	0	0	0	0	5	0	0	0	0	106	0	0	0	0	172	0	0	0	0	307	152	5	0	0	0	0	36	0	0	0	0	101	0	0	0	2	31	2	0	0	227	0	0	0	0	1	0	7	0	0	39	33	1
0	168	10	0	0	0	0	0	0	0	5	0	0	0	33	0	2	200	0	86	73	120	151	0	178	5	136	0	0	29	0	295	0	56	53	55	0	0	0	98	244	66	0	0	0	0	0	2	0	0	0	1	131	90	0	201	36	68	20	0	0	17	3	0	0	0	0	56	56	17	3	42	12	0	6
0	2	124	0	0	0	0	0	0	0	0	0	0	7	1	1	0	31	0	0	0	0	0	0	20	0	7	0	0	17	0	1	0	3	0	7	0	0	0	1	16	1	0	0	0	0	0	0	0	0	0	0	0	10	0	0	0	4	28	116	0	0	6	0	0	0	0	0	0	0	0	0	0	21	0
0	0	1	20	0	0	0	0	0	0	4	0	0	0	32	3	0	15	15	0	1	18	0	0	0	0	1	6	0	0	21	49	0	1	0	2	0	0	0	0	10	1	53	1	0	2	0	0	0	0	0	0	0	0	0	1	0	5	1	306	0	0	22	0	0	0	0	0	0	0	1	0	0	2	0
0	0	0	10	0	0	0	0	0	0	145	0	0	0	2	89	0	0	22	0	3	0	0	0	0	0	0	10	0	0	3	13	0	1	0	0	5	0	0	0	0	178	0	0	36	0	0	0	0	0	0	0	0	45	0	0	0	6	5	2	0	0	11	0	0	0	0	0	0	0	1	0	0	2	0
0	0	0	0	0	0	0	0	0	0	0	0	0	0	0	0	0	0	0	0	0	0	0	0	0	0	0	0	0	0	0	0	0	0	0	0	0	0	0	0	0	0	0	0	0	0	0	0	0	0	0	0	0	0	0	0	0	0	0	0	0	0	0	0	0	0	0	0	0	0	0	0	0	0	0
0	0	0	0	0	0	0	0	0	2	0	0	0	0	0	0	0	0	198	0	0	0	0	0	0	0	0	0	0	0	0	0	0	0	0	0	0	0	0	0	0	0	0	0	0	0	0	0	0	0	0	0	0	0	0	0	0	0	0	0	0	0	0	0	0	0	0	0	0	0	0	0	0	0	0
0	1	0	0	0	0	0	0	0	0	0	0	0	0	0	0	0	0	0	0	0	0	0	0	0	0	0	0	0	0	0	2	0	0	0	0	0	0	0	0	0	0	0	0	0	1	0	0	0	0	0	0	0	0	0	0	0	0	0	0	0	0	0	0	0	0	0	0	0	0	0	0	0	0	0
0	221	0	0	0	0	0	0	0	0	0	0	0	0	0	0	0	43	0	0	22	7	48	80	519	123	31	0	0	26	0	1	0	4	12	19	0	0	0	33	14	1	1	0	0	131	0	0	0	0	0	0	0	1	0	199	52	0	1	0	0	0	0	0	0	0	0	22	219	1	0	1	1	0	0
0	1	10	7	0	0	0	1	1	0	201	0	0	0	0	58	0	37	15	228	107	3	22	14	304	109	6	0	0	0	0	349	0	0	123	9	0	0	0	0	33	16	0	0	101	90	10	0	45	0	0	0	1	0	0	72	25	147	342	2	0	0	1	0	0	0	0	119	4	0	110	27	1	0	214
0	0	0	0	0	0	0	0	0	0	0	0	0	0	0	0	0	0	0	0	0	0	0	0	0	0	0	0	0	0	0	0	0	0	0	0	0	0	0	0	0	0	0	0	0	0	0	0	0	0	0	0	0	0	0	0	0	0	0	0	0	0	0	0	0	0	0	0	0	0	0	0	0	0	0
0	161	31	0	0	0	0	0	0	0	2	0	0	1	0	0	0	233	0	1	3	37	107	123	336	182	125	0	0	20	0	44	0	6	3	12	0	0	0	1	85	4	1	5	0	201	0	1	0	0	0	0	199	72	0	0	144	4	50	5	0	1	0	0	0	0	0	11	84	2	0	0	1	1	0
0	2	2	1	0	1	0	0	1	0	0	0	0	1	29	0	0	1	0	211	193	27	2	262	716	241	9	0	0	5	0	2	0	1	1	0	1	0	0	0	0	10	0	0	0	36	0	0	0	0	0	0	52	25	0	144	0	138	3	74	0	0	0	0	0	0	0	0	13	0	72	1	1	0	0
0	0	127	95	0	3	0	0	2	0	122	11	0	5	1	116	0	19	4	20	27	5	1	0	30	12	10	0	0	10	2	86	0	6	2	9	7	0	0	2	13	3	7	24	2	68	4	5	6	0	0	0	0	147	0	4	138	0	121	360	0	1	68	0	0	0	0	1	1	7	4	3	0	7	3
0	12	71	0	0	13	0	0	18	0	45	2	0	6	3	79	5	58	5	143	2	7	66	0	4	0	16	0	0	22	3	30	0	45	204	160	2	0	0	1	15	15	187	30	31	20	28	1	5	0	0	0	1	342	0	50	3	121	0	701	0	1	61	0	2	0	0	247	6	35	10	53	17	4	56
0	0	48	12	0	5	0	0	14	0	0	35	0	7	34	21	0	12	0	420	52	0	53	0	0	1	11	2	0	104	0	0	0	16	20	81	0	0	0	0	128	1	569	24	2	0	116	306	2	0	0	0	0	2	0	5	74	360	701	0	0	12	49	0	6	0	0	662	0	22	242	24	160	1	0
0	0	0	0	0	0	0	0	0	0	0	0	0	0	0	0	0	0	0	0	0	0	0	0	0	0	0	0	0	0	0	0	0	0	0	0	0	0	0	0	0	0	0	0	0	0	0	0	0	0	0	0	0	0	0	0	0	0	0	0	0	0	0	0	0	0	0	0	0	0	0	0	0	0	0
0	0	1	31	0	2	0	0	0	0	4	90	0	0	159	0	0	36	5	0	0	0	0	0	0	0	1	0	0	0	5	4	0	0	0	0	1	0	0	0	0	5	0	4	0	17	0	0	0	0	0	0	0	0	0	1	0	1	1	12	0	0	174	0	0	0	0	0	0	0	0	0	0	65	0
0	0	0	183	0	458	0	3	1	0	56	776	0	0	808	4	87	114	85	0	2	0	1	10	0	1	21	4	0	0	32	63	0	2	2	0	19	0	0	0	0	98	182	8	227	3	6	22	11	0	0	0	0	1	0	0	0	68	61	49	0	174	0	0	1	0	0	1	36	103	31	23	206	376	5
0	0	0	0	0	0	0	0	0	0	0	0	0	0	0	0	0	0	0	0	0	0	0	0	0	0	0	0	0	0	0	0	0	0	0	0	0	0	0	0	0	0	0	0	0	0	0	0	0	0	0	0	0	0	0	0	0	0	0	0	0	0	0	0	0	0	0	0	0	0	0	0	0	0	0
0	1	150	0	0	9	0	0	0	0	1	61	0	1	11	0	0	0	0	0	0	0	0	0	0	0	0	0	0	0	0	4	0	0	0	0	0	0	0	0	0	0	0	1	0	0	0	0	0	0	0	0	0	0	0	0	0	0	2	6	0	0	1	0	0	0	0	0	0	0	0	0	0	129	0
0	0	0	0	0	0	0	0	0	0	0	0	0	0	0	0	0	0	0	0	0	0	0	0	0	0	0	0	0	0	0	0	0	0	0	0	0	0	0	0	0	0	0	0	0	0	0	0	0	0	0	0	0	0	0	0	0	0	0	0	0	0	0	0	0	0	0	0	0	0	0	0	0	0	0
0	0	0	0	0	0	0	0	0	0	0	0	0	0	0	0	0	0	0	0	0	0	0	0	0	0	0	0	0	0	0	0	0	0	0	0	0	0	0	0	0	0	0	0	0	0	0	0	0	0	0	0	0	0	0	0	0	0	0	0	0	0	0	0	0	0	0	0	0	0	0	0	0	0	0
0	78	0	0	0	0	0	0	0	0	0	1	0	0	0	0	0	113	0	0	4	0	16	0	4	1	52	0	0	194	0	74	0	0	0	48	0	0	0	0	2	0	32	24	1	56	0	0	0	0	0	0	22	119	0	11	0	1	247	662	0	0	1	0	0	0	0	0	0	0	1	0	0	1	0
0	285	25	0	0	0	0	0	0	0	0	1	0	0	1	2	0	169	0	0	17	36	29	0	612	53	166	1	0	151	0	5	0	3	0	59	0	0	0	12	20	6	0	0	0	56	0	0	0	0	0	0	219	4	0	84	13	1	6	0	0	0	36	0	0	0	0	0	0	0	0	0	0	0	0
0	0	35	3	0	3	0	0	0	0	1	69	0	0	2	59	0	13	9	0	10	0	2	0	0	0	0	0	0	10	0	0	0	0	0	0	0	0	0	0	0	4	9	19	7	17	0	0	0	0	0	0	1	0	0	2	0	7	35	22	0	0	103	0	0	0	0	0	0	0	1	0	0	70	0
0	0	5	89	0	7	0	0	0	0	52	36	0	1	2	26	0	3	12	5	8	2	0	0	0	0	3	0	0	4	0	76	0	4	0	1	1	0	0	0	2	1	0	4	0	3	0	1	1	0	0	0	0	110	0	0	72	4	10	242	0	0	31	0	0	0	0	1	0	1	0	0	0	7	0
0	1	483	23	0	0	0	0	0	0	15	0	0	131	4	0	0	278	55	0	17	165	0	0	6	0	167	1	0	34	26	7	0	27	0	32	0	0	0	7	143	4	0	1	0	42	0	0	0	0	0	0	1	27	0	0	1	3	53	24	0	0	23	0	0	0	0	0	0	0	0	0	0	21	0
0	0	190	29	0	13	0	0	0	0	6	181	0	100	44	2	0	32	14	0	9	24	0	0	0	0	4	0	0	6	14	14	0	7	0	6	0	0	0	0	29	3	1	2	39	12	0	0	0	0	0	0	1	1	0	1	1	0	17	160	0	0	206	0	0	0	0	0	0	0	0	0	0	91	0
0	0	708	18	0	214	0	0	0	0	6	468	0	0	39	1	79	4	37	0	4	1	2	0	0	0	0	0	0	0	10	1	0	8	322	1	6	0	0	4	4	11	24	1	33	0	21	2	2	0	0	0	0	0	0	1	0	7	4	1	0	65	376	0	129	0	0	1	0	70	7	21	91	0	0
0	6	0	0	2	0	0	0	0	0	0	0	0	0	0	0	0	3	0	0	0	0	3	0	0	1	1	0	0	1	0	142	0	0	0	0	0	0	0	0	2	1	0	0	1	6	0	0	0	0	0	0	0	214	0	0	0	3	56	0	0	0	5	0	0	0	0	0	0	0	0	0	0	0	0
