0	0	0	0	0	0	0	0	0	0	0	0	0	0	0	0	0	0	0	0	0	0	0	0	0	0	0	0	0	0	0	0	0	0	0	0	0	0	0	0	0	0	0	0	0	0	0	0	0	0	0	0	0	0	0	0	0	0	0	0	0	0	0	0	0	0	0	0	0	0	0	0	0	0	0
0	0	3	0	0	3	0	0	0	0	3	0	0	0	0	8	0	33	0	6	0	5	241	0	5	5	1	0	0	26	0	10	0	0	3	40	0	0	0	11	20	0	0	2	0	0	7	0	0	0	0	5	14	2	0	264	34	0	27	4	0	0	0	0	0	0	0	156	0	0	0	0	0	4	7
0	3	0	12	2	758	0	0	0	3	0	70	0	0	8	2	118	37	0	84	0	4	3	1	0	1	2	6	0	22	0	1	0	68	267	35	2	0	0	18	649	2	13	424	0	0	27	15	0	0	0	0	0	0	0	30	9	60	96	83	0	0	2	0	46	0	0	2	8	35	17	25	299	427	2
0	0	12	0	0	29	0	0	0	19	307	9	0	0	76	85	0	3	26	1	3	21	0	0	0	0	6	219	0	5	151	13	0	1	0	10	60	0	0	6	6	102	35	11	118	0	0	52	75	0	0	0	2	3	0	1	2	264	45	54	0	2	70	0	34	0	0	1	0	0	121	1	27	7	1
0	0	2	0	0	0	0	0	0	0	63	0	0	0	2	0	0	0	0	0	0	0	0	0	0	0	1	25	0	0	20	14	0	0	2	0	1	0	0	0	0	0	0	0	0	0	0	0	0	0	0	21	0	0	0	1	0	1	0	0	0	0	5	0	0	0	0	0	0	0	0	1	0	0	0
0	3	758	29	0	0	0	1	0	14	8	126	0	0	10	56	44	9	1	2	1	8	0	2	0	0	1	3	0	1	0	4	0	4	96	0	5	0	0	7	109	3	118	9	2	0	5	2	2	0	0	0	0	0	0	10	0	7	42	4	0	0	345	0	110	0	0	0	0	1	1	11	94	401	0
0	0	0	0	0	0	0	0	0	0	0	0	0	0	0	0	0	0	0	0	0	0	0	0	0	0	0	0	0	0	0	0	0	0	0	0	0	0	0	0	0	0	0	0	0	0	0	0	0	0	0	0	0	0	0	0	0	0	0	0	0	0	0	0	0	0	0	0	0	0	0	0	0	0	0
0	0	0	0	0	1	0	0	0	0	0	17	0	0	1	14	0	2	0	0	0	0	0	0	0	0	6	0	0	2	322	0	0	0	0	2	71	0	0	0	0	0	0	0	10	0	0	0	0	0	0	0	0	0	0	0	0	1	2	0	0	0	2	0	0	0	0	0	0	0	0	0	0	7	0
0	0	0	0	0	0	0	0	0	0	0	0	0	0	0	0	0	0	0	0	0	0	0	0	0	0	0	0	0	0	0	0	0	0	0	0	0	0	0	0	0	0	0	0	0	0	0	0	0	0	0	0	0	0	0	0	0	0	0	0	0	0	0	0	0	0	0	0	0	0	0	0	0	0	0
0	0	3	19	0	14	0	0	0	0	0	0	0	0	3	0	0	0	13	1	0	6	0	0	0	0	0	0	0	6	1	0	0	3	0	5	17	0	0	3	7	0	0	2	2	0	0	1	0	0	2	0	3	0	0	0	0	15	21	2	0	8	39	0	7	0	0	0	0	0	7	6	8	4	0
0	3	0	307	63	8	0	0	0	0	0	0	0	0	4	38	1	13	20	98	15	9	0	1	0	0	17	0	0	0	1	140	0	2	0	0	32	0	0	0	0	57	52	6	181	0	0	1	101	0	0	4	0	58	0	0	2	197	10	3	0	0	46	0	0	0	0	0	4	0	71	17	18	3	0
0	0	70	9	0	126	0	17	0	0	0	0	0	0	0	3	14	0	1	1	0	0	0	0	0	0	0	0	0	0	0	0	0	0	4	1	1	0	0	0	1	5	49	2	21	0	0	5	3	0	0	0	0	0	0	1	0	5	7	1	0	0	149	0	19	0	0	0	0	0	17	2	20	77	0
0	0	0	0	0	0	0	0	0	0	0	0	0	0	0	0	0	0	0	0	0	0	0	0	0	0	0	0	0	0	0	0	0	0	0	0	0	0	0	0	0	0	0	0	0	0	0	0	0	0	0	0	0	0	0	0	0	0	0	0	0	0	0	0	0	0	0	0	0	0	0	0	0	0	0
0	0	0	0	0	0	0	0	0	0	0	0	0	0	0	0	0	0	0	0	0	0	0	0	0	0	0	0	0	0	0	0	0	0	0	0	0	0	0	0	0	0	0	0	0	0	0	0	0	0	0	0	0	0	0	0	0	0	0	0	0	0	0	0	0	0	0	0	0	0	0	0	0	0	0
0	0	8	76	2	10	0	1	0	3	4	0	0	0	0	10	0	2	5	2	0	25	0	0	0	0	0	3	0	8	1	2	0	2	6	10	43	0	0	18	23	8	9	7	32	0	0	55	0	0	0	0	0	0	0	14	36	38	33	27	0	8	181	0	11	0	0	1	0	0	8	2	21	0	4
0	8	2	85	0	56	0	14	0	0	38	3	0	0	10	0	12	5	18	73	6	21	0	0	0	0	3	17	0	1	1	1	0	0	2	3	265	0	0	1	3	72	25	126	215	0	1	11	0	0	0	0	0	80	0	3	0	54	25	15	0	0	15	0	3	0	0	1	13	15	36	38	29	6	2
0	0	118	0	0	44	0	0	0	0	1	14	0	0	0	12	0	11	0	0	0	2	0	0	0	0	8	1	0	3	0	0	0	0	0	0	0	0	0	9	0	0	0	1	0	0	0	0	0	0	0	0	8	3	0	0	0	0	6	0	0	0	44	0	0	0	0	0	0	0	0	0	0	24	0
0	33	37	3	0	9	0	2	0	0	13	0	0	0	2	5	11	0	0	12	2	465	75	0	6	0	398	8	0	80	1	2	0	168	76	141	1	0	0	432	327	26	0	3	1	12	3	4	0	0	1	0	374	353	0	99	12	10	45	6	0	0	1	0	1	0	0	143	102	2	12	49	18	16	4
0	0	0	26	0	1	0	0	0	13	20	1	0	0	5	18	0	0	0	0	0	0	0	28	0	0	26	0	0	0	0	38	0	13	0	1	26	0	0	0	0	11	1	1	21	0	0	19	20	0	150	1	0	5	0	0	0	14	24	0	0	6	86	0	0	0	0	1	3	0	10	55	32	17	1
0	6	84	1	0	2	0	0	0	1	98	1	0	0	2	73	0	12	0	0	9	10	5	0	2	8	9	0	0	65	0	31	0	12	0	12	1	0	0	0	3	0	0	48	2	0	0	0	0	0	0	0	13	1	0	1	20	100	145	90	0	0	4	0	0	0	0	0	0	0	7	0	0	1	1
0	0	0	3	0	1	0	0	0	0	15	0	0	0	0	6	0	2	0	9	0	12	0	0	1	0	0	0	0	47	0	43	0	114	9	20	0	0	0	59	158	0	0	6	0	0	0	0	11	0	0	0	20	65	0	125	35	65	9	7	0	0	2	0	1	0	0	1	2	4	25	5	3	0	6
0	5	4	21	0	8	0	0	0	6	9	0	0	0	25	21	2	465	0	10	12	0	15	0	0	0	331	0	0	85	0	27	0	178	53	60	1	0	0	494	307	17	11	1	1	6	18	2	0	0	0	0	150	189	0	43	3	21	24	2	0	0	3	0	1	0	0	1	61	0	7	100	11	5	1
0	241	3	0	0	0	0	0	0	0	0	0	0	0	0	0	0	75	0	5	0	15	0	0	133	80	25	0	0	122	0	87	0	3	1	10	1	0	0	7	1	0	0	9	0	1	0	0	0	0	0	1	19	32	0	253	1	0	41	0	0	0	0	0	0	0	0	43	24	0	0	0	0	0	12
0	0	1	0	0	2	0	0	0	0	1	0	0	0	0	0	0	0	28	0	0	0	0	0	4	2	2	0	0	0	0	13	0	0	0	0	0	0	0	0	0	0	0	0	0	0	0	0	0	0	0	0	0	0	0	2	2	0	0	0	0	0	0	0	0	0	0	0	0	0	0	0	0	0	0
0	5	0	0	0	0	0	0	0	0	0	0	0	0	0	0	0	6	0	2	1	0	133	4	0	403	10	0	0	10	0	49	0	2	0	8	0	0	0	4	2	4	0	0	0	0	0	0	0	0	0	0	0	0	0	82	199	2	5	0	0	0	0	0	0	0	0	0	50	0	0	0	0	0	0
0	5	1	0	0	0	0	0	0	0	0	0	0	0	0	0	0	0	0	8	0	0	80	2	403	0	4	0	0	4	0	30	0	0	0	2	0	0	0	0	0	0	0	0	0	0	0	0	0	0	0	0	0	0	0	94	146	0	2	0	0	0	0	0	0	0	0	0	19	0	0	0	0	0	0
0	1	2	6	1	1	0	6	0	0	17	0	0	0	0	3	8	398	26	9	0	331	25	2	10	4	0	0	0	46	0	8	0	183	23	61	2	0	0	412	354	15	2	17	11	7	14	1	6	0	0	0	203	179	0	45	21	11	54	10	0	0	18	0	0	0	0	91	91	0	12	158	23	12	12
0	0	6	219	25	3	0	0	0	0	0	0	0	0	3	17	1	8	0	0	0	0	0	0	0	0	0	0	0	0	624	0	0	0	0	0	61	0	0	0	8	115	5	4	4	0	0	23	0	0	0	0	0	0	0	22	0	17	16	2	0	0	7	0	11	0	0	0	0	0	2	0	27	2	1
0	0	0	0	0	0	0	0	0	0	0	0	0	0	0	0	0	0	0	0	0	0	0	0	0	0	0	0	0	0	0	0	0	0	0	0	0	0	0	0	0	0	0	0	0	0	0	0	0	0	0	0	0	0	0	0	0	0	0	0	0	0	0	0	0	0	0	0	0	0	0	0	0	0	0
0	26	22	5	0	1	0	2	0	6	0	0	0	0	8	1	3	80	0	65	47	85	122	0	10	4	46	0	0	0	1	15	0	76	20	271	0	0	0	97	238	10	4	188	4	1	11	0	0	0	0	0	181	298	0	25	31	20	357	247	0	0	0	0	0	0	0	199	105	18	0	21	19	0	3
0	0	0	151	20	0	0	322	0	1	1	0	0	0	1	1	0	1	0	0	0	0	0	0	0	0	0	624	0	1	0	0	0	0	0	0	394	0	0	0	0	419	0	0	9	0	0	1	34	0	0	0	0	0	0	2	0	9	4	0	0	0	0	0	0	0	0	0	0	0	1	0	6	2	0
0	10	1	13	14	4	0	0	0	0	140	0	0	0	2	1	0	2	38	31	43	27	87	13	49	30	8	0	0	15	0	0	0	5	48	13	4	0	0	11	9	0	4	1	135	0	0	24	29	0	0	265	2	66	0	45	2	92	62	4	0	0	23	0	1	0	0	89	5	1	15	7	13	5	70
0	0	0	0	0	0	0	0	0	0	0	0	0	0	0	0	0	0	0	0	0	0	0	0	0	0	0	0	0	0	0	0	0	0	0	0	0	0	0	0	0	0	0	0	0	0	0	0	0	0	0	0	0	0	0	0	0	0	0	0	0	0	0	0	0	0	0	0	0	0	0	0	0	0	0
0	0	68	1	0	4	0	0	0	3	2	0	0	0	2	0	0	168	13	12	114	178	3	0	2	0	183	0	0	76	0	5	0	0	7	39	9	0	0	141	80	9	0	9	1	7	0	0	0	0	0	0	65	103	0	7	1	8	20	10	0	0	32	0	0	0	0	5	5	4	7	1	11	2	4
0	3	267	0	2	96	0	0	0	0	0	4	0	0	6	2	0	76	0	0	9	53	1	0	0	0	23	0	0	20	0	48	0	7	0	8	0	0	0	42	10	0	0	4	0	7	0	0	0	0	0	0	60	46	0	18	1	3	158	0	0	0	1	0	0	0	0	0	0	0	0	0	0	88	0
0	40	35	10	0	0	0	2	0	5	0	1	0	0	10	3	0	141	1	12	20	60	10	0	8	2	61	0	0	271	0	13	0	39	8	0	0	0	0	54	55	2	0	69	2	4	11	0	0	0	0	0	65	96	0	8	34	7	315	102	0	0	22	0	0	0	0	25	6	1	7	10	7	8	0
0	0	2	60	1	5	0	71	0	17	32	1	0	0	43	265	0	1	26	1	0	1	1	0	0	0	2	61	0	0	394	4	0	9	0	0	0	0	0	0	0	71	3	0	89	0	0	1	1	0	0	0	0	0	0	0	0	10	21	8	0	1	47	0	0	0	0	1	0	0	2	1	12	15	0
0	0	0	0	0	0	0	0	0	0	0	0	0	0	0	0	0	0	0	0	0	0	0	0	0	0	0	0	0	0	0	0	0	0	0	0	0	0	0	0	0	0	0	0	0	0	0	0	0	0	0	0	0	0	0	0	0	0	0	0	0	0	0	0	0	0	0	0	0	0	0	0	0	0	0
0	0	0	0	0	0	0	0	0	0	0	0	0	0	0	0	0	0	0	0	0	0	0	0	0	0	0	0	0	0	0	0	0	0	0	0	0	0	0	0	0	0	0	0	0	0	0	0	0	0	0	0	0	0	0	0	0	0	0	0	0	0	0	0	0	0	0	0	0	0	0	0	0	0	0
0	11	18	6	0	7	0	0	0	3	0	0	0	0	18	1	9	432	0	0	59	494	7	0	4	0	412	0	0	97	0	11	0	141	42	54	0	0	0	0	154	22	0	2	0	6	0	0	0	0	0	1	195	264	0	45	6	7	34	8	0	0	1	0	1	0	0	1	29	1	3	23	6	0	1
0	20	649	6	0	109	0	0	0	7	0	1	0	0	23	3	0	327	0	3	158	307	1	0	2	0	354	8	0	238	0	9	0	80	10	55	0	0	0	154	0	2	0	56	1	5	2	0	0	0	0	0	69	194	0	25	8	5	44	52	0	0	2	0	0	0	0	0	0	2	3	2	10	2	2
0	0	2	102	0	3	0	0	0	0	57	5	0	0	8	72	0	26	11	0	0	17	0	0	4	0	15	115	0	10	419	0	0	9	0	2	71	0	0	22	2	0	0	0	7	2	0	0	0	0	0	0	18	15	0	0	1	3	29	0	0	0	22	0	0	0	0	0	0	0	0	0	0	18	0
0	0	13	35	0	118	0	0	0	0	52	49	0	0	9	25	0	0	1	0	0	11	0	0	0	0	2	5	0	4	0	4	0	0	0	0	3	0	0	0	0	0	0	4	2	0	0	0	0	0	0	0	0	0	0	0	0	12	103	21	0	0	92	0	0	0	0	1	0	0	0	1	0	47	0
0	2	424	11	0	9	0	0	0	2	6	2	0	0	7	126	1	3	1	48	6	1	9	0	0	0	17	4	0	188	0	1	0	9	4	69	0	0	0	2	56	0	4	0	0	0	0	21	0	0	0	0	1	2	0	4	4	55	385	281	0	0	5	0	0	0	0	51	3	0	8	2	16	2	0
0	0	0	118	0	2	0	10	0	2	181	21	0	0	32	215	0	1	21	2	0	1	0	0	0	0	11	4	0	4	9	135	0	1	0	2	89	0	0	0	1	7	2	0	0	0	0	0	2	0	0	1	0	8	0	11	0	57	163	0	0	0	98	0	0	0	0	0	0	0	3	0	3	21	2
0	0	0	0	0	0	0	0	0	0	0	0	0	0	0	0	0	12	0	0	0	6	1	0	0	0	7	0	0	1	0	0	0	7	7	4	0	0	0	6	5	2	0	0	0	0	0	0	0	0	0	0	7	13	0	6	0	0	0	0	0	0	0	0	0	0	0	0	4	2	0	0	0	0	0
0	7	27	0	0	5	0	0	0	0	0	0	0	0	0	1	0	3	0	0	0	18	0	0	0	0	14	0	0	11	0	0	0	0	0	11	0	0	0	0	2	0	0	0	0	0	0	0	0	0	0	0	0	0	0	0	3	0	7	0	0	0	0	0	0	0	0	0	0	0	0	0	0	32	0
0	0	15	52	0	2	0	0	0	1	1	5	0	0	55	11	0	4	19	0	0	2	0	0	0	0	1	23	0	0	1	24	0	0	0	0	1	0	0	0	0	0	0	21	0	0	0	0	0	0	0	0	0	0	0	0	0	1	11	132	0	0	4	0	0	0	0	0	0	0	0	0	0	21	0
0	0	0	75	0	2	0	0	0	0	101	3	0	0	0	0	0	0	20	0	11	0	0	0	0	0	6	0	0	0	34	29	0	0	0	0	1	0	0	0	0	0	0	0	2	0	0	0	0	0	0	0	0	0	0	0	1	43	9	0	0	0	14	0	0	0	0	0	1	0	0	0	0	13	0
0	0	0	0	0	0	0	0	0	0	0	0	0	0	0	0	0	0	0	0	0	0	0	0	0	0	0	0	0	0	0	0	0	0	0	0	0	0	0	0	0	0	0	0	0	0	0	0	0	0	0	0	0	0	0	0	0	0	0	0	0	0	0	0	0	0	0	0	0	0	0	0	0	0	0
0	0	0	0	0	0	0	0	0	2	0	0	0	0	0	0	0	1	150	0	0	0	0	0	0	0	0	0	0	0	0	0	0	0	0	0	0	0	0	0	0	0	0	0	0	0	0	0	0	0	0	0	0	0	0	0	0	0	0	0	0	0	0	0	0	0	0	0	0	0	0	0	0	0	0
0	5	0	0	21	0	0	0	0	0	4	0	0	0	0	0	0	0	1	0	0	0	1	0	0	0	0	0	0	0	0	265	0	0	0	0	0	0	0	1	0	0	0	0	1	0	0	0	0	0	0	0	0	5	0	0	0	0	7	2	0	0	0	0	0	0	0	0	0	0	0	0	0	0	1
0	14	0	2	0	0	0	0	0	3	0	0	0	0	0	0	8	374	0	13	20	150	19	0	0	0	203	0	0	181	0	2	0	65	60	65	0	0	0	195	69	18	0	1	0	7	0	0	0	0	0	0	0	355	0	49	1	10	18	0	0	0	1	0	0	0	0	91	23	0	2	0	7	0	2
0	2	0	3	0	0	0	0	0	0	58	0	0	0	0	80	3	353	5	1	65	189	32	0	0	0	179	0	0	298	0	66	0	103	46	96	0	0	0	264	194	15	0	2	8	13	0	0	0	0	0	5	355	0	0	129	4	63	85	10	0	0	0	0	1	0	0	86	85	10	18	4	10	1	7
0	0	0	0	0	0	0	0	0	0	0	0	0	0	0	0	0	0	0	0	0	0	0	0	0	0	0	0	0	0	0	0	0	0	0	0	0	0	0	0	0	0	0	0	0	0	0	0	0	0	0	0	0	0	0	0	0	0	0	0	0	0	0	0	0	0	0	0	0	0	0	0	0	0	0
0	264	30	1	1	10	0	0	0	0	0	1	0	0	14	3	0	99	0	1	125	43	253	2	82	94	45	22	0	25	2	45	0	7	18	8	0	0	0	45	25	0	0	4	11	6	0	0	0	0	0	0	49	129	0	0	228	6	34	9	0	0	33	0	1	0	0	41	41	0	1	1	10	14	0
0	34	9	2	0	0	0	0	0	0	2	0	0	0	36	0	0	12	0	20	35	3	1	2	199	146	21	0	0	31	0	2	0	1	1	34	0	0	0	6	8	1	0	4	0	0	3	0	1	0	0	0	1	4	0	228	0	73	36	12	0	0	0	0	0	0	0	1	2	0	26	0	2	1	2
0	0	60	264	1	7	0	1	0	15	197	5	0	0	38	54	0	10	14	100	65	21	0	0	2	0	11	17	0	20	9	92	0	8	3	7	10	0	0	7	5	3	12	55	57	0	0	1	43	0	0	0	10	63	0	6	73	0	60	74	0	0	61	0	1	0	0	8	0	1	77	2	12	35	17
0	27	96	45	0	42	0	2	0	21	10	7	0	0	33	25	6	45	24	145	9	24	41	0	5	2	54	16	0	357	4	62	0	20	158	315	21	0	0	34	44	29	103	385	163	0	7	11	9	0	0	7	18	85	0	34	36	60	0	400	0	0	117	0	3	0	0	342	11	41	9	7	102	61	191
0	4	83	54	0	4	0	0	0	2	3	1	0	0	27	15	0	6	0	90	7	2	0	0	0	0	10	2	0	247	0	4	0	10	0	102	8	0	0	8	52	0	21	281	0	0	0	132	0	0	0	2	0	10	0	9	12	74	400	0	0	0	3	0	104	0	0	268	0	4	87	10	46	17	0
0	0	0	0	0	0	0	0	0	0	0	0	0	0	0	0	0	0	0	0	0	0	0	0	0	0	0	0	0	0	0	0	0	0	0	0	0	0	0	0	0	0	0	0	0	0	0	0	0	0	0	0	0	0	0	0	0	0	0	0	0	0	0	0	0	0	0	0	0	0	0	0	0	0	0
0	0	0	2	0	0	0	0	0	8	0	0	0	0	8	0	0	0	6	0	0	0	0	0	0	0	0	0	0	0	0	0	0	0	0	0	1	0	0	0	0	0	0	0	0	0	0	0	0	0	0	0	0	0	0	0	0	0	0	0	0	0	8	0	0	0	0	0	0	0	0	0	0	0	0
0	0	2	70	5	345	0	2	0	39	46	149	0	0	181	15	44	1	86	4	2	3	0	0	0	0	18	7	0	0	0	23	0	32	1	22	47	0	0	1	2	22	92	5	98	0	0	4	14	0	0	0	1	0	0	33	0	61	117	3	0	8	0	0	4	0	0	0	0	0	11	40	66	171	30
0	0	0	0	0	0	0	0	0	0	0	0	0	0	0	0	0	0	0	0	0	0	0	0	0	0	0	0	0	0	0	0	0	0	0	0	0	0	0	0	0	0	0	0	0	0	0	0	0	0	0	0	0	0	0	0	0	0	0	0	0	0	0	0	0	0	0	0	0	0	0	0	0	0	0
0	0	46	34	0	110	0	0	0	7	0	19	0	0	11	3	0	1	0	0	1	1	0	0	0	0	0	11	0	0	0	1	0	0	0	0	0	0	0	1	0	0	0	0	0	0	0	0	0	0	0	0	0	1	0	1	0	1	3	104	0	0	4	0	0	0	0	0	0	0	0	0	0	57	0
0	0	0	0	0	0	0	0	0	0	0	0	0	0	0	0	0	0	0	0	0	0	0	0	0	0	0	0	0	0	0	0	0	0	0	0	0	0	0	0	0	0	0	0	0	0	0	0	0	0	0	0	0	0	0	0	0	0	0	0	0	0	0	0	0	0	0	0	0	0	0	0	0	0	0
0	0	0	0	0	0	0	0	0	0	0	0	0	0	0	0	0	0	0	0	0	0	0	0	0	0	0	0	0	0	0	0	0	0	0	0	0	0	0	0	0	0	0	0	0	0	0	0	0	0	0	0	0	0	0	0	0	0	0	0	0	0	0	0	0	0	0	0	0	0	0	0	0	0	0
0	156	2	1	0	0	0	0	0	0	0	0	0	0	1	1	0	143	1	0	1	1	43	0	0	0	91	0	0	199	0	89	0	5	0	25	1	0	0	1	0	0	1	51	0	0	0	0	0	0	0	0	91	86	0	41	1	8	342	268	0	0	0	0	0	0	0	0	0	0	1	0	0	1	0
0	0	8	0	0	0	0	0	0	0	4	0	0	0	0	13	0	102	3	0	2	61	24	0	50	19	91	0	0	105	0	5	0	5	0	6	0	0	0	29	0	0	0	3	0	4	0	0	1	0	0	0	23	85	0	41	2	0	11	0	0	0	0	0	0	0	0	0	0	0	1	1	1	0	0
0	0	35	0	0	1	0	0	0	0	0	0	0	0	0	15	0	2	0	0	4	0	0	0	0	0	0	0	0	18	0	1	0	4	0	1	0	0	0	1	2	0	0	0	0	2	0	0	0	0	0	0	0	10	0	0	0	1	41	4	0	0	0	0	0	0	0	0	0	0	0	0	0	3	0
0	0	17	121	0	1	0	0	0	7	71	17	0	0	8	36	0	12	10	7	25	7	0	0	0	0	12	2	0	0	1	15	0	7	0	7	2	0	0	3	3	0	0	8	3	0	0	0	0	0	0	0	2	18	0	1	26	77	9	87	0	0	11	0	0	0	0	1	1	0	0	3	2	1	0
0	0	25	1	1	11	0	0	0	6	17	2	0	0	2	38	0	49	55	0	5	100	0	0	0	0	158	0	0	21	0	7	0	1	0	10	1	0	0	23	2	0	1	2	0	0	0	0	0	0	0	0	0	4	0	1	0	2	7	10	0	0	40	0	0	0	0	0	1	0	3	0	0	10	0
0	0	299	27	0	94	0	0	0	8	18	20	0	0	21	29	0	18	32	0	3	11	0	0	0	0	23	27	0	19	6	13	0	11	0	7	12	0	0	6	10	0	0	16	3	0	0	0	0	0	0	0	7	10	0	10	2	12	102	46	0	0	66	0	0	0	0	0	1	0	2	0	0	122	0
0	4	427	7	0	401	0	7	0	4	3	77	0	0	0	6	24	16	17	1	0	5	0	0	0	0	12	2	0	0	2	5	0	2	88	8	15	0	0	0	2	18	47	2	21	0	32	21	13	0	0	0	0	1	0	14	1	35	61	17	0	0	171	0	57	0	0	1	0	3	1	10	122	0	0
0	7	2	1	0	0	0	0	0	0	0	0	0	0	4	2	0	4	1	1	6	1	12	0	0	0	12	1	0	3	0	70	0	4	0	0	0	0	0	1	2	0	0	0	2	0	0	0	0	0	0	1	2	7	0	0	2	17	191	0	0	0	30	0	0	0	0	0	0	0	0	0	0	0	0
