0	0	0	0	0	0	0	0	0	0	0	0	0	0	0	0	0	0	0	0	0	0	0	0	0	0	0	0	0	0	0	0	0	0	0	0	0	0	0	0	0	0	0	0	0	0	0	0	0	0	0	0	0	0	0	0	0	0	0	0	0	0	0	0	0	0	0	0	0	0	0	0	0	0	0
0	0	0	0	0	0	0	0	0	0	0	0	0	0	0	0	0	28	0	20	1	1	226	0	235	104	4	0	0	0	0	9	0	1	0	123	0	0	0	1	0	1	0	0	0	16	0	0	0	0	0	0	40	0	0	143	28	0	14	0	0	0	1	0	0	0	0	25	150	0	1	2	0	0	0
0	0	0	18	0	232	0	7	122	4	5	11	0	729	28	10	152	5	28	74	11	1	0	23	0	1	5	1	0	0	0	2	0	25	366	8	26	0	0	5	332	8	4	0	4	5	345	9	0	0	1	0	1	1	0	12	0	110	48	21	297	0	56	0	18	0	2	3	3	16	48	184	21	336	2
0	0	18	0	0	0	0	0	5	4	227	12	0	6	102	125	0	5	8	0	14	7	0	0	0	0	0	194	0	0	0	0	0	6	0	0	0	0	0	0	0	77	2	0	0	14	0	0	144	0	0	0	0	0	0	0	0	118	8	60	18	0	54	0	2	0	0	0	0	9	3	0	12	3	0
0	0	0	0	0	0	0	0	0	0	3	0	0	0	0	1	0	0	0	0	0	0	0	0	0	0	0	0	0	0	0	0	0	0	0	12	0	0	0	0	0	0	0	0	0	0	0	0	0	0	0	0	0	0	0	0	0	0	0	0	0	0	0	0	0	0	0	0	0	0	0	0	0	1	0
0	0	232	0	0	0	0	0	0	0	1	268	0	26	13	1	0	1	5	0	0	0	0	0	0	0	0	4	0	0	0	0	0	0	0	0	0	0	0	0	0	0	31	0	0	1	0	0	21	0	0	0	0	0	0	2	0	0	1	0	0	0	203	0	60	0	0	0	0	0	0	0	6	110	0
0	0	0	0	0	0	0	0	0	0	1	0	0	0	0	0	0	118	0	0	0	95	0	0	12	0	109	0	0	0	0	4	0	9	0	1	0	0	0	0	0	0	0	0	0	117	0	0	0	0	0	0	24	0	0	0	0	0	1	0	0	0	0	0	0	0	0	0	0	0	0	0	0	0	0
0	0	7	0	0	0	0	0	0	6	0	0	0	0	0	3	0	1	8	0	0	0	6	0	0	0	4	0	0	0	0	0	0	1	0	0	0	0	0	0	0	182	0	0	2	10	0	0	0	0	0	0	34	0	0	0	0	2	0	0	3	0	1	0	0	0	0	0	0	0	0	0	5	0	0
0	0	122	5	0	0	0	0	0	17	0	0	0	686	0	0	0	338	0	64	251	544	0	1	0	1	31	0	0	0	0	0	0	307	6	22	0	0	0	157	350	0	0	0	0	23	2	0	0	0	0	0	6	0	0	1	180	13	16	153	687	0	1	0	1	0	0	0	1	0	32	564	11	0	0
0	0	4	4	0	0	0	6	17	0	1	0	0	0	5	0	0	3	13	3	46	4	0	0	0	0	1	0	0	0	0	0	0	9	3	18	1	0	0	0	0	0	6	0	1	11	0	5	1	0	2	0	0	1	0	0	9	13	0	23	16	0	0	0	3	0	0	5	2	0	21	14	9	0	11
0	0	5	227	3	1	1	0	0	1	0	77	0	11	15	445	5	0	14	189	28	0	0	0	0	0	17	56	0	0	0	211	0	10	0	2	286	0	0	0	0	226	93	0	343	4	1	4	428	0	1	0	3	304	0	13	2	389	2	3	0	0	84	0	1	0	121	0	24	7	360	2	10	22	0
0	0	11	12	0	268	0	0	0	0	77	0	0	3	142	73	40	0	41	0	0	0	0	28	0	2	0	0	0	0	0	0	0	26	60	0	54	0	0	0	0	0	284	0	34	0	62	110	0	0	2	0	0	0	0	0	0	21	0	14	0	0	347	0	83	0	2	0	0	0	2	0	78	255	2
0	0	0	0	0	0	0	0	0	0	0	0	0	0	0	0	0	0	0	0	0	0	0	0	0	0	0	0	0	0	0	0	0	0	0	0	0	0	0	0	0	0	0	0	0	0	0	0	0	0	0	0	0	0	0	0	0	0	0	0	0	0	0	0	0	0	0	0	0	0	0	0	0	0	0
0	0	729	6	0	26	0	0	686	0	11	3	0	0	5	1	46	200	3	63	22	103	1	2	0	8	10	0	0	0	0	0	0	183	341	14	2	0	0	170	305	15	3	0	9	6	256	0	1	0	0	0	13	0	0	18	20	58	13	54	342	0	20	0	3	0	3	0	3	0	42	248	31	25	7
0	0	28	102	0	13	0	0	0	5	15	142	0	5	0	142	5	0	24	0	7	1	0	1	0	0	1	5	0	0	0	0	0	11	0	1	3	0	0	16	1	0	35	0	0	12	11	44	0	0	2	0	4	0	0	0	23	25	39	27	1	0	612	0	23	0	8	1	0	2	27	8	65	23	0
0	0	10	125	1	1	0	3	0	0	445	73	0	1	142	0	20	0	78	63	3	0	0	0	0	0	35	29	0	0	0	6	0	4	0	1	242	0	0	0	1	64	267	0	195	3	0	64	345	0	14	0	0	18	0	18	0	140	11	40	2	0	193	0	5	0	34	1	49	94	169	2	19	11	1
0	0	152	0	0	0	0	0	0	0	5	40	0	46	5	20	0	1	1	0	0	0	1	0	0	0	0	0	0	0	0	0	0	0	0	1	0	0	0	0	0	1	2	0	0	0	0	0	12	0	0	0	0	0	0	1	0	0	1	0	0	0	109	0	33	0	0	0	0	11	1	0	7	72	0
0	28	5	5	0	1	118	1	338	3	0	0	0	200	0	0	1	0	1	18	48	686	52	0	35	27	343	0	0	0	0	3	0	245	89	118	0	0	0	248	193	0	0	0	0	355	19	0	0	0	0	0	620	94	0	136	19	8	17	4	10	0	0	0	0	0	0	39	63	0	14	131	7	1	15
0	0	28	8	0	5	0	8	0	13	14	41	0	3	24	78	1	1	0	1	1	2	0	8	0	0	0	0	0	0	0	0	0	6	2	3	41	0	0	1	0	10	32	0	25	60	0	2	29	0	226	0	1	13	0	0	0	59	13	0	0	0	45	0	7	0	1	2	1	47	23	0	61	12	7
0	20	74	0	0	0	0	0	64	3	189	0	0	63	0	63	0	18	1	0	165	27	47	0	16	1	6	16	0	0	0	39	0	10	0	96	0	0	0	2	2	0	21	0	32	63	0	0	102	0	0	0	49	40	0	11	8	197	172	128	218	0	1	0	0	0	0	3	28	0	12	4	1	0	26
0	1	11	14	0	0	0	0	251	46	28	0	0	22	7	3	0	48	1	165	0	143	8	0	129	21	73	0	0	0	0	114	0	154	3	60	0	0	0	82	147	1	4	0	9	32	2	2	22	0	0	0	14	144	0	185	173	201	9	113	98	0	11	0	8	0	2	16	105	0	199	305	7	1	8
0	1	1	7	0	0	95	0	544	4	0	0	0	103	1	0	0	686	2	27	143	0	12	0	19	21	385	0	0	0	0	1	0	293	176	67	0	0	0	248	293	8	1	0	0	304	90	0	0	0	0	0	338	39	0	81	41	3	13	0	23	0	0	0	0	0	1	3	53	0	4	381	4	0	7
0	226	0	0	0	0	0	6	0	0	0	0	0	1	0	0	1	52	0	47	8	12	0	0	720	189	14	0	0	0	0	184	0	2	43	14	0	0	0	0	0	0	0	0	0	206	0	0	1	0	0	0	98	3	0	222	83	0	121	0	180	0	0	0	0	0	0	116	115	0	2	78	0	1	51
0	0	23	0	0	0	0	0	1	0	0	28	0	2	1	0	0	0	8	0	0	0	0	0	40	23	1	0	0	0	0	1	0	6	0	1	0	0	0	0	0	3	10	0	0	6	0	0	0	0	0	0	0	0	0	6	1	3	8	6	89	0	15	0	0	0	0	0	0	0	0	0	0	0	0
0	235	0	0	0	0	12	0	0	0	0	0	0	0	0	0	0	35	0	16	129	19	720	40	0	793	4	0	0	0	0	47	0	4	22	148	2	0	0	2	0	0	0	0	0	266	0	0	0	0	0	0	0	290	0	622	552	94	9	0	2	0	0	0	0	0	2	2	794	0	48	38	0	0	2
0	104	1	0	0	0	0	0	1	0	0	2	0	8	0	0	0	27	0	1	21	21	189	23	793	0	25	0	0	0	0	14	0	3	0	27	0	0	0	0	3	0	0	0	0	141	0	0	0	0	0	0	27	48	0	221	167	30	10	2	3	0	0	0	0	0	0	0	142	0	0	2	0	0	0
0	4	5	0	0	0	109	4	31	1	17	0	0	10	1	35	0	343	0	6	73	385	14	1	4	25	0	0	0	0	0	2	0	180	22	19	2	0	0	185	189	0	1	0	0	174	26	0	0	0	0	0	209	54	0	138	19	9	34	1	49	0	2	0	0	0	2	112	75	0	31	231	6	0	0
0	0	1	194	0	4	0	0	0	0	56	0	0	0	5	29	0	0	0	16	0	0	0	0	0	0	0	0	0	0	0	0	0	0	0	0	193	0	0	1	0	197	0	0	0	0	0	3	94	0	0	0	0	0	0	0	0	0	0	8	0	0	5	0	0	0	153	0	0	0	1	0	4	2	0
0	0	0	0	0	0	0	0	0	0	0	0	0	0	0	0	0	0	0	0	0	0	0	0	0	0	0	0	0	0	0	0	0	0	0	0	0	0	0	0	0	0	0	0	0	0	0	0	0	0	0	0	0	0	0	0	0	0	0	0	0	0	0	0	0	0	0	0	0	0	0	0	0	0	0
0	0	0	0	0	0	0	0	0	0	0	0	0	0	0	0	0	0	0	0	0	0	0	0	0	0	0	0	0	0	0	0	0	0	0	0	0	0	0	0	0	0	0	0	0	0	0	0	0	0	0	0	0	0	0	0	0	0	0	0	0	0	0	0	0	0	0	0	0	0	0	0	0	0	0
0	0	0	0	0	0	0	0	0	0	0	0	0	0	0	0	0	0	0	0	0	0	0	0	0	0	0	0	0	0	0	0	0	0	0	0	0	0	0	0	0	0	0	0	0	0	0	0	0	0	0	0	0	0	0	0	0	0	0	0	0	0	0	0	0	0	0	0	0	0	0	0	0	0	0
0	9	2	0	0	0	4	0	0	0	211	0	0	0	0	6	0	3	0	39	114	1	184	1	47	14	2	0	0	0	0	0	0	0	35	1	0	0	0	1	0	0	0	0	116	1	0	94	27	0	0	1	16	355	0	222	27	274	72	0	0	0	0	0	0	0	0	192	28	0	240	1	4	3	159
0	0	0	0	0	0	0	0	0	0	0	0	0	0	0	0	0	0	0	0	0	0	0	0	0	0	0	0	0	0	0	0	0	0	0	0	0	0	0	0	0	0	0	0	0	0	0	0	0	0	0	0	0	0	0	0	0	0	0	0	0	0	0	0	0	0	0	0	0	0	0	0	0	0	0
0	1	25	6	0	0	9	1	307	9	10	26	0	183	11	4	0	245	6	10	154	293	2	6	4	3	180	0	0	0	0	0	0	0	2	40	0	0	0	13	12	22	4	0	9	103	2	0	0	0	0	0	73	1	0	3	31	29	18	19	37	0	48	0	0	0	0	1	2	4	6	91	14	5	8
0	0	366	0	0	0	0	0	6	3	0	60	0	341	0	0	0	89	2	0	3	176	43	0	22	0	22	0	0	0	0	35	0	2	0	24	0	0	0	0	0	0	0	0	0	78	0	0	0	0	0	0	92	0	0	2	0	2	301	56	191	0	26	0	0	0	0	0	0	0	1	0	2	138	0
0	123	8	0	12	0	1	0	22	18	2	0	0	14	1	1	1	118	3	96	60	67	14	1	148	27	19	0	0	0	0	1	0	40	24	0	2	0	0	48	61	0	3	0	8	142	0	3	0	0	0	0	287	1	0	11	70	8	311	302	383	0	38	0	3	0	0	128	133	0	0	139	8	0	0
0	0	26	0	0	0	0	0	0	1	286	54	0	2	3	242	0	0	41	0	0	0	0	0	2	0	2	193	0	0	0	0	0	0	0	2	0	0	0	0	0	253	38	0	4	6	0	0	343	0	0	0	0	0	0	0	0	9	2	0	1	0	4	0	1	0	0	0	0	5	1	0	25	52	0
0	0	0	0	0	0	0	0	0	0	0	0	0	0	0	0	0	0	0	0	0	0	0	0	0	0	0	0	0	0	0	0	0	0	0	0	0	0	0	0	0	0	0	0	0	0	0	0	0	0	0	0	0	0	0	0	0	0	0	0	0	0	0	0	0	0	0	0	0	0	0	0	0	0	0
0	0	0	0	0	0	0	0	0	0	0	0	0	0	0	0	0	0	0	0	0	0	0	0	0	0	0	0	0	0	0	0	0	0	0	0	0	0	0	0	0	0	0	0	0	0	0	0	0	0	0	0	0	0	0	0	0	0	0	0	0	0	0	0	0	0	0	0	0	0	0	0	0	0	0
0	1	5	0	0	0	0	0	157	0	0	0	0	170	16	0	0	248	1	2	82	248	0	0	2	0	185	1	0	0	0	1	0	13	0	48	0	0	0	0	0	0	0	0	0	52	0	0	0	0	0	0	214	0	0	1	1	0	3	4	17	0	0	0	0	0	0	0	0	0	0	0	0	0	0
0	0	332	0	0	0	0	0	350	0	0	0	0	305	1	1	0	193	0	2	147	293	0	0	0	3	189	0	0	0	0	0	0	12	0	61	0	0	0	0	0	0	0	0	0	29	0	0	0	0	0	0	93	0	0	2	3	3	13	0	181	0	0	0	1	0	0	0	0	0	0	0	7	3	0
0	1	8	77	0	0	0	182	0	0	226	0	0	15	0	64	1	0	10	0	1	8	0	3	0	0	0	197	0	0	0	0	0	22	0	0	253	0	0	0	0	0	0	0	239	2	1	9	390	0	1	0	1	3	0	2	0	7	0	0	1	0	18	0	0	0	168	0	0	0	0	0	9	5	16
0	0	4	2	0	31	0	0	0	6	93	284	0	3	35	267	2	0	32	21	4	1	0	10	0	0	1	0	0	0	0	0	0	4	0	3	38	0	0	0	0	0	0	0	236	8	0	163	16	0	2	0	0	0	0	0	0	7	224	309	3	0	37	0	24	0	0	30	0	3	2	1	5	73	0
0	0	0	0	0	0	0	0	0	0	0	0	0	0	0	0	0	0	0	0	0	0	0	0	0	0	0	0	0	0	0	0	0	0	0	0	0	0	0	0	0	0	0	0	0	0	0	0	0	0	0	0	0	0	0	0	0	0	0	0	0	0	0	0	0	0	0	0	0	0	0	0	0	0	0
0	0	4	0	0	0	0	2	0	1	343	34	0	9	0	195	0	0	25	32	9	0	0	0	0	0	0	0	0	0	0	116	0	9	0	8	4	0	0	0	0	239	236	0	0	14	0	0	371	0	0	0	0	0	0	0	0	45	124	4	1	0	48	0	0	0	2	0	0	2	0	6	8	16	0
0	16	5	14	0	1	117	10	23	11	4	0	0	6	12	3	0	355	60	63	32	304	206	6	266	141	174	0	0	0	0	1	0	103	78	142	6	0	0	52	29	2	8	0	14	0	13	13	0	0	4	0	349	210	0	208	80	137	24	3	14	0	0	0	25	0	0	116	26	0	21	27	21	3	15
0	0	345	0	0	0	0	0	2	0	1	62	0	256	11	0	0	19	0	0	2	90	0	0	0	0	26	0	0	0	0	0	0	2	0	0	0	0	0	0	0	1	0	0	0	13	0	0	7	0	0	0	47	0	0	0	0	0	162	0	114	0	10	0	0	0	0	0	0	2	0	0	1	140	0
0	0	9	0	0	0	0	0	0	5	4	110	0	0	44	64	0	0	2	0	2	0	0	0	0	0	0	3	0	0	0	94	0	0	0	3	0	0	0	0	0	9	163	0	0	13	0	0	0	0	0	0	0	0	0	0	0	0	0	166	2	0	8	0	15	0	0	0	0	0	0	0	9	19	0
0	0	0	144	0	21	0	0	0	1	428	0	0	1	0	345	12	0	29	102	22	0	1	0	0	0	0	94	0	0	0	27	0	0	0	0	343	0	0	0	0	390	16	0	371	0	7	0	0	0	2	0	0	233	0	9	0	268	1	0	0	0	5	0	0	0	162	0	0	0	302	1	1	2	0
0	0	0	0	0	0	0	0	0	0	0	0	0	0	0	0	0	0	0	0	0	0	0	0	0	0	0	0	0	0	0	0	0	0	0	0	0	0	0	0	0	0	0	0	0	0	0	0	0	0	0	0	0	0	0	0	0	0	0	0	0	0	0	0	0	0	0	0	0	0	0	0	0	0	0
0	0	1	0	0	0	0	0	0	2	1	2	0	0	2	14	0	0	226	0	0	0	0	0	0	0	0	0	0	0	0	0	0	0	0	0	0	0	0	0	0	1	2	0	0	4	0	0	2	0	0	0	0	0	0	0	0	1	11	0	0	0	6	0	2	0	0	0	0	0	0	0	0	0	0
0	0	0	0	0	0	0	0	0	0	0	0	0	0	0	0	0	0	0	0	0	0	0	0	0	0	0	0	0	0	0	1	0	0	0	0	0	0	0	0	0	0	0	0	0	0	0	0	0	0	0	0	0	0	0	0	0	0	0	0	0	0	0	0	0	0	0	0	0	0	0	0	0	0	0
0	40	1	0	0	0	24	34	6	0	3	0	0	13	4	0	0	620	1	49	14	338	98	0	0	27	209	0	0	0	0	16	0	73	92	287	0	0	0	214	93	1	0	0	0	349	47	0	0	0	0	0	0	47	0	152	102	24	155	2	46	0	3	0	0	0	0	195	45	0	21	49	8	1	5
0	0	1	0	0	0	0	0	0	1	304	0	0	0	0	18	0	94	13	40	144	39	3	0	290	48	54	0	0	0	0	355	0	1	0	1	0	0	0	0	0	3	0	0	0	210	0	0	233	0	0	0	47	0	0	82	0	196	12	0	1	0	0	0	0	0	0	0	0	0	3	0	1	2	0
0	0	0	0	0	0	0	0	0	0	0	0	0	0	0	0	0	0	0	0	0	0	0	0	0	0	0	0	0	0	0	0	0	0	0	0	0	0	0	0	0	0	0	0	0	0	0	0	0	0	0	0	0	0	0	0	0	0	0	0	0	0	0	0	0	0	0	0	0	0	0	0	0	0	0
0	143	12	0	0	2	0	0	1	0	13	0	0	18	0	18	1	136	0	11	185	81	222	6	622	221	138	0	0	0	0	222	0	3	2	11	0	0	0	1	2	2	0	0	0	208	0	0	9	0	0	0	152	82	0	0	86	1	38	14	43	0	1	0	0	0	0	6	162	0	0	1	0	1	0
0	28	0	0	0	0	0	0	180	9	2	0	0	20	23	0	0	19	0	8	173	41	83	1	552	167	19	0	0	0	0	27	0	31	0	70	0	0	0	1	3	0	0	0	0	80	0	0	0	0	0	0	102	0	0	86	0	155	55	188	166	0	0	0	0	0	0	0	4	0	14	7	1	1	0
0	0	110	118	0	0	0	2	13	13	389	21	0	58	25	140	0	8	59	197	201	3	0	3	94	30	9	0	0	0	0	274	0	29	2	8	9	0	0	0	3	7	7	0	45	137	0	0	268	0	1	0	24	196	0	1	155	0	110	71	108	0	41	0	1	0	38	10	2	5	236	6	27	15	44
0	14	48	8	0	1	1	0	16	0	2	0	0	13	39	11	1	17	13	172	9	13	121	8	9	10	34	0	0	0	0	72	0	18	301	311	2	0	0	3	13	0	224	0	124	24	162	0	1	0	11	0	155	12	0	38	55	110	0	228	331	0	96	0	1	0	0	290	56	14	38	84	21	0	60
0	0	21	60	0	0	0	0	153	23	3	14	0	54	27	40	0	4	0	128	113	0	0	6	0	2	1	8	0	0	0	0	0	19	56	302	0	0	0	4	0	0	309	0	4	3	0	166	0	0	0	0	2	0	0	14	188	71	228	0	941	0	11	0	0	0	0	592	4	8	438	334	0	0	2
0	0	297	18	0	0	0	3	687	16	0	0	0	342	1	2	0	10	0	218	98	23	180	89	2	3	49	0	0	0	0	0	0	37	191	383	1	0	0	17	181	1	3	0	1	14	114	2	0	0	0	0	46	1	0	43	166	108	331	941	0	0	0	0	3	0	0	178	139	0	151	295	36	0	0
0	0	0	0	0	0	0	0	0	0	0	0	0	0	0	0	0	0	0	0	0	0	0	0	0	0	0	0	0	0	0	0	0	0	0	0	0	0	0	0	0	0	0	0	0	0	0	0	0	0	0	0	0	0	0	0	0	0	0	0	0	0	0	0	0	0	0	0	0	0	0	0	0	0	0
0	1	56	54	0	203	0	1	1	0	84	347	0	20	612	193	109	0	45	1	11	0	0	15	0	0	2	5	0	0	0	0	0	48	26	38	4	0	0	0	0	18	37	0	48	0	10	8	5	0	6	0	3	0	0	1	0	41	96	11	0	0	0	0	6	0	1	0	0	42	39	3	150	77	16
0	0	0	0	0	0	0	0	0	0	0	0	0	0	0	0	0	0	0	0	0	0	0	0	0	0	0	0	0	0	0	0	0	0	0	0	0	0	0	0	0	0	0	0	0	0	0	0	0	0	0	0	0	0	0	0	0	0	0	0	0	0	0	0	0	0	0	0	0	0	0	0	0	0	0
0	0	18	2	0	60	0	0	1	3	1	83	0	3	23	5	33	0	7	0	8	0	0	0	0	0	0	0	0	0	0	0	0	0	0	3	1	0	0	0	1	0	24	0	0	25	0	15	0	0	2	0	0	0	0	0	0	1	1	0	3	0	6	0	0	0	0	0	1	2	0	3	17	91	1
0	0	0	0	0	0	0	0	0	0	0	0	0	0	0	0	0	0	0	0	0	0	0	0	0	0	0	0	0	0	0	0	0	0	0	0	0	0	0	0	0	0	0	0	0	0	0	0	0	0	0	0	0	0	0	0	0	0	0	0	0	0	0	0	0	0	0	0	0	0	0	0	0	0	0
0	0	2	0	0	0	0	0	0	0	121	2	0	3	8	34	0	0	1	0	2	1	0	0	2	0	2	153	0	0	0	0	0	0	0	0	0	0	0	0	0	168	0	0	2	0	0	0	162	0	0	0	0	0	0	0	0	38	0	0	0	0	1	0	0	0	0	0	0	0	0	0	2	1	0
0	25	3	0	0	0	0	0	0	5	0	0	0	0	1	1	0	39	2	3	16	3	116	0	2	0	112	0	0	0	0	192	0	1	0	128	0	0	0	0	0	0	30	0	0	116	0	0	0	0	0	0	195	0	0	6	0	10	290	592	178	0	0	0	0	0	0	0	0	0	2	2	3	2	0
0	150	3	0	0	0	0	0	1	2	24	0	0	3	0	49	0	63	1	28	105	53	115	0	794	142	75	0	0	0	0	28	0	2	0	133	0	0	0	0	0	0	0	0	0	26	0	0	0	0	0	0	45	0	0	162	4	2	56	4	139	0	0	0	1	0	0	0	0	0	0	0	0	0	0
0	0	16	9	0	0	0	0	0	0	7	0	0	0	2	94	11	0	47	0	0	0	0	0	0	0	0	0	0	0	0	0	0	4	0	0	5	0	0	0	0	0	3	0	2	0	2	0	0	0	0	0	0	0	0	0	0	5	14	8	0	0	42	0	2	0	0	0	0	0	3	0	2	29	0
0	1	48	3	0	0	0	0	32	21	360	2	0	42	27	169	1	14	23	12	199	4	2	0	48	0	31	1	0	0	0	240	0	6	1	0	1	0	0	0	0	0	2	0	0	21	0	0	302	0	0	0	21	3	0	0	14	236	38	438	151	0	39	0	0	0	0	2	0	3	0	4	17	2	0
0	2	184	0	0	0	0	0	564	14	2	0	0	248	8	2	0	131	0	4	305	381	78	0	38	2	231	0	0	0	0	1	0	91	0	139	0	0	0	0	0	0	1	0	6	27	0	0	1	0	0	0	49	0	0	1	7	6	84	334	295	0	3	0	3	0	0	2	0	0	4	0	3	1	0
0	0	21	12	0	6	0	5	11	9	10	78	0	31	65	19	7	7	61	1	7	4	0	0	0	0	6	4	0	0	0	4	0	14	2	8	25	0	0	0	7	9	5	0	8	21	1	9	1	0	0	0	8	1	0	0	1	27	21	0	36	0	150	0	17	0	2	3	0	2	17	3	0	16	2
0	0	336	3	1	110	0	0	0	0	22	255	0	25	23	11	72	1	12	0	1	0	1	0	0	0	0	2	0	0	0	3	0	5	138	0	52	0	0	0	3	5	73	0	16	3	140	19	2	0	0	0	1	2	0	1	1	15	0	0	0	0	77	0	91	0	1	2	0	29	2	1	16	0	1
0	0	2	0	0	0	0	0	0	11	0	2	0	7	0	1	0	15	7	26	8	7	51	0	2	0	0	0	0	0	0	159	0	8	0	0	0	0	0	0	0	16	0	0	0	15	0	0	0	0	0	0	5	0	0	0	0	44	60	2	0	0	16	0	1	0	0	0	0	0	0	0	2	1	0
